
*** Dimensões da tabela de notas: (176, 8)

*** Tabela geral de notas:
[[ 3.          3.5         9.         ...,  3.5         5.          4.5       ]
 [ 8.          7.5         7.         ...,  8.          2.5         2.5       ]
 [ 1.5         2.5         9.         ...,  2.5         7.5         7.5       ]
 ..., 
 [ 1.9318146   2.88669753  8.75579655 ...,  4.10779266  7.68603593
   6.57193845]
 [ 2.65099852  3.19769225  7.57434054 ...,  3.22316376  5.15040661
   2.69478588]
 [ 5.26516423  6.79804572  3.70006675 ...,  8.93960172  4.92377589
   6.63680416]]

*** Matriz de covariância:
[[ 1.    0.4  -0.25 -0.01  0.12  0.55 -0.39 -0.53]
 [ 0.4   1.   -0.56  0.11 -0.01  0.66 -0.53 -0.25]
 [-0.25 -0.56  1.   -0.29  0.43 -0.28  0.25 -0.01]
 [-0.01  0.11 -0.29  1.   -0.16 -0.1   0.33  0.35]
 [ 0.12 -0.01  0.43 -0.16  1.    0.23 -0.07 -0.1 ]
 [ 0.55  0.66 -0.28 -0.1   0.23  1.   -0.56 -0.47]
 [-0.39 -0.53  0.25  0.33 -0.07 -0.56  1.    0.6 ]
 [-0.53 -0.25 -0.01  0.35 -0.1  -0.47  0.6   1.  ]]

*** Pearson (igual matriz covar.):

['1.0', '0.4', '-0.25', '-0.01', '0.12', '0.55', '-0.39', '-0.53']
['0.4', '1.0', '-0.56', '0.11', '-0.01', '0.66', '-0.53', '-0.25']
['-0.25', '-0.56', '1.0', '-0.29', '0.43', '-0.28', '0.25', '-0.01']
['-0.01', '0.11', '-0.29', '1.0', '-0.16', '-0.1', '0.33', '0.35']
['0.12', '-0.01', '0.43', '-0.16', '1.0', '0.23', '-0.07', '-0.1']
['0.55', '0.66', '-0.28', '-0.1', '0.23', '1.0', '-0.56', '-0.47']
['-0.39', '-0.53', '0.25', '0.33', '-0.07', '-0.56', '1.0', '0.6']
['-0.53', '-0.25', '-0.01', '0.35', '-0.1', '-0.47', '0.6', '1.0']

*** Autovalores (var. %):
[40.0, 23.0, 13.0, 9.0, 5.0, 4.0, 3.0, 3.0]

*** Dados finais:
[[-0.90412498  2.94132357 -2.7887504  ..., -2.18219633 -0.64539384
   1.21236746]
 [ 0.93810337  1.05175472  0.5182523  ..., -0.05205644  0.64619614
  -1.79458618]
 [-0.83528959  0.8568228   0.94468025 ...,  0.22249546 -1.11520226
   0.83528129]
 ..., 
 [-0.23328461 -0.05660551  0.20191472 ..., -0.87500197 -0.15425807
  -0.97458627]
 [-0.19270981 -0.08368077  0.03463507 ..., -0.03628765  0.65519978
  -0.11966389]
 [-0.16311908 -0.11265966  0.01388661 ...,  0.17926135 -0.29354393
   0.97917362]]

*** Componentes principais [T] (todos):
[-0.90412498  2.94132357 -2.7887504   1.85147363 -1.12317883  3.92410959
  0.8678442   1.11560829 -2.99083824 -1.09738914 -0.36768711 -0.88570949
 -0.95327747  2.3833895  -0.59133655  2.75690367 -3.02747113  0.08427519
 -0.56258228 -1.46380938 -0.88370427  0.03350758 -1.73051379  2.25073883
 -0.88246128 -0.30203984 -0.99064718  3.48987914 -1.16038197 -0.47501772
  0.70051166 -0.87560393 -2.27917981 -0.97440162 -0.96790382  1.45130032
  0.86506681  1.21041636  0.60037665 -2.75531924  2.41255977 -0.40999349
 -0.42206439 -1.47712282  1.94217671 -0.16095049 -1.40575189  2.40690746
 -1.68470996  2.32007775 -0.56957953  0.7424904  -1.05042126 -2.51474787
  3.06188395  2.40949799  3.04836113 -1.03161456 -0.88396107 -1.89071956
 -0.76830937 -1.68247474 -2.77933036 -0.02165853  2.66645051 -2.18619785
 -1.89007063  3.15240307  1.81190658 -1.69332216 -0.48711033  2.82173642
 -1.34732097 -0.07799618  2.67883138 -0.9360639  -1.17674493 -0.9505397
 -1.70298478 -1.03040387 -2.06719764  2.79863724 -0.16393162 -0.60301214
 -1.04743121  0.4515083  -0.43437909 -0.45993403 -1.26114507 -1.20692134
 -0.4819856  -0.92737983 -2.32203367  1.30983566 -1.28837617 -1.24131835
 -2.40669184  0.79654431 -0.42224669 -2.93682137 -0.17513735  2.69460688
 -0.70522387 -1.34016312 -0.69418577  1.15160792 -2.3878452   2.23082426
  0.16378239 -2.57670329  1.5743409  -2.25010542 -3.16226395  2.67966272
 -0.94970403 -2.96387015 -0.01461144 -1.02215112  2.46805053  2.90175998
  0.28060858 -0.61610296 -0.58199757  2.13708444  3.40956341  1.3496911
  2.87868782  2.38354317  0.69736007 -2.44832537  1.66672367 -0.9446151
  2.33231483  2.89012286  0.48891903 -1.47806493 -1.03001145 -1.3584134
  3.21673859 -2.63562175  2.59441102 -2.41958906 -0.62915494 -0.94225669
 -2.87364952  2.80619122 -0.43026336  0.40179188 -0.39123564 -1.49106359
 -0.66110998  2.54456492  0.44080465  1.34391072  2.28736691 -0.2302916
  0.77574613  1.15103965 -0.94568124 -1.66825841 -0.64954908  2.03061232
  0.78407341  2.81277254 -1.00517687  2.76564076 -0.5117655  -1.02668229
 -2.27836577  1.12421972  0.30821581  0.9921823   3.52266305 -2.18219633
 -0.64539384  1.21236746] [ 0.93810337  1.05175472  0.5182523  -0.46948365  0.25657959 -1.97005313
 -3.04123846 -3.01239979 -0.8569685  -0.30687316  0.51630281  0.84349059
 -0.19094447  1.23459626 -0.16157576  0.2665758   0.01466077  1.17430022
 -0.05627755  0.79388259 -0.57185913 -2.08010157  0.1550818   1.00919323
  0.8602906   1.48721281  0.31562812  2.19180887  1.39283288 -0.23856401
 -3.13026525  0.51268579  0.71745363 -0.08547008  0.3409019   0.04448819
 -2.60220028 -2.90345074 -3.05608959  0.03829195  1.19993446 -0.34688559
  0.49025404  0.75627397 -2.19254567 -3.44082263  0.89776881  0.82466864
  0.94396545  0.19816431  1.13758915 -3.14751299  1.17118839  0.02945782
  1.25181114  0.78691371  0.55777349  1.05896676 -0.24388154  1.73082602
  0.52935657 -0.15359642 -0.07272307  1.54129644  1.64247946 -0.97185071
 -1.07517712 -1.7996327   1.03133271 -1.04508475 -0.94548621  1.85538887
 -0.23537117  0.70004476  1.63706947  1.13346171  0.49737385  1.07783143
  1.16205423  0.78876303  0.37550672 -0.1541279  -2.35018125 -0.03259039
  1.4416008  -1.94703415 -0.04637238  0.02049115  0.5185415   0.54922571
  1.30849817  1.51819402 -0.94277375 -1.81850855 -0.03945712 -0.18042817
 -0.09594013 -2.21526378  0.00456737  0.46100263  1.55007002  0.9854184
  1.47569655  0.78490982  0.57335843 -2.88943465  0.99400503  0.41245355
 -2.64268481  0.81007859 -0.16997297  0.55350821 -0.15062352  1.28981486
  0.04849733  0.05843464  0.26509893  1.12340218  1.82419956  1.19604662
 -2.43920868  0.06887301  0.29934608  0.42678698  1.88958052  0.70330434
  0.92557159  0.64496523 -2.31942926  0.82428237  0.20044253  0.46801853
  0.95767912  2.13169843  1.0646458  -0.3506404   0.64330902 -0.78344246
  1.25677275  0.19666178  1.23751714 -0.38306831  0.32869606 -0.18244361
  0.23957344  0.98551357 -0.10748379 -3.07918593 -0.40896132  0.80024988
 -0.14962913  0.57786714 -2.76420731 -3.05883433  1.24754433 -0.33595827
 -2.07267694 -3.52194649  1.2772933  -0.44013429  1.15433398  1.25901543
 -2.52416341  0.47754532 -0.07030802  0.54743378  1.36363767  0.96763231
  0.26776056 -2.18605774 -2.4504529  -3.18641064  1.21231869 -0.05205644
  0.64619614 -1.79458618]

*** Componentes principais [T] (somente originais):
[-0.90412498  2.94132357 -2.7887504   1.85147363 -1.12317883  3.92410959
  0.8678442 ] [ 0.93810337  1.05175472  0.5182523  -0.46948365  0.25657959 -1.97005313
 -3.04123846]

*** Contribuições (autovetores) [P] (idem para todos e originais)

C1 [15.855017395075505, 16.715363465644476, 9.3552816512854609, 4.1334782475361465, 2.5256885159981439, 18.484191250106111, 17.655811236294696, 15.275168238059459]
C2 [0.35174236153116861, 12.610671410852081, 25.576700415305055, 22.425979932356913, 20.285449517545377, 0.70389714562587724, 4.9988013563157674, 13.046757860467753]
C3 [7.3663388302855033, 6.6071768238714075, 6.148677693726289, 20.52801616927843, 27.824140986072994, 10.433583463692393, 10.840214544967546, 10.25185148810543]
C4 [25.901616166275392, 15.322593285048351, 3.9234323467122372, 12.602583290342444, 8.9524547614461412, 6.2068713378091696, 10.392086722184835, 16.698362090181408]

*** Oposição:
[1.0000000000000002, 0.89915394157889761, 0.75772952938221538, 0.7191756251754069, 1.4755497567842448, 0.31555333300241228]

*** Inovação:
[1.3330075727505561e-14, 0.14590726155479178, 0.97471348444207573, 0.6814892132203979, 1.6399446729762841, 2.302774184446879]

*** Dialéticas:
[0.99288877628993166, 0.28693079922459491, 0.14513343377860205, 1.2737940185158538, 0.071494406850990649]
dados [[-0.12554426 -0.52885797 -0.22851692 ...,  0.24337048  2.04602613
  -1.01533784]
 [-0.08959425 -1.35135774 -0.21153526 ...,  0.58149365 -1.73686061
  -0.4614405 ]
 [ 1.87116576  0.41575146  0.04672575 ...,  1.67419283 -0.06883904
   0.30840664]
 ..., 
 [ 0.70279369  0.05571929  1.38518591 ...,  2.5382687   0.95799312
   2.00386209]
 [-0.06029844  1.90670575  1.99713145 ...,  0.54143513  0.10314007
   2.20004995]
 [ 0.24423801 -0.46423862  0.94913535 ..., -1.12293409  0.16605188
   1.09017219]]
main_means [1.8442066028629958, 3.3105329093323888, 3.1072095188486188, 2.2522983697707795, 1.7364573164569135, 4.5954855635446092, 3.4136655330801409]
main_stds [0.89756774983333287, 1.1084070651979223, 1.0733524048727141, 1.0158584967321591, 0.85365677658681538, 1.1426495535248471, 1.0214309446240366]
eigenvalues means [-0.23106164 -0.07715443  0.01007095  0.03714188]
eigenvalues stds [ 0.00906025  0.0059826   0.00487185  0.00455881]
