
*** Dimensões da tabela de notas: (529, 8)

*** Tabela geral de notas:
[[ 3.          3.5         9.         ...,  3.5         5.          4.5       ]
 [ 8.          7.5         7.         ...,  8.          2.5         2.5       ]
 [ 1.5         2.5         9.         ...,  2.5         7.5         7.5       ]
 ..., 
 [ 1.37502745  4.13183515  8.9715915  ...,  3.41242176  4.3442754
   3.1272307 ]
 [ 7.054554    3.21277492  8.77771667 ...,  4.61769847  8.53910543
   5.09445496]
 [ 7.74046722  7.29558505  6.96174586 ...,  6.7313949   1.45324374
   3.34746323]]

*** Matriz de covariância:
[[ 1.    0.28 -0.2   0.12  0.09  0.38 -0.21 -0.35]
 [ 0.28  1.   -0.49  0.11  0.07  0.64 -0.5  -0.2 ]
 [-0.2  -0.49  1.   -0.34  0.39 -0.27  0.3  -0.06]
 [ 0.12  0.11 -0.34  1.   -0.23  0.04  0.24  0.25]
 [ 0.09  0.07  0.39 -0.23  1.    0.26 -0.16 -0.18]
 [ 0.38  0.64 -0.27  0.04  0.26  1.   -0.5  -0.34]
 [-0.21 -0.5   0.3   0.24 -0.16 -0.5   1.    0.45]
 [-0.35 -0.2  -0.06  0.25 -0.18 -0.34  0.45  1.  ]]

*** Pearson (igual matriz covar.):

['1.0', '0.28', '-0.2', '0.12', '0.09', '0.38', '-0.21', '-0.35']
['0.28', '1.0', '-0.49', '0.11', '0.07', '0.64', '-0.5', '-0.2']
['-0.2', '-0.49', '1.0', '-0.34', '0.39', '-0.27', '0.3', '-0.06']
['0.12', '0.11', '-0.34', '1.0', '-0.23', '0.04', '0.24', '0.25']
['0.09', '0.07', '0.39', '-0.23', '1.0', '0.26', '-0.16', '-0.18']
['0.38', '0.64', '-0.27', '0.04', '0.26', '1.0', '-0.5', '-0.34']
['-0.21', '-0.5', '0.3', '0.24', '-0.16', '-0.5', '1.0', '0.45']
['-0.35', '-0.2', '-0.06', '0.25', '-0.18', '-0.34', '0.45', '1.0']

*** Autovetores (raw):
[[ 0.34  0.03  0.54 -0.51 -0.54 -0.12 -0.15 -0.05]
 [ 0.48  0.18 -0.08  0.33 -0.05  0.3  -0.53  0.5 ]
 [-0.28 -0.54  0.25  0.02  0.14  0.31 -0.59 -0.31]
 [-0.01  0.54  0.52  0.07  0.58 -0.23 -0.18 -0.14]
 [ 0.12 -0.5   0.42  0.5  -0.01 -0.42  0.22  0.29]
 [ 0.5  -0.02  0.16  0.26  0.05  0.5   0.39 -0.5 ]
 [-0.33  0.34  0.03  0.54 -0.58 -0.1  -0.15 -0.32]
 [-0.46  0.14  0.41 -0.02 -0.08  0.55  0.3   0.45]]

*** Autovalores (raw):
[ 2.78  1.82  0.98  0.89  0.51  0.42  0.32  0.28]

*** Autovalores prop (raw):
[ 0.35  0.23  0.12  0.11  0.06  0.05  0.04  0.04]

*** Autovalores (var. %):
[35.0, 23.0, 12.0, 11.0, 6.0, 5.0, 4.0, 4.0]

*** Dados finais:
[[-1.14151621  2.85838794 -2.81758682 ..., -0.80554059 -0.88121648
   2.43569407]
 [-0.93298773 -1.29448909 -0.50701911 ..., -1.23991954 -0.25854136
  -1.30511713]
 [-0.83594032  0.69947767  0.4536745  ..., -1.50024794  1.34915846
   0.87454523]
 ..., 
 [ 0.17933845  0.1586453  -0.11011103 ..., -0.13480829 -0.50076116
   0.03105503]
 [-0.34929719 -0.11460051  0.20079978 ..., -0.51488001 -0.36507755
  -0.10583477]
 [-0.23634665 -0.04718484  0.38302709 ..., -0.19527267 -0.86324654
   0.58510689]]

*** Componentes principais [T] (todos):
[ -1.14151621e+00   2.85838794e+00  -2.81758682e+00   1.41581940e+00
  -1.22454461e+00   4.08547736e+00   9.67926325e-01  -8.98581779e-01
  -1.18762752e+00  -5.89809429e-01  -1.71830881e-01   3.52810930e-01
   8.80706892e-01  -2.35691329e+00  -1.31256719e+00   2.93839754e+00
  -8.65424974e-01   4.00444292e-01   9.78798706e-02   2.57268236e+00
  -1.52487614e-01   6.96302608e-01  -1.46972778e+00  -6.97770204e-01
  -3.94973457e-01  -1.27062038e+00  -7.24594229e-01  -6.98957562e-01
  -1.41275655e+00  -7.00422511e-01   8.70175513e-01  -1.12025160e+00
   4.66436446e-01   3.09217447e+00   1.93935776e+00  -1.47423991e+00
  -3.53701305e-01  -6.87741232e-01  -1.85371606e+00   1.97624659e+00
  -1.25754736e+00   1.59228868e+00  -2.74134876e+00  -7.23666151e-02
   1.00654496e+00   1.76608220e+00   2.07234475e+00   3.58840247e-01
   5.70489421e-01  -1.05782303e+00   1.15384172e+00  -2.23231425e+00
  -8.82673564e-01   9.22486913e-01  -2.38194809e+00   8.82635096e-01
   3.25474149e+00   2.17298679e+00  -1.15102077e+00  -2.33501613e+00
   2.33043883e+00  -1.19329198e+00  -1.98961685e-01   1.21553766e+00
   4.96273749e-01  -1.63744233e+00  -1.38920272e+00  -1.36363603e+00
   2.00610782e+00  -4.32344976e-01  -1.14299871e+00  -1.86046593e+00
  -3.62026157e+00   1.07553818e+00   1.87977809e+00  -1.40021430e+00
  -1.27325119e+00   2.46032776e+00   2.64592654e-03  -2.38227442e-01
  -1.63833706e+00   2.50469878e+00  -2.79129438e+00  -7.99204466e-01
   2.81588893e+00  -5.65485353e-01   2.69231224e+00   1.36804438e+00
   2.30406816e+00   8.88352545e-02  -1.80834217e+00  -5.50497990e-01
   3.76356998e+00  -1.36327766e+00  -3.02540035e+00  -1.32443906e+00
  -9.53640673e-01  -9.34633823e-01   2.06591412e+00   1.03893899e-01
  -1.01952051e+00  -1.11792723e+00   1.21083497e+00  -1.12795847e+00
   2.78034134e+00  -2.63025428e+00   3.30503805e+00  -1.54648546e+00
  -8.50773907e-01  -4.64400096e-01   8.37592621e-01  -6.69320910e-01
  -1.18003530e+00  -1.44205859e+00  -1.10690321e+00   1.58429319e+00
  -7.79151313e-01  -1.51008111e+00  -1.94161624e+00   1.87283984e+00
  -1.03727571e+00   1.42438245e+00   2.72870097e+00  -8.37922657e-01
   3.56386812e+00   2.03161727e+00  -1.08380622e+00   1.30414377e+00
   5.74846528e-01   2.06514547e+00  -9.92879171e-01  -1.83667939e+00
  -1.68880906e+00   2.50691323e-01   9.03574421e-01  -9.67102391e-01
  -4.95983346e-01  -4.15838051e-01  -2.71482512e+00  -1.03039797e+00
   2.68078755e+00  -1.42829249e+00   9.42741202e-01   5.14807341e-01
  -6.51046771e-01   1.90100284e+00  -2.75598151e+00  -2.64007158e+00
  -4.72273234e-01  -1.25925715e+00   3.31721012e-01  -1.15325871e+00
   1.63023755e+00  -1.72970224e+00   2.44269808e+00  -1.50368044e+00
   1.40564005e+00   2.43510647e+00   2.48887057e+00  -1.76454473e-01
  -1.74255179e+00  -3.76567000e-01   2.61193833e+00  -7.71872684e-01
  -4.88513180e-01  -7.80481661e-01   9.72612802e-01  -8.71618854e-01
  -1.08517160e+00   2.52142384e+00   5.25432479e-01   2.21914047e-01
   7.63559275e-01  -2.56325874e+00   2.02978591e+00  -4.08149863e-01
  -8.62816431e-01  -9.34210789e-01  -1.23477133e+00  -1.69878656e+00
   9.26932529e-01  -8.46463769e-01  -4.65646560e-01  -7.51137887e-01
   3.78940895e+00   2.64038066e+00   3.56929168e+00   2.31235464e+00
   2.50464763e+00  -6.37691546e-01  -1.25671764e+00  -1.89954515e+00
  -2.18370419e+00   8.91516076e-01  -7.60703907e-01  -9.98024623e-01
  -6.68570930e-01   1.67990553e+00   2.98952391e+00  -2.50967799e+00
  -5.97675202e-01   1.64860399e+00  -1.91301793e+00   2.77426616e+00
   7.42965936e-01   1.00555950e+00  -7.61151252e-02   2.82567110e+00
  -2.40432027e-01   3.86820262e-01   1.61243861e+00  -3.90142500e-01
  -1.14691766e+00   3.20130109e+00  -1.77474006e+00   7.72861828e-01
  -8.39615543e-01   7.28330430e-01  -1.05414747e+00  -6.15345961e-01
   2.03598324e+00  -9.24991560e-01  -2.12693102e+00   1.20586489e+00
  -1.20724005e-01   7.42964315e-01  -1.25201495e+00   1.15126920e+00
   3.00099007e-02  -9.13189250e-03   1.78825973e+00  -1.57704140e+00
  -7.17052721e-01  -1.30028243e+00  -1.15353460e+00   1.52341408e+00
  -6.96502466e-02  -1.49678734e+00  -1.27301132e+00  -3.19724422e-01
  -2.09147944e+00  -1.33615175e+00   1.35380492e+00  -1.18390073e+00
  -4.86126083e-01   1.96320201e+00  -1.29021549e+00  -1.48845880e+00
   7.22240155e-01  -1.20907161e+00   2.57694711e+00  -1.24516137e+00
  -1.37773512e+00  -2.51278036e+00  -1.15672406e+00   2.68195116e+00
   5.92336636e-01   7.51312458e-01   3.34093681e+00   1.21683962e+00
  -1.40919321e+00   2.54308918e+00  -9.79566832e-01  -4.90562686e-01
  -7.62753944e-01  -8.98759357e-01   1.55101784e+00  -5.14568549e-01
   2.83922527e+00   3.45958897e+00  -1.76850860e+00   1.25615503e+00
   1.85190352e+00  -1.59250858e+00  -1.86678539e+00   3.72335063e+00
   4.43426211e-01  -3.23755624e-01   1.18605691e+00   6.37783309e-01
  -5.96146895e-01  -8.26215540e-01  -2.13323061e+00  -1.45846768e+00
  -2.55433317e-01  -7.72218660e-01   1.47560360e+00  -2.35469194e+00
   1.24969602e+00   2.89809771e+00   3.08326832e+00   2.06450976e+00
  -2.73358604e+00   1.80952008e+00   2.74383801e+00   2.69180660e+00
   1.19968674e+00  -1.77881515e+00  -4.00034125e-01   6.99740563e-01
  -9.79082970e-03  -2.49307736e+00  -9.52236476e-01  -1.79106927e+00
  -7.73784148e-01  -8.69971240e-01   1.72270408e+00  -1.37695605e+00
  -1.33844739e+00  -1.12838995e+00  -7.82343205e-01   2.38977226e+00
   1.79847755e+00  -2.94564092e-01  -4.41608256e-01   1.90680404e+00
  -1.13276266e+00   2.05924281e+00   1.89655902e+00  -4.96059075e-01
   2.69145296e+00  -4.92680313e-01  -1.42688573e-01   1.49293023e+00
   1.04508685e+00   2.52124152e+00   1.94744421e-01   3.62092744e-01
  -2.44043162e-01  -1.00890803e+00  -1.68627667e+00  -3.13086147e-01
   1.74599813e+00  -1.92525884e+00   2.24625204e+00  -3.93576623e-01
  -8.71010047e-01  -8.97115787e-01   1.85649454e-01  -2.10053727e+00
   8.37246461e-01  -1.41765287e+00   9.75684135e-01  -1.19298527e+00
   1.77135154e+00   3.26862498e+00   2.49405577e+00  -1.59198728e+00
   5.99845729e-01  -1.36936825e+00   2.17759737e+00   4.64578361e-01
  -3.39143517e+00  -2.78422847e+00  -2.41953658e+00  -2.39491196e-01
  -5.53144995e-01  -1.26428605e-01   2.89043321e+00   7.90408130e-01
  -7.71634241e-01   3.54577159e+00  -1.31528054e+00   1.37358138e+00
  -1.94001313e+00  -1.34243627e+00   1.72750976e+00   1.71901643e-01
  -6.79001994e-01   1.19096784e+00  -1.85053377e+00  -4.57823758e-02
  -1.21160436e+00   4.82364373e-01  -1.07275683e+00  -2.02552877e+00
  -1.76279066e-01   5.32530034e-01  -1.35902282e+00  -5.60181805e-01
  -5.04046717e-01  -1.52179649e+00  -1.90363488e+00   1.11656510e+00
   3.78144964e-01   2.59406312e+00  -5.59153017e-01   1.41931558e+00
  -2.12672767e+00   1.16373378e-01  -2.07160743e+00   2.75442869e+00
   1.90406651e+00  -2.43655971e+00   3.21946096e+00   3.87198527e-01
  -1.23923943e+00   9.26209106e-01  -2.59325955e+00   1.68765021e-01
  -1.43262463e-01  -8.76480772e-01  -1.75134987e+00  -1.87528842e+00
  -1.44503668e+00  -7.76836638e-01  -2.38133505e+00   3.13160400e+00
  -1.42170571e+00  -1.28519806e+00  -8.11831668e-01   1.67171589e-01
   2.95935787e+00   1.60322100e+00  -2.20008415e+00  -2.49373229e+00
  -6.35153743e-01  -1.63571757e+00  -1.21562034e+00  -1.03432119e+00
  -3.92149892e-01  -1.52151263e+00  -1.17346340e+00  -1.38612120e+00
  -4.95181503e-01   3.35932829e+00  -1.29924341e+00  -2.41574865e+00
  -7.10895740e-01   2.37165047e+00  -2.07056391e+00   2.57179357e+00
  -1.44846200e+00   1.93966962e+00  -1.26085024e+00   1.26426967e+00
  -1.47605981e+00   1.74095157e+00  -2.08245521e+00   1.69920903e-01
  -1.34987125e+00  -2.74013359e-01  -2.65532166e+00   6.80428436e-01
   2.18796181e+00   1.76567399e+00   7.22112987e-01  -1.16344206e+00
  -8.67649539e-01  -4.47230646e-01   7.78728888e-01  -2.51971084e+00
   3.32052227e+00   1.16447880e+00  -2.79919305e-01  -1.12029018e+00
   3.44446889e-01  -1.29040807e+00  -9.61596851e-01  -7.74181711e-01
   3.99722165e-01  -1.36318141e+00   1.59714926e+00  -1.43424872e+00
  -9.31241104e-01  -2.18310206e-01  -7.42849277e-01   8.27186480e-02
   2.88903692e+00  -1.59876320e+00  -2.88727314e-01   3.31510628e+00
  -1.66697088e+00  -1.39440006e+00  -1.66008005e+00   1.29959388e+00
   7.18062287e-01  -8.36739909e-01   2.28329606e+00  -1.11900542e+00
  -6.06469495e-01   6.66610665e-01  -9.09025253e-01  -1.71892279e+00
   2.57198555e+00  -6.91424879e-01  -2.41225670e+00  -1.22406854e+00
   2.59706842e+00  -9.44406610e-01  -2.07619658e+00   1.28872784e+00
  -1.17799971e-01  -1.43430391e+00   2.45778497e+00   2.20070101e+00
  -9.40708580e-01  -1.10890581e+00  -8.46659829e-01  -8.12756087e-01
   3.73974733e-01  -4.95908170e-01  -1.61095074e+00  -1.42056998e+00
  -8.66154390e-01  -1.92364787e+00   1.38191978e+00   1.16127266e+00
   1.79945696e+00  -7.05852441e-01   9.52420081e-01   3.29808097e+00
  -1.70526909e+00  -2.54049314e+00   2.81199701e+00   2.84773850e+00
  -3.38370371e-01   3.16010010e+00   2.95756218e+00  -5.82320961e-01
   1.82544986e+00   4.04491753e-01  -3.37529262e-01  -6.14656985e-01
  -3.09695250e-01  -1.50605517e+00  -8.05540593e-01  -8.81216483e-01
   2.43569407e+00] [ -9.32987729e-01  -1.29448909e+00  -5.07019109e-01   4.41092492e-01
   9.61631382e-02   1.57211364e+00   2.72720562e+00  -7.08375491e-01
   5.04034281e-02   2.42090310e+00  -2.61053914e-01   2.93889064e+00
   2.67360372e+00  -1.13232844e+00  -1.08446620e+00  -2.44276199e+00
   3.85037938e-01   2.83448150e+00  -1.86390846e-01   1.21004878e+00
   2.79912160e+00   2.69331042e+00  -1.02567399e+00   4.91066154e-02
  -6.94977898e-01  -5.35058005e-01  -1.16106743e+00  -8.70097970e-02
   9.74196507e-01  -9.17073000e-01   2.42030814e+00  -9.91840117e-01
   1.58732473e-01  -6.82455374e-01   1.78886366e+00  -9.70019619e-01
   7.44366915e-01   3.22545509e-01  -6.30621504e-01  -1.22630066e+00
  -8.29328973e-01   2.56607460e+00   4.41931419e-01   1.95866896e+00
  -1.40925513e+00  -1.00323981e+00  -1.92727273e+00   2.53650434e+00
  -1.24206281e-01  -8.49689413e-01   1.31436691e+00  -1.59410808e+00
  -1.15228388e+00   2.05913438e+00   6.73364045e-02   1.59585482e+00
  -2.30392920e+00  -1.56207584e+00   9.65611511e-02   1.14821397e-01
  -1.16491349e+00  -3.83064725e-01   4.64931146e-01   1.56248573e+00
   2.00580345e+00  -9.48992513e-01  -5.85634525e-02   3.05360435e-01
  -1.46906941e+00   6.02437474e-01  -5.41048025e-01  -1.86395400e+00
  -1.27634593e-01   2.65554884e+00  -1.30438037e+00  -8.26122784e-02
  -1.56341046e+00  -1.67676447e+00  -1.09239368e+00   1.76291336e-01
   3.65687063e-01  -1.69140132e+00  -9.46022085e-01  -8.09462470e-01
  -1.97965091e+00  -7.16220296e-01  -1.36955005e+00  -7.69825336e-01
  -1.81295740e+00   2.66809985e+00   6.20683785e-01  -4.93431959e-01
   1.55904459e+00   2.68306084e-02  -4.54772480e-01  -9.29385888e-01
   1.02372851e-02  -2.41286984e-01  -2.51869633e+00   2.91094315e+00
   1.74363279e-01   3.52044951e-01  -1.00351597e-01  -3.01797313e-01
  -1.53541206e+00   9.22901817e-01  -1.80828499e+00  -9.23867114e-01
  -4.48302861e-01  -1.68189865e+00   2.66062151e+00  -1.89383236e-03
  -5.11753074e-01   9.36786620e-01  -4.16320851e-01  -3.08597060e-01
  -7.97852659e-01   7.08058397e-01   2.20742823e-01  -1.00720917e-01
  -7.28151135e-01   4.97770921e-01  -1.26661184e+00  -2.01974796e-01
  -7.96717885e-01  -1.50049707e+00  -2.76498724e-01   2.00488277e+00
  -1.58747424e+00  -1.06107220e+00  -1.16747151e+00  -1.89121487e-01
   1.76683912e+00   2.42287048e+00   1.97167430e+00   8.96491577e-01
   2.29611864e-01  -8.90512142e-01   2.92360685e-01   8.16864982e-01
  -1.13690061e+00  -6.25473950e-01  -4.07656059e-01   1.72644765e+00
  -1.41785068e+00  -1.15610902e+00  -6.06720932e-02  -5.59265758e-01
  -1.66076249e+00   6.00372980e-01   2.33980135e+00  -3.03221878e-01
   1.30601553e+00  -2.01695492e+00  -1.37053727e+00  -1.93918674e+00
   1.63767574e+00  -1.15292862e+00  -9.85177063e-01  -4.77104047e-01
  -2.04664508e-01   1.38226489e-01  -1.99403227e+00  -4.68929110e-01
  -1.20454358e+00  -6.96335031e-01   2.70311575e+00   1.59875102e-02
  -8.42467153e-01  -2.00933865e-01   2.31455160e+00   6.55592150e-02
   2.21464883e+00   9.13552836e-01   1.28279540e+00  -1.80704628e-01
  -1.44239761e+00  -1.63036577e+00   1.58336221e-01  -5.83570807e-01
   2.01877592e+00  -1.33262752e+00  -7.61355765e-01   9.88180687e-01
  -1.31656210e+00  -1.52429005e+00   1.44662215e+00  -1.10323047e+00
  -1.57556292e+00   1.61276537e+00   3.67574463e-02   6.93568523e-01
  -1.23078359e+00   2.60024493e+00  -2.47435186e-01  -1.57367064e+00
  -9.72209382e-01   1.85087093e+00  -1.44894661e+00   4.22157445e-02
  -8.46672863e-01   1.99611835e+00  -1.15149495e-01  -1.20445369e+00
   2.31644516e+00   1.19673386e+00  -1.16214361e+00  -1.66859047e+00
  -9.68434654e-01   1.51302704e+00  -7.10453244e-03   1.40348488e-01
  -1.34116908e+00  -2.52499025e+00  -2.32852634e-01   1.79329838e+00
  -1.78191721e+00   1.08531584e+00  -8.60222743e-01  -5.93279654e-01
  -2.02333555e+00   3.50340244e-01  -1.59231186e-01   1.92176126e+00
   1.89721608e+00   2.63066567e+00  -7.32146491e-02  -1.01868876e+00
   1.24685438e+00   2.53769062e+00  -1.98854519e+00  -4.65022655e-01
  -3.04187100e-01   6.85146624e-01   7.50332881e-01  -8.84402670e-01
  -6.89782698e-01  -1.57616357e-01  -8.58825898e-01  -5.59558224e-01
   8.01955571e-01  -1.91892599e-01  -2.65304541e-01  -6.38618667e-01
   8.08315036e-02   2.50795188e+00   3.02655199e-01  -8.99364572e-01
   1.74281455e+00  -1.75733763e-01   1.00018596e-01  -5.01563412e-01
  -3.81647346e-02  -1.55833977e-01   1.38772409e+00  -1.77082366e+00
   2.28747575e+00   1.84714764e+00  -1.49505901e+00   2.21842603e+00
   6.88862128e-01  -1.21970402e+00   2.53903383e-01   1.33897370e-01
  -2.49059389e-01  -1.78356821e+00   6.67181563e-01   7.78484268e-01
  -1.21269673e+00   1.36733350e+00   4.01827589e-01   2.26719353e+00
  -1.82868485e+00   3.32265289e-01   2.86673898e-01   1.25100201e+00
  -2.03868725e+00  -5.90329006e-01   2.78997383e+00  -2.69541148e-01
  -4.19378349e-01   4.43856113e-02   3.23458768e-01  -1.36377043e+00
   1.69105143e-01   1.05680146e+00   1.18766265e+00   1.71481466e-01
   2.23806771e+00  -1.66414766e+00  -1.08635675e+00  -2.70298889e+00
   2.34933475e-01  -5.95966907e-01  -1.83371155e+00  -5.87893304e-02
  -8.80691032e-01  -5.15999223e-01   1.76644182e-01   1.80782900e+00
   2.49200796e+00   3.85560147e-01  -1.92930751e-01  -3.51157937e-01
   7.37986360e-01   5.41516186e-01   1.21519180e+00   5.39310010e-01
   7.64419551e-01  -8.23811009e-01  -8.68100342e-01  -2.64479623e+00
   1.27418209e+00   5.06791908e-01  -3.89299661e-01  -1.32875195e+00
  -5.98091540e-01   1.32197835e-01  -9.17713250e-01   7.57829986e-01
  -1.16995873e+00   8.45500901e-01  -4.54968248e-01   2.32035418e+00
   2.37607032e+00  -1.43578121e+00   2.63914617e+00  -8.98922693e-01
  -6.17582745e-01   7.15832240e-01  -9.25976499e-02   4.82952456e-01
   2.62299652e-01   1.10651327e+00  -9.97899779e-01  -1.88727118e+00
  -5.89032467e-01  -9.28015555e-01   2.61175745e+00   3.30059255e-01
   3.22730496e+00   1.67869331e-01  -1.26638829e-01  -7.11416676e-01
   2.06148142e+00  -1.22338297e+00  -1.37117013e+00   7.44787633e-01
   2.32841974e+00  -2.01267082e+00  -2.04687088e+00   1.22890693e+00
  -3.82838039e-02   2.33755035e-01  -1.06693023e+00   5.10018921e-01
  -4.96555807e-01   1.23362244e+00  -1.04483884e+00   1.41606353e+00
   1.13327467e+00  -1.19465262e+00  -4.14633970e-01   1.82400891e+00
   9.25854164e-01  -9.23147225e-01  -1.06820842e+00   2.51811384e+00
   4.68134752e-02   8.78810892e-01  -7.27465702e-01  -2.40915879e-01
   1.76748769e-01  -8.52558818e-01  -3.41656858e-01   1.06183917e+00
  -1.61611276e+00   1.46535649e+00   4.36657435e-01  -8.77323757e-01
  -4.81018453e-01   2.92665466e-01  -1.12503312e+00   1.26236097e+00
   1.66638013e+00  -2.72588615e-01  -1.88383143e+00   2.89117257e+00
  -1.38689873e+00   1.63748115e+00   8.33103943e-01  -4.59213859e-01
  -1.63143666e+00  -3.41827974e-01  -2.20099409e+00   2.33164908e+00
  -5.35934263e-01   2.45324149e+00   8.08465035e-01   2.78453278e+00
   2.77228087e-01  -1.52128117e+00  -1.29308284e-01   7.50813268e-01
  -4.74625321e-01  -1.29602187e+00  -6.06503310e-01  -2.39318072e+00
  -1.02340473e-01  -1.19572829e+00   6.58762265e-01   2.00740515e+00
  -1.83136344e+00   3.14936288e-01   1.84324128e-01  -3.37844182e-01
  -7.64760935e-03   1.44121516e+00  -8.57031841e-01   4.09444810e-01
  -1.31899431e+00   3.65584239e-01  -2.05848753e-01   5.66667122e-01
   1.11255556e+00  -1.80208569e+00  -1.32066466e+00   6.04933254e-02
   1.31758925e-02   4.88257024e-02  -8.95075244e-02  -1.38867019e+00
   3.82614069e-01   2.00022429e+00  -5.87357955e-01   2.90620172e+00
   1.06234130e+00   8.25495905e-01   6.89454826e-01  -3.54154387e-01
   6.35704871e-01  -2.74680115e-01   8.56637192e-01   1.27494722e+00
  -7.30305306e-01  -1.09713206e+00   2.24895066e+00  -1.17628440e+00
  -3.14963042e-01  -1.59838092e+00   2.48510883e+00  -3.47655748e-01
  -1.06165856e+00   1.86598217e+00  -9.06523729e-03  -1.54224367e-01
   1.78096392e+00  -1.45839112e-01  -8.14635959e-01   8.17870482e-01
   2.46116631e+00  -4.65540309e-01  -5.80734244e-01  -1.36183177e-01
   2.16527128e-01   1.65189191e-01  -1.50866647e+00   2.12639122e+00
  -1.28885477e-01   1.32475808e+00  -1.24505659e+00  -9.71866910e-01
   5.76566857e-01  -8.69146897e-01  -4.80253243e-01   1.47392972e+00
   2.04512131e+00  -3.26589088e-01  -1.09974975e+00   1.06252400e-01
   3.80809416e-01   2.06370234e+00  -5.81803039e-01  -1.06519484e+00
  -1.79362268e-01  -4.43480589e-01  -2.69693182e-01   1.09271958e-01
  -1.24593724e+00  -1.71818021e+00  -8.92623187e-02   1.11982636e+00
  -5.14948193e-01  -6.09795874e-01  -1.19418653e+00  -1.56747497e+00
  -1.25911119e+00  -1.48609789e+00   2.68399901e-01  -8.10810310e-01
  -6.81061648e-01  -1.78689089e+00  -9.40782327e-01  -9.38869525e-01
  -1.58943165e+00  -2.61589782e+00   1.66654643e+00   2.59235192e+00
  -2.28260999e+00   1.79687495e+00   1.89803862e+00  -5.36420145e-01
  -1.25534748e+00  -1.22913422e+00  -1.34431913e+00  -9.33562511e-01
   2.25046226e+00  -2.27575872e+00  -1.22938640e+00  -1.33893389e+00
   2.38775872e+00   1.13509766e+00   7.16877310e-01  -9.97818130e-01
   2.68537543e+00  -1.10992238e+00  -1.23991954e+00  -2.58541365e-01
  -1.30511713e+00] [-0.83594032  0.69947767  0.4536745  -1.76766578  0.74020819  0.29080652
 -0.12967201  0.18873665  1.865467   -0.26481028 -0.83120922  0.07985784
  0.3386824  -0.16398667 -0.22076215 -0.89756321 -0.10415332 -0.19225619
 -1.06030648  0.60541575  0.52834041  1.32180421 -0.78478178  0.77541836
 -0.12343892 -0.95527118 -1.28002818 -1.37109665 -0.29259128  0.07700743
 -0.66691034  0.07177374 -1.373894    0.77505624  0.2798899  -1.29659211
  0.65779167  0.12129229 -0.0287755  -0.79267743  0.25357498 -0.40566414
  0.62482717  0.81280889 -1.43192678  0.03604549 -0.04482884  0.74521188
 -1.44942832  0.13675995 -1.12000623 -0.81271587 -1.05842073 -0.49787217
  1.03596601  0.72316438 -0.51763988  0.45938833 -1.29646059  0.68766587
 -0.29146462 -0.30359996  0.26125568 -0.32848437  0.70640554  0.48427506
  0.61853705  0.90819418 -0.40642015 -0.33510576  0.78167786 -0.45695297
 -0.26320526  0.48399992 -0.13937384 -1.50130158 -1.73938142  0.94136592
 -0.11649164 -1.48394633 -0.33328793  0.01249594  0.20678786 -0.98821824
  0.4571815  -0.30442093 -0.11048594 -0.08150289 -0.14370711  0.30182522
  2.26143301  1.00554306  0.49093456  0.45539905 -0.39997044 -1.0636229
  0.28398125  0.21226739 -0.92775655 -0.07067428  0.08632061  0.64665138
 -1.95008796 -0.06680067 -0.42581052  0.48695837  0.51706266 -1.71805337
 -1.27827217 -1.7358237   0.25457433 -1.22666856  0.94868176  1.31678573
  0.7319347   1.48998575 -1.78642832  0.2110452  -1.63679465 -0.39208907
 -0.12172135  0.03714758  1.75001253  0.79097333  1.01249468  1.24148717
 -1.27255955  0.80581353 -1.78989799  1.27028891 -0.50106045  1.11679838
  1.31647522 -0.53840322  0.04520254  0.74844146 -0.25294796 -1.27133019
  0.20575601  1.50270515  1.58113473 -0.4463138  -1.10641664 -0.52438322
 -0.4747431   1.04894515  0.94176455  1.04217609 -1.24001286  0.34882757
 -0.10573863 -0.9401102  -0.65832296 -0.52467772  0.55787396 -1.81107718
 -0.55088968  0.56192714  1.51864609 -0.19804592  1.03971443  0.74812126
  0.19342976 -0.83070712 -0.55398659  0.86674414  0.05265178 -0.18098566
 -1.68185085  0.39242792  1.04987494  1.46556655 -0.13650167  0.70409534
  0.0580379  -0.44007068 -1.08314151 -1.31289544  1.32296628 -0.99576394
 -1.06750862 -0.93955535 -0.93886492  1.03057379  1.07712863  0.8991551
  0.37602537  1.13857893  0.53403023  1.2631861   0.75973534  0.95258213
  0.5064192   0.1976582  -1.31215596 -1.37192639 -0.27930882 -0.05375
  1.47433699  0.41178155  0.42196294  0.53809394  0.98452998 -0.06352282
 -0.14418374 -0.38992816 -1.52968626 -0.61729038  0.04542058  0.49188953
 -1.99671093  0.74264203  0.06525729 -0.63752799 -1.0922826  -0.34272506
 -1.48699929  0.87436885 -0.50263418 -0.52655454  1.12865152  0.2023296
  1.44754236  1.09425644 -0.94698577 -0.91615842 -1.00354271  0.71698005
  0.71543341 -0.41790321  0.65851523 -1.18589028 -0.31414493  1.9286459
  0.58329096  1.50861094 -0.84775388  1.01221105 -0.18075429 -0.78622664
 -0.30262543  0.78827542 -1.11747998 -1.80315108 -0.42675126 -0.26620296
  1.76235832 -1.19824074  0.01139014  0.02769043  0.42176241  0.69660846
  1.44224535  1.06094579 -0.67689098  0.18614635  0.38714652 -0.06688216
  0.58417051 -0.24902629 -0.75794462  0.84221803 -0.42011795  1.44766071
  0.34728974  0.27157145 -1.23281488  1.30603447  0.98998545  0.67311713
 -0.11538742  0.42701109 -0.88543028 -0.67399283  0.45394279  0.32254891
 -0.68544013 -0.06334324  0.89486513  0.06393712 -0.03305106  1.00598309
  0.13848405 -0.78044535  0.63077835  1.42875527 -0.32476686 -0.79946702
  0.0321363  -0.384835    1.96108262 -0.32072012  0.02403566  0.53431121
 -0.86031122 -0.22245714  0.62741052 -1.589479   -0.98672612 -0.46024572
  1.33403432  1.86668342  1.46198862 -0.146832   -0.59618464  0.69514501
 -1.07911758 -1.14540099  0.43465864  0.57318248 -1.38395081  0.05955175
 -0.69512919  0.28063389 -1.30432394  1.58651257 -0.14874622  1.39642406
  0.21653713  0.88126892  0.55900316  1.61238597 -0.18938219  0.27706102
 -0.87539529  0.77076456  0.28969028 -0.81113111 -0.80299645 -0.52028058
  0.50067015 -1.3034784   0.74504446  0.51796252  0.09113131  0.69129521
 -0.54859808 -1.22292026 -0.59594255  1.80886622 -0.31506338  0.33021754
 -1.73322618 -0.14834619 -0.61032166  0.83284109  0.18348022  0.82799352
 -0.03511996 -1.76359086  0.60196734  0.1067104   0.43064337  1.33709907
 -1.0337258   1.59051521 -1.51059367  1.60147655  0.36366999 -0.30053923
  1.29561542  1.15800472  0.13438124 -0.33012767  1.13614471 -1.32705675
 -0.60291732  0.55218395 -0.89149011 -1.71956647 -1.00277271  0.54061645
 -0.90391727 -1.45321367 -0.01801442  2.01349237 -0.93332889 -0.57256011
  0.65623906 -0.60650903  0.42622002  1.13094914 -0.90765817 -1.10504618
  0.28251488  0.62995337 -0.37260679  0.56428268 -0.10390305 -0.84825929
  0.12799034 -0.34062623  0.39651858  0.1301192  -0.7225049  -1.02836349
  1.54972001  0.15198396  1.4213114   0.97664715 -0.64066858 -0.54600291
  0.13563416  0.96627294  0.07192711  0.11345997  0.96900511  1.00292963
  1.07030819 -0.59821944 -0.38799785 -0.04006262  1.01436742 -0.86004964
  0.76850663  1.0722746   1.02442529  1.67631599 -1.55955412  2.06625984
 -0.25327069  0.73956005  1.19380732 -0.3351671   1.16531964 -1.36113987
 -0.61288198  1.01105403 -1.60711845  0.52499667 -0.10235987  0.31079024
 -0.07930144 -0.70636712 -0.11708555  0.4460937   0.98726272 -1.46258641
  0.93175484 -2.61866192 -0.38926398 -1.31945116  1.55721503 -1.4946702
  0.90877732  0.65670649 -0.75258208 -0.13861088 -0.36804346 -1.57368405
 -0.29226417  1.32513738  0.64476214  0.19372848  0.43583477 -2.82781992
  0.22350061  0.13759307 -1.45593479 -0.89602789  0.44514555  0.49973731
  0.38714885 -1.17522653  0.01362462  0.72328563 -0.40026283 -0.15379801
  1.055451    0.68210824 -1.48243757  0.70283373 -0.20473762 -1.6918623
 -1.78669602 -0.51734581 -0.39640371 -1.44782431  1.2048887   1.10614858
  0.22566042  0.22966684 -1.64875623 -0.90879801  0.85188788  0.32584588
  1.46382045  0.15377485  0.64774672 -0.57520425 -0.30208828 -0.96205606
  1.04429897 -0.26693299  0.57126753  1.26520639 -0.89964076 -1.4028098
 -0.70565102  0.34624533  0.9835744  -0.50559431 -0.60229447 -0.71519516
  0.32498672 -1.2214676  -1.56402642 -0.9118432   0.9801035   1.2636755
 -1.25287641  0.75005434 -0.48576356 -0.35867557  1.04062252  1.44715307
 -1.47009714  0.39778207  2.04032569 -1.56518622  0.24802282 -1.63233473
  1.31042976  0.24573768 -0.292422   -0.3104702  -1.50024794  1.34915846
  0.87454523] [  2.74664511e-02   1.73763573e-01   1.40901151e+00  -3.12161303e+00
  -3.23700208e-01  -4.00249097e-01  -1.62115227e-01  -1.28086874e+00
  -3.63782250e-01   8.09949503e-01   3.99894115e-02  -7.10602444e-01
  -6.42834573e-01   1.30635507e+00   3.76945182e-02   2.57978227e-01
  -7.50248131e-01   5.64155213e-02   4.26065036e-01  -3.07142925e-01
   3.37086156e-01  -3.95129628e-01   4.20902396e-01  -5.80660463e-01
  -7.28096210e-01  -2.20710028e-01  -3.25066492e-01  -1.12302569e+00
  -8.79816229e-01  -4.01011032e-01   3.74642550e-01  -2.51403642e-02
  -2.21163191e+00   9.96096890e-01  -5.98302216e-01  -1.09664720e-01
  -1.06901579e-01   1.12119234e-01   1.44530684e+00   8.91062061e-01
  -1.65413154e-01   2.79164297e-01   1.53260801e+00  -6.55246456e-01
  -2.21028060e-01   4.73079323e-01   2.17023946e-01  -3.12847737e-02
  -2.69222728e+00   5.94236945e-01  -4.06572789e-01   1.03376759e+00
   6.00240577e-02   1.08318008e+00   1.22545145e+00   5.85502278e-01
  -2.19314122e-01   6.21207654e-01  -1.05176578e+00  -3.95023016e-01
   8.35076462e-01   2.24712293e-01  -1.02947244e+00  -1.21040465e+00
   1.14105156e+00   1.10288553e+00  -8.53846426e-01   5.56631701e-01
   7.10953283e-01  -6.20561370e-01  -7.63328319e-01   2.53952075e+00
   8.22159445e-01   2.96818049e-01  -1.89046146e-01  -4.94386083e-01
  -3.13634513e-01   4.02112597e-01   6.71981435e-01   4.68229032e-01
  -2.19040938e-01   3.59010863e-01   1.02592875e+00   6.63433708e-01
  -3.75498942e-01   1.04429524e+00  -2.98284675e-01   5.93367309e-01
   6.38487860e-01  -1.14547288e+00   4.28466234e-01   4.42864572e-01
  -3.23487369e-01  -1.33912783e+00   1.28504351e+00  -3.76732708e-01
   2.16179170e-01   1.09154016e+00  -4.51722645e-02  -2.85176907e-01
  -3.04014637e-01  -2.26840377e-01  -2.33167040e+00  -9.29320887e-01
   4.41738905e-01  -3.35006713e-01   1.05208453e-01   9.35845173e-01
  -1.17636935e+00  -9.57037795e-01  -1.02884085e+00  -2.39546954e-01
  -7.43469409e-01   3.63735252e-01  -7.12242841e-01   4.02341167e-01
   6.25812212e-01  -3.18483785e-01  -4.04032881e-01   2.14477795e-02
  -1.94706933e-01  -5.88665945e-01   1.66774947e-01  -1.41447527e-01
   3.34135854e-02   8.40405339e-01   3.55666074e-01   3.58994701e-02
  -6.12281538e-01   5.58603771e-01   5.59778719e-02   8.83246329e-01
   3.54159060e-01  -8.19468532e-01   8.58445186e-02  -1.61722301e+00
  -9.19329871e-01   2.86576337e-01   1.26135013e+00  -2.82324222e-01
  -4.29610366e-02  -6.65297580e-02  -2.49658909e+00   6.79185191e-03
   6.66261871e-02  -5.62324885e-01   1.87087472e+00   1.36522923e+00
  -1.45888539e+00  -4.09301679e-01   3.30943481e-02   1.93677698e-01
   1.01709501e+00  -5.37795310e-01  -1.31448177e-01   1.05129512e-01
   1.02694159e-01   3.60021576e-01   1.21908139e+00  -5.05300057e-01
   1.11324494e+00  -6.59357956e-02   7.49471257e-01  -2.41214710e-01
  -4.21858082e-02  -6.25378322e-01  -8.29054121e-01   7.16337455e-02
   3.72968617e-01   2.47276419e-01   1.55961015e+00   8.01290226e-01
  -1.11378679e+00   1.04405465e+00  -1.80285233e-01  -1.38128122e+00
   1.48010669e+00   4.41329194e-01  -1.00528013e+00  -7.34179934e-02
  -4.93079724e-02   7.90367617e-02   2.15233578e-01  -7.30097918e-01
   5.68996039e-01   4.75219686e-01  -2.77477539e-01   9.32436097e-01
  -4.23637369e-01   1.22483693e-02  -7.54693774e-01   1.36924434e-02
   1.64202358e+00  -4.48037999e-01  -6.92759914e-01  -1.07312135e-02
   6.54316564e-01  -2.28573065e-01   1.19721089e-01   9.83506501e-01
   1.12418020e+00  -7.79329165e-01   1.53480494e+00   1.21280002e+00
   8.60835326e-01  -5.60786438e-01   1.99568052e-01   4.40504076e-01
   7.99560131e-01  -7.54198048e-01  -2.07896943e+00  -9.08289026e-01
  -2.86933869e-01   4.76890840e-01  -3.80894912e-01  -6.51210143e-01
  -4.57971822e-01   5.58590663e-01  -2.23577428e-01  -3.66644122e-01
  -1.93896025e-01  -6.51444643e-01  -1.29900111e-01   8.92495485e-02
  -3.16159637e-01  -2.24242609e-01   7.01314741e-01   9.52243021e-01
  -9.50076676e-02   2.65094039e-01   5.24842780e-01  -2.59646189e-01
  -5.59369619e-01   1.69322627e-02   1.49398472e-01  -1.93544875e-01
   2.22953282e-01  -3.97857235e-01  -6.91209784e-01   9.19986451e-02
   5.97872457e-01  -2.11267509e-01   1.04453058e+00  -6.57655149e-01
  -7.93393764e-01  -2.32857633e-01  -7.53981926e-02   5.60058225e-01
   5.34359264e-01  -7.95445067e-01   1.04349011e-01   1.02564686e+00
  -8.53930966e-01   1.27073386e+00  -9.49422713e-01   1.23613699e+00
   1.84068056e-01  -5.89711143e-01   6.87695429e-02   3.52252109e-01
   7.45347334e-02   1.77333064e-01  -1.08628199e+00  -1.19168919e+00
   5.17191028e-01   3.69280351e-01  -2.59909531e+00   6.98226099e-01
   1.51505811e-01   5.60009405e-02   3.07492634e-01  -4.68761725e-01
   1.78281542e-01  -1.31060860e+00  -4.07733617e-02  -7.23359682e-01
  -4.14147217e-01  -4.14890244e-01  -1.20233478e+00  -3.51501402e-01
  -5.84093267e-02   6.61233735e-02   9.70367648e-01   8.45624002e-01
  -4.63109445e-01   3.16082518e-01   1.56330077e-01   6.43296777e-01
  -1.11604949e+00   3.49074988e-01   3.06209778e-01   2.34211763e-01
   2.15240003e-01   2.05794747e-01   4.86920098e-01  -4.07966660e-01
   4.26004942e-01  -8.87069930e-01   1.24142036e-01   1.76252411e-01
  -9.94806160e-01   1.52777330e+00   1.13170504e+00   1.62326706e+00
  -9.01525078e-02   3.74231819e-01   3.95429457e-01  -1.87146072e-01
  -1.33561819e-01   8.14275453e-01   4.09118558e-01  -3.04840810e-01
  -6.28368602e-01   1.18731791e-01   5.27731608e-01  -1.03381092e-01
   2.15691124e-01   1.03921111e+00  -9.65409044e-01  -6.02411147e-01
   3.57618425e-01  -3.73111587e-01  -9.67385620e-01   1.92838107e-01
  -6.59474250e-01  -4.04846720e-01  -1.47417086e+00   2.69248754e-01
   1.15257339e+00  -2.46707372e-01   6.71448827e-01   3.86334439e-01
  -3.23738690e-01  -7.03938829e-01   3.61302033e-01   2.01147577e-01
  -6.57890730e-01  -8.42386999e-01   8.00885081e-01   1.48135223e+00
   9.34771093e-01  -6.88470249e-01  -3.13281505e+00  -2.98000476e-01
   3.48634697e-01   5.44394899e-01   1.21693017e+00   9.76546264e-02
  -2.22727952e-01  -9.92496271e-03   9.00957556e-01  -2.74088887e-01
   4.37395045e-01   2.31249026e+00  -5.55559008e-01  -5.21110972e-02
  -2.87907633e-01  -1.53031533e+00  -7.90462652e-01  -1.06319572e+00
   9.76175566e-01   1.87375847e-01   1.76732220e+00  -9.64807723e-02
  -9.88145314e-01   8.44512699e-02   8.45197989e-01   4.31971490e-01
   1.34313220e-01  -2.70569814e+00  -3.65817685e-01  -1.49611776e+00
   1.15157730e-01  -2.37568630e+00  -5.04700933e-01  -1.27185601e-01
   1.37312077e+00   2.19993886e-01  -5.24508252e-01  -2.52846467e-01
  -1.64347199e+00  -2.58724051e-01   3.72935358e-01  -1.68323656e+00
  -3.05468996e-01  -9.02886599e-01   3.37182818e-01  -2.08796072e-01
   1.44139517e+00  -1.34540270e+00  -5.40228043e-01  -3.56239617e-01
   2.96785783e-01   8.47239371e-01  -5.82477145e-01  -1.31234029e-01
   2.43559026e-01   2.05840128e-01   9.39230986e-01   8.27611888e-01
   9.29938823e-01   3.31773232e-02   1.04902480e+00  -1.47935963e-01
   1.70372333e-01   1.03941905e+00   2.13987962e+00   2.77564510e-01
   2.62244692e-01  -1.64049335e-01  -1.20719521e+00   7.02379385e-01
  -1.53724265e-01  -2.42632944e+00   1.87072636e+00   1.96768934e+00
  -2.94385444e-01   1.75133158e-01  -3.19700005e-01  -5.55041671e-01
  -3.83863530e-01  -2.25620808e-01   2.73330535e-01  -6.28628392e-02
  -9.98245692e-01  -5.52750663e-01   7.33510182e-01   4.15800257e-01
   1.01537336e+00   6.03696106e-01  -4.36824066e-02   6.89022501e-01
   1.22402737e+00   6.20152032e-01  -4.03593920e-01   8.29454545e-02
  -1.14890867e+00  -2.88068542e+00  -7.57637704e-01  -2.39481943e+00
  -1.34611576e+00  -5.33544740e-01  -6.74263837e-01  -1.87937465e+00
   8.12573735e-01   8.99352398e-01  -7.99508292e-01   8.59621267e-01
  -1.69413182e-01  -6.58360501e-01   8.47324077e-01   1.54691367e+00
   1.06708302e+00  -2.66443172e-01  -3.47098987e-01  -4.08914091e-01
  -1.46204584e+00  -9.45433731e-02   2.45462261e-02   6.43244620e-01
  -4.94314164e-02   6.26767153e-01   1.19616140e+00   1.33380118e-02
   2.54287787e-02   6.27693025e-01  -7.97248611e-01  -1.12807280e+00
  -2.12530264e-02   4.75613201e-03   1.09478759e-02   1.01870400e-01
   1.55085542e+00   2.24811169e-02   3.57286495e-01   4.07347281e-01
  -2.70725133e-01  -4.04070024e-01   6.33174124e-01   6.78905235e-01
  -7.97381127e-01   8.37851388e-01   1.81950445e-01   1.48457978e-01
  -4.66909421e-01  -7.19699961e-01   1.36924805e+00  -2.74763505e-01
  -1.07353124e-01  -6.96653217e-01   7.97333291e-01   2.14839325e-01
   7.23680053e-01   9.10083319e-01  -3.88708251e-01  -4.24010013e-01
   9.84155413e-01   1.16966602e-01  -5.63943152e-01   5.08281407e-02
  -7.35613892e-02  -3.92313091e-01  -3.48880183e-02   6.53392465e-01
   1.16443581e+00  -3.37883428e-01   6.90236669e-01  -3.70134993e-01
  -1.14362089e-03  -6.55952380e-01   5.54465364e-01  -6.08522002e-01
   3.69703403e-01   1.31691650e+00  -8.16180605e-02  -2.59332945e-01
   4.15446367e-02   1.02032037e-01   2.25533779e-01   5.62872336e-02
   4.38700886e-01  -3.03365125e-01  -6.09461091e-01  -1.07172466e-02
  -4.65709195e-01   8.25209692e-01   4.37250806e-01   7.37947998e-01
  -1.94053791e-01]

*** Componentes principais [T] (somente originais):
[-1.14151621  2.85838794 -2.81758682  1.4158194  -1.22454461  4.08547736
  0.96792632] [-0.93298773 -1.29448909 -0.50701911  0.44109249  0.09616314  1.57211364
  2.72720562] [-0.83594032  0.69947767  0.4536745  -1.76766578  0.74020819  0.29080652
 -0.12967201] [ 0.02746645  0.17376357  1.40901151 -3.12161303 -0.32370021 -0.4002491
 -0.16211523]


*** Para cluster:
[[-1.14151621 -0.93298773 -0.83594032  0.02746645]
 [ 2.85838794 -1.29448909  0.69947767  0.17376357]
 [-2.81758682 -0.50701911  0.4536745   1.40901151]
 [ 1.4158194   0.44109249 -1.76766578 -3.12161303]
 [-1.22454461  0.09616314  0.74020819 -0.32370021]
 [ 4.08547736  1.57211364  0.29080652 -0.4002491 ]
 [ 0.96792632  2.72720562 -0.12967201 -0.16211523]]


ou...
[[-1.14151621 -0.93298773 -0.83594032  0.02746645]
 [ 2.85838794 -1.29448909  0.69947767  0.17376357]
 [-2.81758682 -0.50701911  0.4536745   1.40901151]
 ..., 
 [-0.80554059 -1.23991954 -1.50024794  0.43725081]
 [-0.88121648 -0.25854136  1.34915846  0.737948  ]
 [ 2.43569407 -1.30511713  0.87454523 -0.19405379]]

*** Contribuições (autovetores) [P] (idem para todos e originais)

C1 [13.438102149742653, 19.088598059228314, 11.226958455326949, 0.38501984651522425, 4.7853091754123733, 19.718235523045553, 13.208922247855522, 18.148854542873398]
C2 [1.2478111370686589, 7.9500014172505713, 23.795128028575739, 23.50306311807693, 21.712411438371568, 0.8215891405264597, 14.992498744791522, 5.9774969753385543]
C3 [22.302774973740139, 3.2913040535480151, 10.431194793313079, 21.53539329048607, 17.274248854629146, 6.773593227629215, 1.2308103074452803, 17.160680499209061]
C4 [22.556542667981205, 14.571821870059191, 1.0637693883641786, 3.2020503828949156, 22.08827575359998, 11.577476154080783, 23.869134714465957, 1.0709290685537898]

*** Oposição:
[1.0, 0.87019648172334585, 0.90215971650135407, 0.60132998824650263, 1.2431065443409011, 0.34347951855326841]

*** Inovação:
[0.0, 1.0014975733170315, 2.0958828190644385, 1.263885115158021, 2.6923640525390122, 2.1675344527125167]

*** Dialéticas:
[nan, 15.388691544785507, 20.310961349528622, nan, nan]
dados [[ 1.76321436  1.63684924  0.26660695 ..., -0.34216195  0.42330664
   0.01119009]
 [ 1.02999211  0.5269962  -1.22604405 ..., -0.25821998  0.98188146
   0.32905635]
 [ 0.87799994 -0.1339033   0.3335978  ...,  0.1886168   0.78511379
  -1.02278009]
 ..., 
 [-0.16004244 -0.72559565 -0.01249998 ...,  0.42309284 -1.49752811
  -0.04494338]
 [ 0.23437359 -1.33522435 -0.59394592 ..., -0.07486709 -1.76314485
  -1.85003401]
 [ 1.69506942  0.46292771 -0.73307761 ..., -0.48563085 -2.18616663
  -1.86647147]]
main_means [1.8800973651514992, 3.3648860920146069, 3.0791188296833636, 1.9601563582631676, 1.720267430719973, 4.4742006506368588, 3.1516914015627893]
main_stds [0.88252108815177344, 1.0269011251772671, 1.0370597418963909, 0.90592873843436861, 0.87196401962823633, 1.0816686448712318, 1.0216939707551715]
eigenvalues means [-0.20002478 -0.08769744  0.01009376  0.0157031 ]
eigenvalues stds [ 0.00604125  0.00376721  0.00305404  0.00287382]
