NOTAS ALEATORIAS

A1 & 2.81542478256 & 8.58144272415 & 8.45210397543 & 1.52052696703 & 8.31362517013 & 8.69421037539 & 8.87031145174 & 1.44741623807 \
A2 & 2.57688810556 & 5.50505897516 & 7.91768935335 & 4.23590538519 & 3.61263354571 & 6.82388575552 & 8.11004531347 & 8.01429724708 \
A3 & 2.51177313744 & 2.48371464022 & 4.01876550511 & 8.02541058308 & 6.86847506229 & 8.28675351759 & 1.40540410527 & 4.91102446976 \
A4 & 3.04197568675 & 6.96480185935 & 5.94707964047 & 6.08731665736 & 8.20249301633 & 8.41292745712 & 1.85294700656 & 1.58297360282 \
A5 & 6.51466987084 & 7.31299251405 & 4.54780743454 & 3.7076956641 & 6.99349551052 & 2.04318693699 & 8.48454840469 & 5.61731783165 \
A6 & 7.13052630339 & 8.83879206474 & 4.30217490915 & 7.95007782044 & 6.83767722756 & 4.91987271352 & 5.07654051136 & 3.39654092824 \
A7 & 2.20166999634 & 1.52979880561 & 3.75137861772 & 2.63867149109 & 3.25797396498 & 8.4404281182 & 7.35807567982 & 8.38914093146 \

MATRIZ DE COVARIÂNCIA

[[ 3.67295712  3.14966209 -1.15512154  1.39329424  1.09511717 -3.83280623
   0.7396099  -0.93150079]
 [ 3.14966209  7.12594767  2.18269397 -0.15041941  3.19980084 -2.52961928
   1.85651272 -4.67453704]
 [-1.15512154  2.18269397  3.1894181  -2.03376144  0.49593608  1.1543116
   2.1349557  -1.29812209]
 [ 1.39329424 -0.15041941 -2.03376144  5.55362321  0.95815879 -0.51823268
  -5.60735119 -1.09332476]
 [ 1.09511717  3.19980084  0.49593608  0.95815879  3.60617101 -0.23372976
  -1.89983243 -4.65037555]
 [-3.83280623 -2.52961928  1.1543116  -0.51823268 -0.23372976  5.32195192
  -2.26921152 -0.95116756]
 [ 0.7396099   1.85651272  2.1349557  -5.60735119 -1.89983243 -2.26921152
   8.53830793  2.59463143]
 [-0.93150079 -4.67453704 -1.29812209 -1.09332476 -4.65037555 -0.95116756
   2.59463143  6.77777589]]

MINHA MATRIZ DE COVARIÂNCIA

[[ 3.67295712  3.14966209 -1.15512154  1.39329424  1.09511717 -3.83280623
   0.7396099  -0.93150079]
 [ 3.14966209  7.12594767  2.18269397 -0.15041941  3.19980084 -2.52961928
   1.85651272 -4.67453704]
 [-1.15512154  2.18269397  3.1894181  -2.03376144  0.49593608  1.1543116
   2.1349557  -1.29812209]
 [ 1.39329424 -0.15041941 -2.03376144  5.55362321  0.95815879 -0.51823268
  -5.60735119 -1.09332476]
 [ 1.09511717  3.19980084  0.49593608  0.95815879  3.60617101 -0.23372976
  -1.89983243 -4.65037555]
 [-3.83280623 -2.52961928  1.1543116  -0.51823268 -0.23372976  5.32195192
  -2.26921152 -0.95116756]
 [ 0.7396099   1.85651272  2.1349557  -5.60735119 -1.89983243 -2.26921152
   8.53830793  2.59463143]
 [-0.93150079 -4.67453704 -1.29812209 -1.09332476 -4.65037555 -0.95116756
   2.59463143  6.77777589]]

DPs

[ 1.91649605  2.66944707  1.7858942   2.35661266  1.8989921   2.30693561
  2.92203832  2.6034162 ]

MEUS DPs

[1.9164960523264158, 2.6694470713034719, 1.7858942009179601, 2.3566126554999016, 1.8989921031580201, 2.3069356118667752, 2.9220383179894922, 2.6034161951478834]

PEARSON

[[ 1.    0.62 -0.34  0.31  0.3  -0.87  0.13 -0.19]
 [ 0.62  1.    0.46 -0.02  0.63 -0.41  0.24 -0.67]
 [-0.34  0.46  1.   -0.48  0.15  0.28  0.41 -0.28]
 [ 0.31 -0.02 -0.48  1.    0.21 -0.1  -0.81 -0.18]
 [ 0.3   0.63  0.15  0.21  1.   -0.05 -0.34 -0.94]
 [-0.87 -0.41  0.28 -0.1  -0.05  1.   -0.34 -0.16]
 [ 0.13  0.24  0.41 -0.81 -0.34 -0.34  1.    0.34]
 [-0.19 -0.67 -0.28 -0.18 -0.94 -0.16  0.34  1.  ]]

MEU PEARSON

[[ 1.    0.62 -0.34  0.31  0.3  -0.87  0.13 -0.19]
 [ 0.62  1.    0.46 -0.02  0.63 -0.41  0.24 -0.67]
 [-0.34  0.46  1.   -0.48  0.15  0.28  0.41 -0.28]
 [ 0.31 -0.02 -0.48  1.    0.21 -0.1  -0.81 -0.18]
 [ 0.3   0.63  0.15  0.21  1.   -0.05 -0.34 -0.94]
 [-0.87 -0.41  0.28 -0.1  -0.05  1.   -0.34 -0.16]
 [ 0.13  0.24  0.41 -0.81 -0.34 -0.34  1.    0.34]
 [-0.19 -0.67 -0.28 -0.18 -0.94 -0.16  0.34  1.  ]]
