Autovalores: [ 45.85613596  23.46034661  15.50944638  10.55234956   3.97629015   0.64543134  0. ] 
Soma 2 primeiros: 0.693164825706
Autovalores: [ 38.05881501  25.52895489  17.72789721   9.21008887   5.89107973   3.5831643   0. ] 
Soma 2 primeiros: 0.635877699003
Autovalores: [ 49.65979648  21.99603086  11.92020158   9.88025374   5.22323491   1.32048243  0. ] 
Soma 2 primeiros: 0.716558273398
Autovalores: [ 37.7745939   21.48677929  20.7967061   10.92008219   5.4457733    3.57606522  0. ] 
Soma 2 primeiros: 0.592613731875
Autovalores: [ 33.48334795  25.89920824  17.16104806  15.71307044   6.36968602   1.37363929  0. ] 
Soma 2 primeiros: 0.59382556195
Autovalores: [ 36.23566429  22.98033757  19.96329272  13.36333028   4.90107408   2.55630106  0. ] 
Soma 2 primeiros: 0.592160018569
Autovalores: [ 36.56828249  30.26596177  16.17572146  12.87225453   2.42254988   1.69522986  0. ] 
Soma 2 primeiros: 0.668342442669
Autovalores: [ 33.33182227  26.83136787  22.23013328   9.30170159   5.01596435   3.28901064  0. ] 
Soma 2 primeiros: 0.601631901451
Autovalores: [ 42.87748493  26.61103795  15.16132188  10.78375589   4.35345945   0.2129399   0. ] 
Soma 2 primeiros: 0.694885228791
Autovalores: [ 38.76645748  23.81522316  18.59362279  13.60072426   4.50284864   0.72112366  0. ] 
Soma 2 primeiros: 0.6258168064
Autovalores: [ 36.34691317  28.86347677  16.09928619  10.09073413   7.72624391   0.87334582  0. ] 
Soma 2 primeiros: 0.652103899437
Autovalores: [ 36.4735093   31.1858766   18.50011961  11.10303177   2.65351939   0.08394333  0. ] 
Soma 2 primeiros: 0.676593858955
Autovalores: [ 32.72173451  23.4496906   18.15368774  17.84766655   6.18836806   1.63885253  0. ] 
Soma 2 primeiros: 0.561714251154
Autovalores: [ 34.70009552  21.78313417  19.2796263   17.54456465   4.22018718   2.47239219  0. ] 
Soma 2 primeiros: 0.564832296927
Autovalores: [ 42.48343665  17.4347442   15.74342399  14.21155686   9.90643634   0.22040196  0. ] 
Soma 2 primeiros: 0.599181808533
Autovalores: [ 49.49445033  23.59861356  15.41198827   6.87091962   2.45872746   2.16530076  0. ] 
Soma 2 primeiros: 0.730930638906
Autovalores: [ 39.13450213  26.10442587  19.14525267   8.95872181   5.41175994   1.24533758  0. ] 
Soma 2 primeiros: 0.652389280049
Autovalores: [ 38.55121683  25.56487959  22.18665681   7.72215648   4.73533304   1.23975726  0. ] 
Soma 2 primeiros: 0.641160964206
Autovalores: [ 39.76825742  23.00579512  18.8894692   13.72983137   4.12461985   0.48202703  0. ] 
Soma 2 primeiros: 0.627740525451
Autovalores: [ 38.17315153  28.69423298  13.92118195  10.94677948   6.16905299   2.09560107  0. ] 
Soma 2 primeiros: 0.668673845147
Autovalores: [ 42.7271173   24.008696    15.72719096   9.1017328    5.47654401   2.95871893  0. ] 
Soma 2 primeiros: 0.667358132963
Autovalores: [ 32.91827893  21.59852322  20.89219457  12.58959348   9.15556406   2.84584573  0. ] 
Soma 2 primeiros: 0.545168021536
Autovalores: [ 45.09837897  27.75736323  13.41781414   9.33547778   3.6545273    0.73643858  0. ] 
Soma 2 primeiros: 0.728557422046
Autovalores: [  4.42984435e+01   3.18592717e+01   1.35627045e+01   7.73733314e+00  2.9e+00   1.88431663e-02   0.00000000e+00] 
Soma 2 primeiros: 0.761577151791
Autovalores: [ 37.74444667  27.50238819  20.01943286   9.90008866   4.20235802   0.63128561  0. ] 
Soma 2 primeiros: 0.652468348588
Autovalores: [ 42.23255732  21.6653883   18.52711499  10.49226949   4.53630783   2.54636207  0. ] 
Soma 2 primeiros: 0.638979456245
Autovalores: [ 33.47068296  28.47413371  16.88990652  14.76092853   4.02396014   2.38038813  0. ] 
Soma 2 primeiros: 0.619448166732
Autovalores: [ 30.78881936  26.84253654  18.67892881  14.08145986   9.16957321   0.43868222  0. ] 
Soma 2 primeiros: 0.576313558996
Autovalores: [ 35.63779502  21.57619299  24.02629304  11.00345474   7.33091078   0.42535343  0. ] 
Soma 2 primeiros: 0.572139880151
Autovalores: [ 32.41784339  22.96077268  19.98792698  16.11560535   5.96829139   2.54956022  0. ] 
Soma 2 primeiros: 0.553786160668
Autovalores: [ 33.81219786  24.14387337  19.431879    15.35642076   6.10677274   1.14885627  0. ] 
Soma 2 primeiros: 0.579560712337
Autovalores: [ 44.54412155  22.89536796  14.00966661   8.70233989   6.24293076   3.60557324  0. ] 
Soma 2 primeiros: 0.674394895125
Autovalores: [ 37.98982054  25.72349037  20.08559019  13.84179199   1.78934865   0.56995826  0. ] 
Soma 2 primeiros: 0.637133109069
Autovalores: [ 44.90886472  25.56187022  12.56498445   9.17208829   5.50501429   2.28717803  0. ] 
Soma 2 primeiros: 0.704707349374
Autovalores: [ 41.48365789  25.44784462  16.45990079   9.67501291   6.43079678   0.50278701  0. ] 
Soma 2 primeiros: 0.669315025085
Autovalores: [ 44.93411042  29.11933493  12.01557288   9.25053859   3.35885534   1.32158784  0. ] 
Soma 2 primeiros: 0.740534453519
Autovalores: [ 41.59858574  26.52720785  17.08697068  11.4790825    2.08545822   1.222695    0. ] 
Soma 2 primeiros: 0.681257935954
Autovalores: [ 31.88685281  28.46253791  19.0600389   11.09869042   6.04616039   3.44571957  0. ] 
Soma 2 primeiros: 0.603493907233
Autovalores: [ 47.37819231  19.92674573  17.84358929  10.15570306   3.88213407   0.81363555  0. ] 
Soma 2 primeiros: 0.673049380396
Autovalores: [ 40.65665563  24.80081692  23.24079169   7.59619509   3.0865924    0.61894826  0. ] 
Soma 2 primeiros: 0.654574725537
Autovalores: [ 40.73602149  23.14552755  20.09676861   9.09675293   3.69959577   3.22533365  0. ] 
Soma 2 primeiros: 0.638815490438
Autovalores: [ 40.48686867  24.57595037  15.63557192  10.75482673   6.97673217   1.57005015  0. ] 
Soma 2 primeiros: 0.65062819034
Autovalores: [ 43.76512933  29.74604573  12.84601919   6.92049047   5.00658172   1.71573356  0. ] 
Soma 2 primeiros: 0.735111750556
Autovalores: [ 40.45901185  27.28551326  20.73470047   7.2637615    3.03795828   1.21905464  0. ] 
Soma 2 primeiros: 0.677445251121
Autovalores: [ 32.30088189  25.10547978  18.6301681   15.06679215   7.10493557   1.79174252  0. ] 
Soma 2 primeiros: 0.574063616699
Autovalores: [ 46.13794303  26.86043148  12.30963175   9.74531647   3.88083561   1.06584166  0. ] 
Soma 2 primeiros: 0.729983745035
Autovalores: [ 47.1840076   22.58439194  16.89436886   6.89036202   5.71154955   0.73532004  0. ] 
Soma 2 primeiros: 0.69768399541
Autovalores: [ 42.70902011  21.97347499  16.15858626  12.48303108   4.45163749   2.22425006  0. ] 
Soma 2 primeiros: 0.646824951041
Autovalores: [ 34.92943658  28.48813977  25.43515321   5.94874476   3.80378558   1.3947401   0. ] 
Soma 2 primeiros: 0.634175763479
Autovalores: [ 46.50543672  28.91087803  13.84454342   6.18355156   2.81261857   1.74297171  0. ] 
Soma 2 primeiros: 0.75416314745
Autovalores: [ 36.48419977  24.8835422   23.25887046   8.76533967   3.73248741   2.8755605   0. ] 
Soma 2 primeiros: 0.613677419631
Autovalores: [ 33.13915092  28.78717663  22.62214477   9.88228149   5.18166044   0.38758575  0. ] 
Soma 2 primeiros: 0.619263275491
Autovalores: [ 35.72483722  31.78999764  18.15683969  11.01384212   2.17005079   1.14443254  0. ] 
Soma 2 primeiros: 0.675148348623
Autovalores: [ 38.07040967  24.11417903  21.02068154  11.30224369   4.15192418   1.34056189  0. ] 
Soma 2 primeiros: 0.621845887022
Autovalores: [ 37.23144243  30.10557426  21.16085165   7.81533233   2.26827897   1.41852035  0. ] 
Soma 2 primeiros: 0.673370166929
Autovalores: [ 35.76791798  24.84930047  15.19011316  12.1271904    9.57259827   2.49287973  0. ] 
Soma 2 primeiros: 0.606172184473
Autovalores: [ 43.3170785   24.78549301  13.57076604  10.74851677   7.03681397   0.54133171  0. ] 
Soma 2 primeiros: 0.681025715095
Autovalores: [ 39.57481001  27.0679036   21.53422972   8.1330288    3.49105411   0.19897375  0. ] 
Soma 2 primeiros: 0.66642713611
Autovalores: [ 44.33671636  21.70758072  19.24825487   8.80315596   5.65208396   0.25220813  0. ] 
Soma 2 primeiros: 0.660442970757
Autovalores: [ 33.65800381  29.33718008  15.49580895  13.69459426   5.32897818   2.48543471  0. ] 
Soma 2 primeiros: 0.62995183896
Autovalores: [ 32.49287198  22.96957895  17.68220769  15.45832448   9.09766172   2.29935517  0. ] 
Soma 2 primeiros: 0.554624509392
Autovalores: [ 41.90889403  22.79925678  17.12741214  10.96700764   5.30238933   1.89504008  0. ] 
Soma 2 primeiros: 0.647081508134
Autovalores: [ 37.54181926  25.94922545  19.4265973   12.49460658   4.46356023   0.12419118  0. ] 
Soma 2 primeiros: 0.634910447058
Autovalores: [ 42.19886077  23.92860779  16.61440231   9.27461577   6.49621566   1.48729771  0. ] 
Soma 2 primeiros: 0.66127468555
Autovalores: [ 35.505966    29.13893111  19.48009077   9.74741001   4.13093604   1.99666607  0. ] 
Soma 2 primeiros: 0.646448971101
Autovalores: [ 38.08662938  26.10109708  19.40891936   9.60245351   6.50580551   0.29509515  0. ] 
Soma 2 primeiros: 0.641877264666
Autovalores: [ 32.71289664  27.13374789  15.15393813  11.19475231   8.05872503   5.74594001  0. ] 
Soma 2 primeiros: 0.598466445212
Autovalores: [ 48.86954571  24.2125245   12.68522159  11.21163425   1.97015027   1.05092368  0. ] 
Soma 2 primeiros: 0.73082070214
Autovalores: [  4.95326275e+01   2.41482354e+01   1.70428185e+01   7.15860340e+00  2.5e+00   1.17805215e-02   0.00000000e+00] 
Soma 2 primeiros: 0.736808629179
Autovalores: [ 42.44434234  22.52711873  18.88686684  12.88655902   2.64767939   0.60743368  0. ] 
Soma 2 primeiros: 0.649714610677
Autovalores: [ 37.80256263  24.81935127  18.14172346   8.29389184   6.75350127   4.18896953  0. ] 
Soma 2 primeiros: 0.626219138956
Autovalores: [ 34.44711058  25.64781781  19.94486879  14.0382879    3.77541252   2.1465024   0. ] 
Soma 2 primeiros: 0.600949283935
Autovalores: [ 45.6705452   20.04577942  14.00537286  11.96660081   7.73805423   0.57364749  0. ] 
Soma 2 primeiros: 0.657163246203
Autovalores: [ 46.33095801  22.50392742  15.78245079   9.07340762   4.991362     1.31789417  0. ] 
Soma 2 primeiros: 0.688348854247
Autovalores: [ 42.66039169  25.72949629  15.95204913   8.13913341   5.55440663   1.96452285  0. ] 
Soma 2 primeiros: 0.683898879797
Autovalores: [ 39.41030743  27.54221378  13.41385464  10.51501366   6.81283705   2.30577343  0. ] 
Soma 2 primeiros: 0.669525212145
Autovalores: [ 34.87544539  24.39911561  21.90639893  15.06626015   3.06103826   0.69174167  0. ] 
Soma 2 primeiros: 0.592745609958
Autovalores: [ 33.63979648  24.03569186  15.73775542  15.10584812   8.40703804   3.07387008  0. ] 
Soma 2 primeiros: 0.576754883429
Autovalores: [ 36.74869178  27.54629135  15.73218212  10.84685685   7.14062632   1.98535158  0. ] 
Soma 2 primeiros: 0.642949831234
Autovalores: [ 38.07081587  24.61278691  17.25823929  15.29078769   3.57558242   1.19178782  0. ] 
Soma 2 primeiros: 0.62683602775
Autovalores: [ 44.83016567  28.56630348  16.14693244   9.81701937   0.57704355   0.06253548  0. ] 
Soma 2 primeiros: 0.733964691558
Autovalores: [ 43.88177077  22.33134608  16.68288125   9.53418096   6.24069187   1.32912907  0. ] 
Soma 2 primeiros: 0.662131168519
Autovalores: [ 36.38781958  28.19103467  18.73545041  10.68702551   5.54711573   0.4515541   0. ] 
Soma 2 primeiros: 0.64578854249
Autovalores: [ 45.2675458   24.22586719  15.82498012   8.27803306   4.34666917   2.05690466  0. ] 
Soma 2 primeiros: 0.694934129813
Autovalores: [ 43.09263263  28.71541601  14.41531906  11.951104     1.34811552   0.47741278  0. ] 
Soma 2 primeiros: 0.718080486351
Autovalores: [ 38.77225296  24.22325304  17.58788849  11.41719805   7.0785843    0.92082316  0. ] 
Soma 2 primeiros: 0.629955059918
Autovalores: [ 31.62467199  26.69569177  17.53426745  11.04143434   6.7808738    6.32306065  0. ] 
Soma 2 primeiros: 0.583203637578
Autovalores: [ 44.66035658  24.57697468  21.59762759   5.68523733   2.97519825   0.50460557  0. ] 
Soma 2 primeiros: 0.6923733126
Autovalores: [ 38.73189485  32.13256633  16.75935586   7.33120645   4.67719259   0.36778392  0. ] 
Soma 2 primeiros: 0.708644611828
Autovalores: [ 38.05165546  22.68544779  18.36608861  13.57073748   5.15919054   2.16688011  0. ] 
Soma 2 primeiros: 0.607371032504
Autovalores: [ 34.28758069  25.04301892  17.10761098  12.21760619   6.82673394   4.51744928  0. ] 
Soma 2 primeiros: 0.593305996126
Autovalores: [ 44.1308936   28.0718397   16.04395669   6.53504084   4.20791066   1.0103585   0. ] 
Soma 2 primeiros: 0.722027333024
Autovalores: [ 38.7449288   20.74076763  18.19372371  11.51352628   7.60032095   3.20673263  0. ] 
Soma 2 primeiros: 0.594856964301
Autovalores: [ 38.64805208  26.56455887  23.65354723   8.49938788   2.32807963   0.30637432  0. ] 
Soma 2 primeiros: 0.652126109453
Autovalores: [ 37.21409194  23.07545416  16.46385144  13.33361363   6.26012111   3.65286772  0. ] 
Soma 2 primeiros: 0.602895461018
Autovalores: [ 37.52011159  33.4992096   11.38601578   8.76412562   5.20600868   3.62452873  0. ] 
Soma 2 primeiros: 0.71019321192
Autovalores: [ 40.37109855  23.88576032  19.14283433   9.70576904   5.18782234   1.70671543  0. ] 
Soma 2 primeiros: 0.642568588697
Autovalores: [ 37.28221743  32.20245381  17.1951752    9.35388359   2.87930974   1.08696023  0. ] 
Soma 2 primeiros: 0.694846712399
Autovalores: [ 33.22933915  26.44391067  17.77826516  14.40826513   6.78107758   1.35914231  0. ] 
Soma 2 primeiros: 0.5967324982
Autovalores: [ 38.10765387  26.13159086  22.19306902   8.47995445   3.81162368   1.27610813  0. ] 
Soma 2 primeiros: 0.64239244728

Média das variâncias nos dois primeiros eixos: 0.649060472329