CONSEGUIMOS UM GRUPO

[[4.695389509037426, 2.118209912598237, 7.316884441014302, 1.2200625138782222, 4.974414681942841, 5.766447321183705, 6.440131011581978, 3.7537560326146373], [3.343007567270126, 6.445504687179428, 2.969430419929039, 8.82859523631394, 3.40966163532181, 4.022862877803651, 7.371361929018083, 7.804171508900618], [1.750405219561923, 1.0020867316867088, 2.502060954556999, 1.129365725931538, 7.912818655114643, 6.274357519173422, 4.952143312826082, 1.681633654795685], [1.520259612787605, 5.313362722415165, 4.682098256911553, 7.029406366787072, 5.770029620020873, 4.784088080640857, 3.2810651284027186, 7.845859519339262], [4.165794967748708, 4.881061316967252, 3.887878774846235, 7.745018915352121, 6.4516096034430355, 5.828392522611217, 3.7199376995208864, 8.75311830022559], [5.396493479524981, 1.8480478776007416, 1.8846833664227303, 7.236826776459418, 8.695465981535722, 1.622094371203982, 7.06129538951376, 6.157681494996847], [1.8987854985720993, 6.453937053716099, 2.8060099821414966, 7.883073810025998, 7.745071791304808, 6.863761266684371, 4.804293385080666, 7.015244833576303]]
1
CONSEGUIMOS UM GRUPO

[[1.9868829520842128, 6.609427047910941, 2.449058725736025, 6.182082208892556, 8.037973134276596, 7.341518359583109, 4.365691408653805, 5.69991972355854], [7.360370804467164, 6.554798789484582, 1.821302489982397, 1.916500927718535, 8.02598795471694, 6.11943629268386, 1.1563540186698136, 1.6416906197309995], [3.864256271217412, 1.9978038050468685, 8.156726373346412, 3.7229157382712783, 1.5048167574552034, 5.19732562557263, 6.1270968533255346, 1.0904778959653907], [5.2935071191645475, 8.818205142675922, 3.882117616959275, 7.715802123181579, 5.311850608931152, 4.968741353769847, 3.2728043047261153, 8.065490613212862], [8.516662385520199, 6.245009800308212, 4.459435116882645, 2.801278756366889, 1.877543757205892, 6.69269488564847, 3.238119635850505, 5.495238208953714], [1.3116784352282336, 7.385255974631345, 2.1480476622063662, 5.084388771107278, 3.437726734582154, 8.432981567295458, 2.0373184392011883, 6.974540550790609], [3.7522494032129448, 8.568126403744511, 1.2610278044766696, 6.791937411370159, 4.943518437062912, 4.6974375031405975, 7.702879337263057, 3.3105620548601777]]
2
CONSEGUIMOS UM GRUPO

[[1.4207872354958164, 1.473382395674843, 1.8979821136193218, 1.5075214390174718, 3.076622752892778, 3.291441446292941, 6.685687747524522, 8.989151903088356], [1.2256617943047479, 7.1988647643426, 7.7496338329793675, 1.5690999314434624, 7.00213724229181, 2.245875927568316, 2.1834740512499566, 4.632457548490648], [7.664697530502021, 6.9693315777723654, 8.844914198797596, 7.521464552033859, 1.2358084969168779, 8.873651226932463, 4.2993372397629805, 3.7599985409360057], [3.874130745103952, 3.9985942017741953, 2.6372392405058296, 5.918823988123528, 4.135918960091374, 8.199828760462438, 5.28227442162765, 7.381265426577741], [6.610510245193597, 4.305548846794096, 5.194008368496593, 7.8199982406270845, 6.076128713580745, 5.335287320219803, 2.9543293007485056, 2.8898764787840054], [3.0363129305398244, 1.4301099947930682, 3.0335222682399268, 8.085772838118398, 8.052457963061414, 7.134768099262161, 3.9629081810159503, 6.874829502646576], [7.479994451654501, 6.340515981682115, 2.5921422722193856, 1.212804280142131, 4.572012892826183, 5.495399090807691, 6.022738893820439, 6.967802239433947]]
3
CONSEGUIMOS UM GRUPO

[[2.9669720936238075, 2.7694534641785733, 7.570324888718544, 5.418189672821478, 5.6300993658929315, 1.338835653523451, 8.59643418346819, 1.7247873698771743], [4.892043507437053, 2.141791686858947, 4.675841411676819, 4.044708240516697, 4.897125607709908, 6.118605997784583, 7.854960542529648, 1.355738249802946], [5.3620512709714, 7.254592012716003, 7.762971001450843, 2.2654715830266463, 8.991259415366407, 1.3247664932635352, 2.600568888948568, 5.505695540613019], [7.332484603277847, 5.623156839750941, 7.742071671266469, 5.785716067403746, 8.292854786316925, 2.9295852872405472, 1.827411843763727, 7.669135084057481], [6.414517316166807, 4.81771143478884, 4.913872733543029, 6.331102354571916, 4.403931710433227, 7.2747983159434755, 5.209951504188403, 6.429300246590329], [2.5178509891698573, 8.698495779136584, 8.40039372539539, 8.703512435960137, 4.896325969534609, 3.7635089232224948, 3.6043639742222355, 8.329009789560816], [1.3575071166704262, 8.030428548396245, 5.387213608661946, 8.872818575912166, 1.758582028183672, 3.216570599857816, 5.397747806441066, 7.0224279320951055]]
4
CONSEGUIMOS UM GRUPO

[[2.9022029058489744, 8.399603604861223, 3.6002114625004644, 3.4692815995535993, 6.119724146335266, 3.940708060036892, 2.920340488339682, 7.783150019430353], [4.308830569688038, 3.876993429287996, 8.31318454727705, 7.182641044390662, 5.165694252750262, 7.636760958419732, 5.556778244756522, 1.567304400048017], [4.488112380229134, 1.0710454238180827, 1.412491089530759, 2.677976967612799, 5.662354951512295, 8.238253198799622, 7.201602821024683, 2.8601235101518183], [3.3591423376219796, 8.808566927882659, 1.6844571191706823, 6.538886554065829, 4.071392243957685, 3.9530481361904215, 2.970801071003584, 4.326271438504151], [3.200924099793836, 4.291262508201028, 4.3717617202583074, 6.907836529708854, 1.8998262734396354, 2.8519539417442346, 1.610005142073665, 4.973703033305308], [6.8166043831212395, 8.500008995008566, 3.792540087730842, 5.637124495194108, 3.2639645850660512, 2.6912845096528146, 3.254699958312032, 8.278679144419522], [7.150287025159897, 8.868767440141642, 7.0021846994655, 7.942197916259425, 3.92625918541661, 4.030817580705555, 1.0465265988051087, 4.9330097838922295]]
5
CONSEGUIMOS UM GRUPO

[[7.817458838742713, 3.4244553406018206, 4.0766929026096514, 6.890467810948225, 2.1171012701235474, 3.918272236923271, 8.05500157755299, 3.4798354597658507], [7.512916953249478, 4.547051533739329, 8.791873494449353, 1.4364890222879128, 3.6740005941381604, 5.4349191111544135, 4.747579800633992, 7.686728025036791], [6.264098652969093, 4.234073585510027, 1.4779928284195432, 6.034351234344991, 6.348258832655947, 6.4873997708514315, 2.3494646824169854, 2.320801577249119], [4.967367214491418, 8.818059461100933, 3.437437574801274, 7.735344899364107, 4.461970691419184, 2.298377137039547, 1.3514043235111837, 2.795775011656522], [8.043060779977973, 5.247171285501472, 6.531006663949143, 2.150617170961606, 5.427447037946841, 7.891429694256827, 2.727382414632931, 8.269974797194521], [7.981037133825596, 7.7809836869003455, 8.705210882015761, 1.9395063728571929, 8.735696344785513, 3.019397896668142, 4.937156817834286, 8.660508252123336], [2.966459448501757, 1.7662351637325244, 1.6532786003925075, 3.1869820743959236, 3.6830248681872524, 2.587801483585401, 3.1839252833329734, 7.62797133669102]]
6
CONSEGUIMOS UM GRUPO

[[3.378729735074465, 8.799913466019936, 5.76075639618145, 3.2031242725269466, 5.692740852341077, 4.755557005306162, 2.322496524185432, 4.600826284280275], [1.688363179298702, 6.976082747551389, 1.0357220753174898, 8.261247414298234, 4.708622528184785, 6.250863427572614, 4.341967488550431, 6.063197671837741], [4.222713310342785, 7.30229511433499, 2.769417166205427, 8.348217134240896, 1.1195330888682173, 3.146266315121296, 2.809886463326352, 5.164809224127788], [1.12775573749364, 6.07825145052723, 3.256319366807662, 6.795507457724329, 4.76194355848393, 4.719253836278397, 7.233900194081258, 1.9135251540497933], [4.286441189393879, 4.523775820912652, 7.691011800794634, 8.337750681855791, 7.244830664791014, 4.8104346455738645, 5.593365629476558, 7.074094504554916], [4.690339205597781, 7.153652790268237, 2.473495799945649, 1.3830123613597785, 7.360327963196357, 7.367538799607651, 6.048476381860697, 8.439881926559728], [2.981775899746073, 1.9901496757929804, 6.111410148136211, 7.493453313916551, 4.153736853577027, 7.7378905708433665, 8.462291359284237, 7.750252851357104]]
7
CONSEGUIMOS UM GRUPO

[[3.468317908736947, 8.908675222529642, 5.5939882731406945, 3.345709099192076, 5.702381423727189, 4.625070009348242, 8.468115662572966, 7.68402661736449], [8.31923795465418, 7.483242292101284, 1.6200223531545985, 1.6358494454212007, 6.45645392108035, 3.1332125437559553, 6.319307181802659, 1.3822300593330095], [5.512410829726601, 2.6593143843669242, 1.3508440987254042, 5.321115001185845, 5.447358596991416, 7.332972113164387, 2.378940134884264, 1.3533792049284186], [7.310268887601292, 2.4027457020148644, 4.6637331206552535, 4.557102507112207, 6.088872300671312, 2.2610667185216826, 5.206844816043875, 7.082058737166838], [8.5250056772597, 4.525503871616533, 6.850450709189097, 7.237877817320084, 3.028594553383475, 3.327118341928368, 7.444704053916998, 8.947610803626297], [4.032706123685395, 4.971833706802432, 5.966145038809265, 7.085078519003765, 2.0621349497866452, 3.129592197950604, 6.155350014285658, 3.2480076089625776], [1.1062023204733302, 4.006487201320471, 1.8032442036503227, 6.663223836000952, 8.507248441355202, 7.955063736561294, 1.2568191322823354, 8.768651458725163]]
8
CONSEGUIMOS UM GRUPO

[[3.1227490592578917, 7.611441400774184, 4.761608924380599, 2.283064504694389, 7.556479027778256, 5.523915835498963, 3.3588213631678583, 7.038832679018309], [3.7792980117219255, 4.842799330590449, 7.976304833687168, 6.253513179136875, 5.091060334106087, 4.716831208946179, 8.851535627996224, 1.14636350924087], [8.539907451405725, 1.5297797146944738, 2.1321197477241594, 3.3159060577569246, 8.083170992886672, 1.4278612551825711, 7.373977609343935, 2.985118615478643], [5.62031647169415, 1.930105397045116, 8.478225453551442, 6.475946200113523, 3.036901644039469, 7.550123739077197, 3.025922320300854, 6.869356940083201], [3.8692814683433054, 1.794474174695302, 3.280095076451074, 7.197341153971738, 4.925187929395037, 4.731872291177982, 3.1266073792977878, 5.127499414061803], [1.8001543991019817, 4.591061989882211, 2.3726743638283807, 6.080574123038793, 1.5695924238762498, 2.149765887297095, 7.133649938835474, 4.739240852412439], [7.35308124506877, 6.599339884977325, 4.336330373692837, 2.809235269255945, 7.105348027335611, 1.9492439769402692, 4.928403053235219, 3.7117269526741437]]
9
CONSEGUIMOS UM GRUPO

[[2.9019280948244495, 4.923794648883247, 4.7477682128574985, 2.1135603789860022, 8.494305232262967, 4.757925741500711, 6.821012062682073, 7.3592629924814235], [8.54488505762652, 2.097601692575087, 3.2737781117260356, 6.009122617534295, 8.727631431557686, 2.5175548871148985, 6.733457993165683, 1.57851458541933], [2.4792163017278064, 7.469329540231765, 1.317182940509742, 6.0639107584368, 5.568110768641976, 2.268956001749121, 8.953720780919264, 8.649070599392378], [6.214720428566377, 8.947087055781237, 4.176007071988399, 2.244123771154306, 3.366941174553612, 5.38325290377294, 3.8736933409426824, 3.5243881922798197], [7.268489596314009, 7.132989299683887, 3.599973958779448, 7.420863271413646, 4.1326876586591705, 5.6310921552881075, 5.412163497224796, 7.8491833352240485], [2.1797266181443877, 4.523632669372935, 5.723552718741001, 2.432663567372603, 1.8068039674021685, 7.905257964477895, 2.0199189381589866, 1.9592527471042906], [1.7514304404518413, 2.8014238376717993, 6.244973761541901, 2.0728295079071986, 1.0137010985502872, 3.329286423271305, 7.728081870486515, 1.7829489339558613]]
10
CONSEGUIMOS UM GRUPO

[[8.813880059070945, 2.350711435187243, 1.387621185378717, 3.7859724883302235, 5.108151304474543, 1.0722438480738372, 6.936516486272193, 8.198276812302902], [4.509027589045439, 7.045170671067633, 3.2433691476643762, 4.396850452701884, 1.6937569422192293, 3.1185928096782822, 5.783479466377747, 6.824337795065574], [8.507311367602313, 5.641802885702945, 2.882755099420142, 4.494318378214295, 5.537975395387563, 2.673849048992162, 8.701692724690774, 1.5000011977736474], [5.088560974064465, 5.987496470102138, 3.2125699568176334, 8.792090135945454, 2.2037803939746787, 7.832289592995599, 7.801966634149014, 4.607439462751396], [6.6058612515318025, 7.881549573395998, 5.109206439505906, 3.5928739990492033, 6.733148886141304, 7.401397274600691, 8.152457612542857, 1.8229146166553143], [7.8427425501093495, 8.31814985423635, 6.529585963586276, 7.7669313790910595, 6.441539298810757, 4.695479064713212, 8.858199111043811, 4.441101072008627], [4.214339328230115, 5.675048696916296, 2.349094963166209, 3.2827160476580044, 3.7983686216029415, 7.648269475547372, 4.597509337887532, 8.307897708879736]]
11
CONSEGUIMOS UM GRUPO

[[3.253555526331554, 1.9768736529399602, 4.922420021548358, 1.8967575203459326, 3.313310299317795, 4.168164152116774, 7.823958467282076, 1.1214602693903117], [3.6557785366259523, 3.834592390093645, 2.067372568041102, 7.396300712570872, 3.5102100501504054, 2.3145704590204694, 1.1179307797087787, 1.2913214155360837], [8.012286478476472, 3.2759749597760566, 5.698753732215931, 6.346753721902822, 6.347174910639907, 1.0943343128998961, 2.116850448691622, 1.2909683446292481], [1.5554092323626234, 2.2425459663274285, 1.0928321804667593, 7.51534983637811, 3.5046151587550893, 1.2213683783563214, 8.07648223507184, 7.2347637172785495], [7.110994366202173, 5.3054456488747785, 6.213876274947274, 1.8570333498902496, 2.5052324369004833, 7.254232635918341, 7.903828054140618, 4.683882541654503], [7.9015625338623225, 6.053967241507642, 5.57613578527397, 6.97339588726577, 6.321161290206434, 5.455463716832449, 8.800537340398172, 5.420690233330809], [4.474803355134064, 6.298436323456217, 8.724594192656934, 3.6354876346225824, 5.595944570764881, 3.483410114812145, 1.4353179681194224, 5.182935633528702]]
12
CONSEGUIMOS UM GRUPO

[[8.449233961107128, 8.226982140674009, 7.200230919004805, 8.468686628893565, 5.256485457174907, 5.491381682800096, 2.128398113725563, 5.074087960045954], [6.176453911193695, 1.9338540208133006, 7.51817470184796, 8.781470107642365, 3.4494794350578584, 5.695297192070039, 4.829588598090593, 8.417068268098328], [4.3419025372431514, 3.616516413052234, 8.145898184395097, 2.1780736007615724, 3.341687337373031, 7.010027740690246, 6.3176955079197485, 5.552374237489804], [6.173314925743689, 6.223569972301023, 2.3499485133975373, 7.969968816884022, 3.1589241187026316, 4.5426610821434155, 4.8298710496878225, 1.3102708453120684], [8.65541967702724, 3.518046714981068, 7.461652919753745, 4.706104959398774, 5.998004693205916, 8.262867932368923, 1.8426109771698425, 3.257416576975171], [7.566240648296898, 7.933805440655755, 8.469509351662756, 7.504800349899881, 7.7815753428297825, 4.679571668504628, 5.977846806782863, 5.594786414327346], [1.1844090677768522, 5.155874062378225, 7.035689021525924, 7.255885691482233, 1.0313381305872484, 5.5149506393076955, 3.389631546651981, 5.815124339790695]]
13
CONSEGUIMOS UM GRUPO

[[4.129807749311554, 8.940921151436715, 4.755523717085767, 4.301733409101832, 7.8953934912924115, 4.155620905711393, 2.6678025830556704, 7.4393064278649215], [8.024723210344316, 8.49724866330153, 7.801357503567464, 7.125358015998148, 5.656068591037553, 2.217527532717848, 5.50740076144286, 3.921167486046156], [5.4426095914797905, 3.185888149547484, 7.233085308387925, 1.1456613294981377, 8.36903448044394, 4.264879179443044, 8.0670332139889, 8.069633996235353], [3.9822338660269994, 3.5031841478439407, 7.138584088345279, 7.376612702470041, 2.8203914559215475, 8.959607610164657, 8.883841308212347, 7.1022364523257435], [5.906763389771735, 5.050260186214926, 5.259566492634041, 2.8272333563596934, 2.046075557790866, 7.794135307510787, 7.179989729379163, 6.481646446078265], [8.67544393890649, 1.6335213764651435, 2.709567584104269, 2.314865909094281, 2.174777427431148, 3.1412292487899647, 6.504810310616797, 1.0446041577096183], [4.293111360746561, 8.385714308742156, 7.152393173247656, 5.762609429126848, 1.7279312992879259, 7.391186225980264, 2.717802173297869, 8.80561737666211]]
14
*** Tabela geral de notas:
[[ 3.          8.          5.          3.          7.          5.          3.
   7.        ]
 [ 2.          6.          9.          2.          8.          2.          1.
   5.        ]
 [ 6.          4.          1.          6.          6.          7.          2.
   2.        ]
 [ 7.          8.          2.5         8.          5.          4.          4.
   7.        ]
 [ 6.          6.          4.          7.          4.5         6.5         5.
   7.        ]
 [ 8.          7.          6.          7.          8.          5.          8.
   5.        ]
 [ 7.          4.          8.          7.          5.          8.          9.
   6.        ]
 [ 4.69538951  2.11820991  7.31688444  1.22006251  4.97441468  5.76644732
   6.44013101  3.75375603]
 [ 3.34300757  6.44550469  2.96943042  8.82859524  3.40966164  4.02286288
   7.37136193  7.80417151]
 [ 1.75040522  1.00208673  2.50206095  1.12936573  7.91281866  6.27435752
   4.95214331  1.68163365]
 [ 1.52025961  5.31336272  4.68209826  7.02940637  5.77002962  4.78408808
   3.28106513  7.84585952]
 [ 4.16579497  4.88106132  3.88787877  7.74501892  6.4516096   5.82839252
   3.7199377   8.7531183 ]
 [ 5.39649348  1.84804788  1.88468337  7.23682678  8.69546598  1.62209437
   7.06129539  6.15768149]
 [ 1.8987855   6.45393705  2.80600998  7.88307381  7.74507179  6.86376127
   4.80429339  7.01524483]
 [ 1.98688295  6.60942705  2.44905873  6.18208221  8.03797313  7.34151836
   4.36569141  5.69991972]
 [ 7.3603708   6.55479879  1.82130249  1.91650093  8.02598795  6.11943629
   1.15635402  1.64169062]
 [ 3.86425627  1.99780381  8.15672637  3.72291574  1.50481676  5.19732563
   6.12709685  1.0904779 ]
 [ 5.29350712  8.81820514  3.88211762  7.71580212  5.31185061  4.96874135
   3.2728043   8.06549061]
 [ 8.51666239  6.2450098   4.45943512  2.80127876  1.87754376  6.69269489
   3.23811964  5.49523821]
 [ 1.31167844  7.38525597  2.14804766  5.08438877  3.43772673  8.43298157
   2.03731844  6.97454055]
 [ 3.7522494   8.5681264   1.2610278   6.79193741  4.94351844  4.6974375
   7.70287934  3.31056205]
 [ 1.42078724  1.4733824   1.89798211  1.50752144  3.07662275  3.29144145
   6.68568775  8.9891519 ]
 [ 1.22566179  7.19886476  7.74963383  1.56909993  7.00213724  2.24587593
   2.18347405  4.63245755]
 [ 7.66469753  6.96933158  8.8449142   7.52146455  1.2358085   8.87365123
   4.29933724  3.75999854]
 [ 3.87413075  3.9985942   2.63723924  5.91882399  4.13591896  8.19982876
   5.28227442  7.38126543]
 [ 6.61051025  4.30554885  5.19400837  7.81999824  6.07612871  5.33528732
   2.9543293   2.88987648]
 [ 3.03631293  1.43010999  3.03352227  8.08577284  8.05245796  7.1347681
   3.96290818  6.8748295 ]
 [ 7.47999445  6.34051598  2.59214227  1.21280428  4.57201289  5.49539909
   6.02273889  6.96780224]
 [ 2.96697209  2.76945346  7.57032489  5.41818967  5.63009937  1.33883565
   8.59643418  1.72478737]
 [ 4.89204351  2.14179169  4.67584141  4.04470824  4.89712561  6.118606
   7.85496054  1.35573825]
 [ 5.36205127  7.25459201  7.762971    2.26547158  8.99125942  1.32476649
   2.60056889  5.50569554]
 [ 7.3324846   5.62315684  7.74207167  5.78571607  8.29285479  2.92958529
   1.82741184  7.66913508]
 [ 6.41451732  4.81771143  4.91387273  6.33110235  4.40393171  7.27479832
   5.2099515   6.42930025]
 [ 2.51785099  8.69849578  8.40039373  8.70351244  4.89632597  3.76350892
   3.60436397  8.32900979]
 [ 1.35750712  8.03042855  5.38721361  8.87281858  1.75858203  3.2165706
   5.39774781  7.02242793]
 [ 2.90220291  8.3996036   3.60021146  3.4692816   6.11972415  3.94070806
   2.92034049  7.78315002]
 [ 4.30883057  3.87699343  8.31318455  7.18264104  5.16569425  7.63676096
   5.55677824  1.5673044 ]
 [ 4.48811238  1.07104542  1.41249109  2.67797697  5.66235495  8.2382532
   7.20160282  2.86012351]
 [ 3.35914234  8.80856693  1.68445712  6.53888655  4.07139224  3.95304814
   2.97080107  4.32627144]
 [ 3.2009241   4.29126251  4.37176172  6.90783653  1.89982627  2.85195394
   1.61000514  4.97370303]
 [ 6.81660438  8.500009    3.79254009  5.6371245   3.26396459  2.69128451
   3.25469996  8.27867914]
 [ 7.15028703  8.86876744  7.0021847   7.94219792  3.92625919  4.03081758
   1.0465266   4.93300978]
 [ 7.81745884  3.42445534  4.0766929   6.89046781  2.11710127  3.91827224
   8.05500158  3.47983546]
 [ 7.51291695  4.54705153  8.79187349  1.43648902  3.67400059  5.43491911
   4.7475798   7.68672803]
 [ 6.26409865  4.23407359  1.47799283  6.03435123  6.34825883  6.48739977
   2.34946468  2.32080158]
 [ 4.96736721  8.81805946  3.43743757  7.7353449   4.46197069  2.29837714
   1.35140432  2.79577501]
 [ 8.04306078  5.24717129  6.53100666  2.15061717  5.42744704  7.89142969
   2.72738241  8.2699748 ]
 [ 7.98103713  7.78098369  8.70521088  1.93950637  8.73569634  3.0193979
   4.93715682  8.66050825]
 [ 2.96645945  1.76623516  1.6532786   3.18698207  3.68302487  2.58780148
   3.18392528  7.62797134]
 [ 3.37872974  8.79991347  5.7607564   3.20312427  5.69274085  4.75555701
   2.32249652  4.60082628]
 [ 1.68836318  6.97608275  1.03572208  8.26124741  4.70862253  6.25086343
   4.34196749  6.06319767]
 [ 4.22271331  7.30229511  2.76941717  8.34821713  1.11953309  3.14626632
   2.80988646  5.16480922]
 [ 1.12775574  6.07825145  3.25631937  6.79550746  4.76194356  4.71925384
   7.23390019  1.91352515]
 [ 4.28644119  4.52377582  7.6910118   8.33775068  7.24483066  4.81043465
   5.59336563  7.0740945 ]
 [ 4.69033921  7.15365279  2.4734958   1.38301236  7.36032796  7.3675388
   6.04847638  8.43988193]
 [ 2.9817759   1.99014968  6.11141015  7.49345331  4.15373685  7.73789057
   8.46229136  7.75025285]
 [ 3.46831791  8.90867522  5.59398827  3.3457091   5.70238142  4.62507001
   8.46811566  7.68402662]
 [ 8.31923795  7.48324229  1.62002235  1.63584945  6.45645392  3.13321254
   6.31930718  1.38223006]
 [ 5.51241083  2.65931438  1.3508441   5.321115    5.4473586   7.33297211
   2.37894013  1.3533792 ]
 [ 7.31026889  2.4027457   4.66373312  4.55710251  6.0888723   2.26106672
   5.20684482  7.08205874]
 [ 8.52500568  4.52550387  6.85045071  7.23787782  3.02859455  3.32711834
   7.44470405  8.9476108 ]
 [ 4.03270612  4.97183371  5.96614504  7.08507852  2.06213495  3.1295922
   6.15535001  3.24800761]
 [ 1.10620232  4.0064872   1.8032442   6.66322384  8.50724844  7.95506374
   1.25681913  8.76865146]
 [ 3.12274906  7.6114414   4.76160892  2.2830645   7.55647903  5.52391584
   3.35882136  7.03883268]
 [ 3.77929801  4.84279933  7.97630483  6.25351318  5.09106033  4.71683121
   8.85153563  1.14636351]
 [ 8.53990745  1.52977971  2.13211975  3.31590606  8.08317099  1.42786126
   7.37397761  2.98511862]
 [ 5.62031647  1.9301054   8.47822545  6.4759462   3.03690164  7.55012374
   3.02592232  6.86935694]
 [ 3.86928147  1.79447417  3.28009508  7.19734115  4.92518793  4.73187229
   3.12660738  5.12749941]
 [ 1.8001544   4.59106199  2.37267436  6.08057412  1.56959242  2.14976589
   7.13364994  4.73924085]
 [ 7.35308125  6.59933988  4.33633037  2.80923527  7.10534803  1.94924398
   4.92840305  3.71172695]
 [ 2.90192809  4.92379465  4.74776821  2.11356038  8.49430523  4.75792574
   6.82101206  7.35926299]
 [ 8.54488506  2.09760169  3.27377811  6.00912262  8.72763143  2.51755489
   6.73345799  1.57851459]
 [ 2.4792163   7.46932954  1.31718294  6.06391076  5.56811077  2.268956
   8.95372078  8.6490706 ]
 [ 6.21472043  8.94708706  4.17600707  2.24412377  3.36694117  5.3832529
   3.87369334  3.52438819]
 [ 7.2684896   7.1329893   3.59997396  7.42086327  4.13268766  5.63109216
   5.4121635   7.84918334]
 [ 2.17972662  4.52363267  5.72355272  2.43266357  1.80680397  7.90525796
   2.01991894  1.95925275]
 [ 1.75143044  2.80142384  6.24497376  2.07282951  1.0137011   3.32928642
   7.72808187  1.78294893]
 [ 8.81388006  2.35071144  1.38762119  3.78597249  5.1081513   1.07224385
   6.93651649  8.19827681]
 [ 4.50902759  7.04517067  3.24336915  4.39685045  1.69375694  3.11859281
   5.78347947  6.8243378 ]
 [ 8.50731137  5.64180289  2.8827551   4.49431838  5.5379754   2.67384905
   8.70169272  1.5000012 ]
 [ 5.08856097  5.98749647  3.21256996  8.79209014  2.20378039  7.83228959
   7.80196663  4.60743946]
 [ 6.60586125  7.88154957  5.10920644  3.592874    6.73314889  7.40139727
   8.15245761  1.82291462]
 [ 7.84274255  8.31814985  6.52958596  7.76693138  6.4415393   4.69547906
   8.85819911  4.44110107]
 [ 4.21433933  5.6750487   2.34909496  3.28271605  3.79836862  7.64826948
   4.59750934  8.30789771]
 [ 3.25355553  1.97687365  4.92242002  1.89675752  3.3133103   4.16816415
   7.82395847  1.12146027]
 [ 3.65577854  3.83459239  2.06737257  7.39630071  3.51021005  2.31457046
   1.11793078  1.29132142]
 [ 8.01228648  3.27597496  5.69875373  6.34675372  6.34717491  1.09433431
   2.11685045  1.29096834]
 [ 1.55540923  2.24254597  1.09283218  7.51534984  3.50461516  1.22136838
   8.07648224  7.23476372]
 [ 7.11099437  5.30544565  6.21387627  1.85703335  2.50523244  7.25423264
   7.90382805  4.68388254]
 [ 7.90156253  6.05396724  5.57613579  6.97339589  6.32116129  5.45546372
   8.80053734  5.42069023]
 [ 4.47480336  6.29843632  8.72459419  3.63548763  5.59594457  3.48341011
   1.43531797  5.18293563]
 [ 8.44923396  8.22698214  7.20023092  8.46868663  5.25648546  5.49138168
   2.12839811  5.07408796]
 [ 6.17645391  1.93385402  7.5181747   8.78147011  3.44947944  5.69529719
   4.8295886   8.41706827]
 [ 4.34190254  3.61651641  8.14589818  2.1780736   3.34168734  7.01002774
   6.31769551  5.55237424]
 [ 6.17331493  6.22356997  2.34994851  7.96996882  3.15892412  4.54266108
   4.82987105  1.31027085]
 [ 8.65541968  3.51804671  7.46165292  4.70610496  5.99800469  8.26286793
   1.84261098  3.25741658]
 [ 7.56624065  7.93380544  8.46950935  7.50480035  7.78157534  4.67957167
   5.97784681  5.59478641]
 [ 1.18440907  5.15587406  7.03568902  7.25588569  1.03133813  5.51495064
   3.38963155  5.81512434]
 [ 4.12980775  8.94092115  4.75552372  4.30173341  7.89539349  4.15562091
   2.66780258  7.43930643]
 [ 8.02472321  8.49724866  7.8013575   7.12535802  5.65606859  2.21752753
   5.50740076  3.92116749]
 [ 5.44260959  3.18588815  7.23308531  1.14566133  8.36903448  4.26487918
   8.06703321  8.069634  ]
 [ 3.98223387  3.50318415  7.13858409  7.3766127   2.82039146  8.95960761
   8.88384131  7.10223645]
 [ 5.90676339  5.05026019  5.25956649  2.82723336  2.04607556  7.79413531
   7.17998973  6.48164645]
 [ 8.67544394  1.63352138  2.70956758  2.31486591  2.17477743  3.14122925
   6.50481031  1.04460416]
 [ 4.29311136  8.38571431  7.15239317  5.76260943  1.7279313   7.39118623
   2.71780217  8.80561738]]
autovalores [ 1.44461125  0.60300375  1.29056201  0.70920178  1.14415498  0.83813773
  1.03007967  0.94024884] autovetores [[-0.2200938  -0.43133327  0.47006593 -0.22074065 -0.46642484 -0.43820484
  -0.28237721 -0.08068087]
 [ 0.58866083  0.48185185  0.25859735 -0.53568649 -0.08953466  0.0340384
  -0.22725505 -0.08151495]
 [ 0.09039876  0.1355847   0.2260658   0.39265373 -0.70332454  0.48667624
   0.17869267  0.06864336]
 [ 0.30967058  0.07835236 -0.35220215  0.51034802 -0.14590265 -0.30925188
  -0.62954596  0.01453103]
 [ 0.04286438  0.31873831  0.6086799   0.43275276  0.30415557 -0.39420434
   0.199415    0.22611577]
 [ 0.0989492   0.20745693 -0.3619764  -0.06787982 -0.36080423 -0.55747996
   0.5748192  -0.20038808]
 [-0.47252283  0.42662535 -0.17659797 -0.22431936 -0.18859637 -0.07319629
  -0.16733282  0.66654363]
 [ 0.51581317 -0.48021497 -0.06563799 -0.08648523 -0.01481637 -0.05280858
   0.20536635  0.66810083]]
autovalores [ 1.44461125  1.29056201  1.14415498  1.03007967  0.94024884  0.83813773
  0.70920178  0.60300375] autovetores [[-0.2200938  -0.43133327  0.47006593 -0.22074065 -0.46642484 -0.43820484
  -0.28237721 -0.08068087]
 [ 0.09039876  0.1355847   0.2260658   0.39265373 -0.70332454  0.48667624
   0.17869267  0.06864336]
 [ 0.04286438  0.31873831  0.6086799   0.43275276  0.30415557 -0.39420434
   0.199415    0.22611577]
 [-0.47252283  0.42662535 -0.17659797 -0.22431936 -0.18859637 -0.07319629
  -0.16733282  0.66654363]
 [ 0.51581317 -0.48021497 -0.06563799 -0.08648523 -0.01481637 -0.05280858
   0.20536635  0.66810083]
 [ 0.0989492   0.20745693 -0.3619764  -0.06787982 -0.36080423 -0.55747996
   0.5748192  -0.20038808]
 [ 0.30967058  0.07835236 -0.35220215  0.51034802 -0.14590265 -0.30925188
  -0.62954596  0.01453103]
 [ 0.58866083  0.48185185  0.25859735 -0.53568649 -0.08953466  0.0340384
  -0.22725505 -0.08151495]]
*** Dados finais:
[[  1.36176524e+00   1.01090362e+00  -1.19350218e+00  -4.34557412e-01
   -6.43438663e-02   5.01688261e-01   3.11760716e-01   6.01843271e-01
   -4.76862316e-02   8.08063753e-01   5.38187070e-01   5.99477925e-01
    5.89735623e-01   9.14921608e-01   9.62937163e-01  -1.64054890e-01
   -1.32287951e+00   1.15859312e-01  -6.64144958e-01   2.19859448e-01
   -2.60363922e-01   1.43710497e+00   1.03375926e+00  -1.72407711e+00
    3.68248548e-01  -1.24550658e+00   5.22156164e-01   1.01299500e+00
   -2.77241170e-01  -4.01371210e-01   1.19880361e+00   5.79357611e-01
   -9.54734767e-02   2.12584751e-01  -6.37640651e-01   1.18488652e+00
   -9.44287006e-01   3.57213545e-01  -7.77154923e-01  -1.55179639e+00
   -1.81186300e-01  -1.45242645e+00  -1.43428638e+00   7.96013229e-01
   -1.02729408e+00  -1.69057136e+00   9.98428752e-01   2.12182532e+00
    2.99908685e-01   3.51438405e-01  -1.88306642e-01  -1.81464310e+00
   -5.05448347e-01   5.15261893e-01   2.37629751e+00   6.15550531e-01
    1.84495188e+00  -6.84909408e-02  -1.27857823e+00   3.90468265e-01
   -7.41225353e-02  -1.37348437e+00   1.30149024e+00   1.68455634e+00
   -5.04909831e-01   1.87472811e-01  -5.88447531e-01  -7.44159594e-01
   -7.26618417e-01   2.76768520e-01   2.35130196e+00  -5.10532903e-01
    1.42356963e+00  -3.28707078e-01  -1.04381300e-01  -9.89854143e-01
   -6.34293805e-01   5.38992217e-01  -1.52217267e-01  -5.95044950e-01
   -1.02782673e+00   3.98320860e-01   2.08862984e-02   9.34974895e-01
   -3.54876951e-01  -2.32711901e+00  -1.74211584e+00   3.34596986e-02
    2.43254879e-01   2.98362167e-01   5.96730660e-02  -1.13989162e+00
   -4.96910840e-01   5.99106583e-01  -2.07156089e+00  -7.58218509e-01
    3.33544065e-01  -9.98001234e-01   1.26518968e+00  -7.04927734e-01
    2.55630598e+00   2.61512734e-01   3.87277111e-01  -1.51364834e+00
   -1.09244898e-03]
 [ -6.96712962e-03  -5.47276625e-01  -1.38176398e+00   1.77521909e-01
    6.62183710e-01  -5.95788206e-01   8.72222240e-01  -6.54826047e-01
    1.59942669e+00  -1.88364009e+00   1.20885404e+00   8.54531891e-01
   -1.20894597e+00   7.60024167e-01   1.16643627e-01  -2.73348047e+00
    2.34625838e-01   8.84731107e-01  -2.22485384e-01   1.34870714e+00
   -7.69652363e-02   4.41935039e-01  -3.64997445e-01   1.45489496e+00
    8.99878638e-01  -5.71019600e-01   2.30500713e-01  -8.92732350e-01
   -4.21837991e-01  -9.09746951e-01  -1.35400132e+00  -4.87767355e-01
    5.15197160e-01   2.20881581e+00   2.46064446e+00   1.69801730e-01
    3.94729741e-01  -1.26601579e+00   1.82164826e-01   8.31010133e-01
    4.74333758e-01   5.34650453e-01  -1.38880898e-01   1.57818769e-01
   -1.40124978e+00  -2.69099257e-01  -1.77763416e-01  -8.30644594e-01
   -1.47161659e-01  -1.15217138e-01   1.07196816e+00   1.13255575e+00
    2.92075877e-01   8.86371099e-01  -4.61294029e-01   1.82141534e+00
    6.62695282e-01  -2.76034608e+00  -1.39865101e+00  -8.76840402e-01
    1.00422091e+00   7.67492832e-01   5.77773006e-01  -2.63222116e-01
    9.59792801e-02  -2.95954563e+00   1.34299599e+00   6.31074167e-02
    8.36009418e-01  -1.91524613e+00  -5.14624500e-01  -2.62801355e+00
    6.73694048e-01  -5.95767393e-01   6.86372243e-01   3.70297302e-01
    2.37880944e-01  -1.36029268e+00   7.18786696e-01  -1.96618629e+00
    1.31151257e+00  -1.10171543e+00  -4.89270197e-02   6.05239559e-01
   -8.48803514e-01  -6.40897834e-01  -1.89793018e+00   8.23945010e-01
   -3.41185123e-02  -1.68399558e-01  -9.30882784e-03   2.87970253e-01
    1.60491453e+00   6.05547267e-01  -4.09360352e-01  -9.04118385e-01
    2.34166205e-02   2.34946274e+00  -1.72758506e-01  -2.96768121e-01
   -7.66959589e-01   2.14294526e+00   6.98098530e-01  -2.00552735e+00
    2.29530522e+00]
 [  4.90458842e-01   1.76585930e+00  -1.20995540e+00   3.79027330e-01
   -1.20248666e-01   3.89049260e-01  -5.72987273e-02   7.55179816e-02
   -8.24132777e-01  -2.02192779e+00  -3.21870424e-01  -2.53361952e-01
   -8.81631667e-01  -1.40740546e+00  -1.50371980e+00  -3.56365149e-03
   -1.00614684e-01   5.28858591e-01   9.89614791e-01  -1.13221244e+00
   -1.50442668e+00  -1.06569842e+00   1.20953433e+00   9.68743963e-01
   -1.29400854e+00   1.15375053e-01  -1.55908989e+00   2.90811750e-01
   -2.46917255e-01  -1.28183060e+00   2.13160911e+00   2.19742797e+00
   -8.72053406e-02   1.23504020e+00  -5.98306358e-02   4.18290221e-01
   -4.39282832e-01  -2.33311984e+00  -4.71411181e-01   2.48825880e-01
    1.41374201e+00   1.89866841e+00  -2.75617932e-01   1.99604367e+00
   -9.55673704e-01   5.69154314e-01   1.42667202e+00   2.67488794e+00
   -4.28946537e-01   7.55968558e-01  -1.71344984e+00   4.32155746e-02
   -1.83802184e+00   3.63115187e-01  -4.95643199e-01  -1.24962571e+00
    1.60706837e-01   1.38883420e-02  -1.46134173e+00   8.06566035e-01
    1.38923005e+00  -3.05780183e-02  -1.46952860e+00   3.13773568e-01
   -5.02698782e-01  -2.49377760e-01   7.40871907e-01  -7.78018760e-01
   -1.17143366e+00   9.74282951e-01  -3.57160440e-01  -3.56982458e-01
   -1.03300017e+00   6.30038698e-01   2.99051305e-01  -5.00688702e-01
   -6.50251202e-01   4.17886485e-01   2.05077218e-01  -2.45794410e-01
   -1.46259671e+00  -5.13637678e-01   4.76128688e-01  -6.42598738e-01
   -1.04643251e+00  -5.93676717e-01   1.21516214e+00  -1.65768529e+00
    2.39610756e-01   6.98305510e-02   1.87823431e+00   1.67561816e+00
    6.38110202e-01   3.30160000e-01  -7.46404118e-01   9.65634584e-01
    1.40852103e+00  -2.90520039e-02   8.64126562e-01   1.79479939e+00
    6.74477670e-01  -9.30470318e-01  -1.27870183e-01  -1.78549280e-01
    1.11627197e+00]
 [ -3.57617570e-03   6.36003101e-01  -1.12176727e+00  -9.76087051e-01
   -6.92430047e-01   6.31988143e-01   6.15864592e-01   9.41566702e-01
   -2.62449356e-01   1.62160702e-01  -8.06895708e-01  -1.50280426e+00
   -1.11581498e+00  -7.12727350e-01  -4.40202440e-01  -4.55113728e-01
    1.58329048e+00  -8.30033833e-01  -3.74017255e-01  -8.27190968e-01
    8.86057236e-01  -7.84536814e-01   1.08742990e+00   7.42698944e-01
   -1.03090046e+00  -4.71953136e-01  -1.80417923e+00  -2.37573919e-01
    1.88708433e+00   9.96948673e-01   4.92903821e-01  -9.52637973e-01
   -5.52783203e-01   2.13234686e-01   4.59823163e-01  -3.42553542e-01
    1.10945392e+00  -1.71537770e-01  -1.15171240e-01  -7.06256959e-01
   -7.45471125e-01  -1.71792969e-01   3.25386729e-01   1.75735305e-01
   -1.01561720e+00  -4.08606485e-02  -9.45348239e-01   3.12217848e-01
   -1.54618578e+00   6.43267754e-01  -7.16560801e-01  -4.89934400e-01
    1.29105904e+00  -1.71587522e-01  -3.57602044e-01  -1.75063994e-01
    1.27254599e+00   9.23670466e-01  -9.38811462e-01  -9.66466707e-01
   -4.13678429e-01   9.35821797e-01  -2.31930023e+00  -2.65183404e-02
    2.24236691e+00  -2.76760666e-01  -8.41680262e-01  -1.29723612e+00
    4.66180417e-01   4.64321199e-01   2.25440916e-01  -1.21870193e-01
    7.56602006e-02   8.37661187e-01  -7.88378735e-01   6.69944688e-01
    1.99906956e+00  -1.43219937e+00   1.54796666e-01   1.10281506e+00
    2.49795976e-01   1.75627470e+00   1.26775948e+00  -9.07956701e-01
    1.53973836e+00  -6.49475963e-01  -2.57879862e-01  -6.48052753e-01
    1.14671680e+00   5.43948185e-01   3.50550814e-01  -3.12312210e-01
   -1.18454586e+00   8.96879781e-01   2.43177955e-01  -5.05041122e-01
    6.85483005e-01   2.31790513e-01  -2.95099889e-01   1.07236457e+00
    3.73183422e-01   4.22649591e-01   4.13215604e-01   3.36996484e-01
   -2.44511106e-01]
 [ -1.46228496e-01   1.93947447e+00  -3.99012103e-01  -1.53741465e+00
   -9.57584238e-01  -1.28164340e+00  -5.23245851e-01   1.48457917e+00
   -5.74678428e-01   1.85973806e+00   5.91721356e-01  -2.11708868e-01
    8.17921547e-01  -5.62678741e-01  -5.48496503e-01  -8.06179362e-01
    1.83507065e+00  -1.40025260e+00  -1.00156752e+00  -6.53685497e-01
   -1.33133681e+00   1.85238808e+00   1.51786978e+00  -1.22604938e+00
   -3.43996864e-01  -2.59978372e-02   7.23845625e-01  -9.74043352e-01
    2.03505135e+00   8.19384687e-01   7.03953314e-01   2.15142234e-01
   -6.44565590e-01  -1.28051580e-01  -4.27289262e-02  -2.97026755e-01
    5.12391992e-01   5.27520579e-01  -8.61961060e-01   1.09066132e+00
   -1.06389390e+00  -9.88097351e-01  -1.42594987e-01   3.95901122e-01
   -4.11137374e-01  -6.22740470e-01  -5.91896400e-01  -3.78410141e-01
    1.67278939e+00  -2.00095889e-01  -7.43017293e-01  -4.52847561e-01
    2.67553969e-01   4.23286647e-01  -1.07722666e+00   6.22763779e-01
   -7.49966273e-01  -1.06598471e+00   1.42255804e-01   8.22362449e-01
   -3.49456580e-01   6.44629894e-01   2.55079169e-01  -1.46613500e-01
    6.73292033e-01   7.51332133e-01   8.98284087e-01   1.09559343e+00
    8.83123617e-01  -1.54154902e-01   6.08103802e-01   4.16081810e-01
   -5.43006284e-01  -1.08937584e+00  -1.53824753e+00   9.69526074e-01
    2.10489483e+00   2.40806873e-01  -3.06394623e-01  -6.84739225e-01
   -1.30983379e+00  -1.40769897e+00  -1.60425984e+00  -6.36001730e-01
    1.75177222e+00   1.04618804e+00   1.01023165e+00   1.35244655e+00
   -5.00148545e-01  -1.16347265e+00   9.19761757e-01  -1.40469744e+00
    6.29979103e-01   8.82536133e-01  -7.86455875e-01  -1.14439811e-01
   -1.03681506e+00   9.62777444e-01  -6.43191639e-01  -8.27527221e-01
    9.90086908e-01  -9.01513033e-02  -4.89300912e-01   7.16147987e-01
   -8.82276238e-01]
 [  1.16897550e+00   1.31625215e+00  -9.11095772e-02   8.58094175e-01
   -3.61046992e-01  -9.71969044e-01  -2.56739181e+00  -1.33697405e+00
    7.29772279e-01  -2.50725717e-01   8.87922351e-01   7.19093491e-02
    1.47356699e-01   5.28152114e-01   5.60129057e-01   4.53968134e-01
   -1.18051316e+00   9.74496027e-01  -5.12119870e-01   1.07545738e+00
    1.11344959e+00   7.76452820e-01   1.72904027e+00  -1.79402910e+00
   -5.84673140e-01  -5.67496255e-01  -7.35108704e-01  -3.20848300e-02
   -2.01708576e-01  -1.32640585e+00   1.08845133e+00   1.03904769e-03
   -1.05099595e+00   9.84918664e-01   1.52921620e+00   1.80943899e+00
   -1.66136646e+00  -1.36141224e+00   2.02398609e+00   1.19876267e+00
    1.35607320e+00   6.40125760e-01  -9.50273733e-01  -1.22612423e+00
   -8.72966549e-02   2.01369025e+00  -1.24960534e+00  -1.46950145e-01
    1.14375968e+00   1.28192757e+00   1.24001405e+00   1.63405680e+00
    8.07187616e-01  -6.89764593e-01   1.30772878e-01  -1.74052328e+00
    5.85128582e-01   6.55442228e-01  -4.45077361e-01  -3.29162923e-01
   -1.03865819e+00   2.18396713e-01   5.57439845e-01   9.28856627e-01
   -9.41400982e-01  -4.51596870e-01  -1.83781057e+00  -3.51999675e-02
    1.35044786e+00   6.81095682e-01   1.57166462e-01  -8.45623722e-01
    1.67660826e+00   7.41865714e-01  -1.17774250e-01  -7.56820109e-02
    5.61868427e-02   6.93481899e-02   1.19658169e+00  -2.20206943e-01
   -8.09876369e-01  -9.43273028e-01  -7.83278607e-01   7.96007889e-02
   -4.71978494e-01   1.50204995e+00   1.18118421e-01   1.19100468e+00
   -1.48526040e+00  -1.25511969e+00   5.18772209e-01  -3.43354351e-01
   -1.58746081e+00  -1.37638701e+00   3.89899239e-01  -2.01768150e+00
   -7.60082744e-01   4.02983573e-01   1.40071536e+00   1.31925914e-01
   -1.08167162e+00  -2.13871957e+00  -1.19421699e+00  -7.42734238e-01
    1.22474976e-01]
 [  1.21466214e+00   1.58133824e+00   1.17672572e+00  -5.55826121e-01
   -2.24110162e-02  -7.13808372e-01  -4.75548802e-01   2.81103085e-01
   -1.35998113e+00   1.15962540e+00   5.58277637e-01   2.37099778e-01
   -1.85758965e+00   8.06830606e-01   1.29053404e+00   1.76531281e+00
    1.12446838e-01   2.38274951e-01   4.29138615e-01   1.84561988e+00
   -5.99670646e-01  -1.24021921e+00   1.38290543e+00   1.03694088e+00
    3.64611325e-01   5.69455227e-01   6.33218804e-01  -4.28593333e-01
   -1.26059528e+00  -2.26372618e-01   5.83692287e-01   3.53309609e-01
    1.59050947e-01   3.96996105e-01  -5.79666976e-01   6.84688510e-01
    1.09254193e+00   2.49395135e-01   3.98211462e-01   7.23563396e-02
   -6.63318487e-01   7.52521167e-01  -1.84294097e+00   1.07018168e-01
    9.71176119e-01   4.23386506e-01   1.17506670e+00  -6.53078763e-02
   -6.22794813e-01   1.48729162e+00   4.52518306e-01  -3.88647477e-01
   -6.06368878e-02  -7.35848711e-02   5.83288917e-01  -4.99440223e-01
   -4.88064619e-01  -5.88400039e-01   1.20799023e+00  -1.29474468e+00
   -2.04971203e+00  -8.15038688e-01   1.87069887e+00   1.29671605e+00
   -3.72860083e-01  -1.87548305e+00   8.11381250e-01   7.27032351e-02
   -1.51296082e+00  -4.95849946e-01   6.24802984e-02  -1.26800414e+00
   -1.89468224e+00   7.23994180e-01  -6.12384625e-01   2.17174616e+00
   -6.59174464e-01  -2.68057656e+00  -1.02367246e+00  -1.69874658e+00
   -4.83265619e-01   4.67905358e-01  -1.01152436e+00   5.23683668e-01
   -5.21405756e-01   2.29046651e-01  -2.95127531e-01  -2.41517628e+00
   -2.11244838e-01  -1.09307685e+00   1.21002185e+00   7.49593558e-01
   -5.82921822e-01   4.92381663e-01  -3.27257868e-01   1.71872528e+00
   -4.38807767e-02   6.75245374e-01   9.40476849e-01  -6.80797502e-01
   -6.44700199e-01  -2.59198635e-01  -9.96467549e-02  -1.45147686e+00
    1.13658968e+00]
 [  8.64765395e-02   8.12972621e-01  -2.49233124e-02   5.76528108e-01
    3.39149451e-02   1.48866194e+00   3.89925298e-01  -9.84905427e-01
    4.34007167e-01  -4.80654095e-01   7.58817252e-01   8.60635552e-01
    1.59584468e+00   1.28459531e+00   8.67355679e-01  -3.34013272e-01
   -1.11826566e+00   6.77064024e-01  -1.95165368e+00  -9.96545972e-01
    3.14353500e-01  -1.84495960e+00   3.25182610e-01  -5.21531984e-01
   -6.62856804e-01   1.02216357e+00   1.24538934e+00  -1.61599346e+00
    9.80703466e-01  -4.31087793e-01   1.05137169e+00   1.46323233e+00
   -1.96104725e-01   1.45178500e+00   3.71835977e-01  -9.86886315e-02
    7.69837506e-01  -1.15432865e+00   4.47562596e-02  -3.18201423e-01
   -3.90400809e-01   7.23649732e-01  -4.82444874e-01  -1.32121575e+00
    1.75227275e-01   8.03982612e-01  -1.06073808e+00   6.46232506e-01
   -1.17234420e+00  -8.04643931e-02   3.93933191e-01  -2.87780853e-01
    5.08629500e-01   1.77868200e+00  -8.25826604e-01   1.31722089e-01
   -1.04833358e-01  -5.97305763e-01  -3.79682369e-01   1.62657566e-01
    3.85024612e-02  -1.89099390e-02   8.60930053e-01  -2.71102448e-02
    8.15676916e-01   3.52629997e-01  -3.49232971e-01   3.20982162e-01
   -6.72852171e-01   2.20450239e-01   2.27000359e-01   1.35912004e+00
    3.86692926e-01  -1.32216153e+00   4.49889596e-02  -1.79169115e+00
   -1.64601823e+00  -6.30766462e-01  -1.20883657e+00   2.38877139e-02
   -2.53015900e-01   2.28954007e-02   1.36665264e+00  -1.46827945e+00
   -1.24481483e+00   2.34100763e-01   1.11772978e+00   1.51283917e-01
   -1.82906630e+00   8.47340672e-01   2.76171641e-01   1.09764420e+00
    4.41271526e-01  -1.26675745e+00   1.03588231e-01  -3.80438271e-02
    1.83601782e+00  -4.11122995e-01   7.50864642e-01   1.29852688e+00
    4.92371621e-02  -2.97166613e-01  -1.87320918e+00  -1.79688060e+00
   -8.92625984e-01]]
