quantidade de aleatorios:  98

*** Teste 0 para 100 agentes ***


Matriz de covariância:
[[ 1.   -0.05  0.22  0.06  0.04 -0.08  0.03  0.1 ]
 [-0.05  1.   -0.03 -0.06 -0.03  0.04  0.02  0.03]
 [ 0.22 -0.03  1.    0.    0.03 -0.06  0.25 -0.08]
 [ 0.06 -0.06  0.    1.   -0.09  0.2   0.01 -0.04]
 [ 0.04 -0.03  0.03 -0.09  1.    0.11 -0.05 -0.18]
 [-0.08  0.04 -0.06  0.2   0.11  1.   -0.12 -0.06]
 [ 0.03  0.02  0.25  0.01 -0.05 -0.12  1.   -0.03]
 [ 0.1   0.03 -0.08 -0.04 -0.18 -0.06 -0.03  1.  ]]

Matriz de correlação de Pearson:
[[ 1.   -0.05  0.22  0.06  0.04 -0.08  0.03  0.1 ]
 [-0.05  1.   -0.03 -0.06 -0.03  0.04  0.02  0.03]
 [ 0.22 -0.03  1.    0.    0.03 -0.06  0.25 -0.08]
 [ 0.06 -0.06  0.    1.   -0.09  0.2   0.01 -0.04]
 [ 0.04 -0.03  0.03 -0.09  1.    0.11 -0.05 -0.18]
 [-0.08  0.04 -0.06  0.2   0.11  1.   -0.12 -0.06]
 [ 0.03  0.02  0.25  0.01 -0.05 -0.12  1.   -0.03]
 [ 0.1   0.03 -0.08 -0.04 -0.18 -0.06 -0.03  1.  ]]

Autovalores:
[ 0.18  0.16  0.14  0.13  0.12  0.1   0.09  0.08]

Variância dos Autovalores:
0.0

Soma dos dois primeiros:
0.34
