
Matriz de covariância:
[[ 1.    0.37 -0.55  0.11 -0.26  0.56 -0.67 -0.8 ]
 [ 0.37  1.   -0.48  0.67  0.16  0.94 -0.47 -0.27]
 [-0.55 -0.48  1.   -0.49  0.64 -0.37  0.7   0.53]
 [ 0.11  0.67 -0.49  1.   -0.05  0.49 -0.06  0.09]
 [-0.26  0.16  0.64 -0.05  1.    0.29  0.23  0.22]
 [ 0.56  0.94 -0.37  0.49  0.29  1.   -0.57 -0.47]
 [-0.67 -0.47  0.7  -0.06  0.23 -0.57  1.    0.92]
 [-0.8  -0.27  0.53  0.09  0.22 -0.47  0.92  1.  ]]

Matriz de correlação de Pearson:
[[ 1.    0.37 -0.55  0.11 -0.26  0.56 -0.67 -0.8 ]
 [ 0.37  1.   -0.48  0.67  0.16  0.94 -0.47 -0.27]
 [-0.55 -0.48  1.   -0.49  0.64 -0.37  0.7   0.53]
 [ 0.11  0.67 -0.49  1.   -0.05  0.49 -0.06  0.09]
 [-0.26  0.16  0.64 -0.05  1.    0.29  0.23  0.22]
 [ 0.56  0.94 -0.37  0.49  0.29  1.   -0.57 -0.47]
 [-0.67 -0.47  0.7  -0.06  0.23 -0.57  1.    0.92]
 [-0.8  -0.27  0.53  0.09  0.22 -0.47  0.92  1.  ]]

Autovalores:
[ 0.51  0.24  0.17  0.05  0.03  0.01  0.    0.  ]

Variância dos Autovalores:
0.03

Soma dos dois primeiros:
0.75

Dados finais:
[[ 1.47 -0.52  0.3   0.59  0.77  0.82 -0.11  0.44]
 [-1.31  0.99  2.16 -0.16 -0.25  0.4  -0.    0.01]
 [ 2.    0.79 -0.99  0.15  0.89  1.2  -0.5   1.95]
 [-0.8  -2.98  0.24  0.28 -0.51 -0.63  0.12 -0.48]
 [ 1.17 -0.31 -0.25 -1.44  0.46  0.22 -0.11  0.44]
 [-2.52  1.29  0.09  0.41 -0.41 -1.58  0.28 -1.11]
 [-0.01  0.73 -1.56  0.17 -0.95 -0.44  0.32 -1.25]]
