4.3929136620e+0
3.7372188610e+0
7.7386561850e+0
5.6796727230e+0
1.4663499480e+0
8.5563083170e+0
6.0606168840e+0
3.9803984310e+0
6.6254875330e+0
6.8214098880e+0
6.5828263680e+0
4.3667537400e+0
8.2118990820e+0
4.0267737540e+0
7.1099184320e+0
9.5212540840e+0
5.5527435670e+0
8.4740678730e+0
1.0505511190e+1
3.5728356820e+0
3.6129684490e+0
9.7143306050e+0
7.0866675260e+0
-2.1231588550e+0
8.7657545820e+0
2.6651575070e+0
2.5391247380e+0
5.5819697790e+0
4.2882550290e+0
1.2020223390e+1
7.8307831480e+0
8.4684982640e+0
2.4959069910e+0
-7.7087365660e-1
-3.0012793790e+0
2.0191587180e+0
7.6438164920e+0
-4.5504497130e+0
4.3010418670e+0
5.7751534170e+0
1.7171738240e+0
1.3527174490e+1
2.4873514330e-1
7.6536765130e+0
-4.0068716570e+0
3.0609977800e+0
6.0364379270e+0
6.8544340370e+0
5.9911203500e+0
3.2940281220e+0
3.8993001310e+0
8.5271272660e+0
-1.5004078320e-1
6.9902567500e+0
1.5312985070e+0
1.6792596750e+1
4.3879415740e+0
5.8270128150e+0
-5.3059478120e+0
7.5447254800e+0
5.1706186510e+0
7.0579195360e+0
1.0301272730e+1
-2.1090005740e+0
2.8037796710e+0
6.9485468800e+0
2.3194377040e+0
-2.9097548830e+0
4.3405999320e+0
-4.9996592690e-1
-2.3278816810e-1
1.1625746130e+1
1.0365140460e+1
6.6996475490e+0
3.6524887220e+0
1.0096651730e+1
1.2286671200e+0
2.8050171390e+0
2.2520278880e+0
6.1003081440e-1
1.0171125630e+1
6.7909103500e+0
6.7236806380e+0
4.7993286520e+0
1.8228808710e+0
1.5007748930e+0
3.7413545200e+0
9.4845742070e+0
8.2185783400e+0
7.8879772300e+0
4.4442655420e+0
2.3876993610e+0
5.9810286240e+0
3.9269986330e+0
3.4059861300e+0
8.2001813570e+0
9.8991640330e+0
1.3427669760e+0
7.8851083810e-1
1.1807357480e+1
6.3552634580e+0
7.6250507670e+0
1.3935464810e+1
8.4964572950e+0
5.7828110580e+0
3.6757764080e+0
6.8599762310e+0
-3.9747121640e-1
4.8599743140e+0
8.8951639450e+0
4.8557007910e-2
2.4132726120e+0
9.2584329880e+0
4.4553977360e+0
8.9716174470e+0
6.9911752730e-1
9.9232057910e+0
-6.8189992260e+0
5.3376840270e+0
2.4919837560e+0
4.1747166140e+0
-6.2188582420e+0
9.1027192730e+0
7.9159055230e+0
6.4053632070e+0
6.4245171550e+0
6.1005638210e+0
8.9230087360e+0
1.1925953030e+0
-1.7148558340e-2
1.3016201490e+1
2.2377444420e+0
7.6255263610e+0
4.8158740060e+0
3.3173685070e+0
7.7087042450e+0
2.9387249130e+0
1.3967048070e-1
1.2677635600e+1
5.8308019480e+0
1.1780500540e+1
1.1266548540e+0
2.4032351300e+0
3.3151865210e+0
1.0708700560e+1
9.2442327840e+0
1.1477926960e+0
6.7158565130e+0
3.7547177220e+0
4.0107238940e+0
1.1230988300e+1
6.3926518690e+0
4.7658006840e-1
2.4133048470e+0
7.6373208690e+0
2.3996755990e+0
1.0584118240e+1
2.8483594650e+0
2.9440086950e+0
7.8713381550e+0
-6.3017893030e-2
-3.6004218020e+0
1.7561777230e+0
6.2946276410e+0
4.2556262400e+0
6.7812231490e+0
3.8708623140e+0
5.7857099860e+0
1.1295922270e+1
9.8757499100e+0
8.6012265810e+0
4.4160745080e+0
-5.7145145730e-1
7.3901354690e+0
1.8167592190e+0
3.4496233970e+0
2.7545649190e+0
2.2109943560e+0
2.2936701730e+0
1.1525138470e+1
4.7780391980e+0
5.4691699690e+0
-2.6410413180e+0
1.1031283150e+1
1.2431021330e-1
2.7419068350e+0
7.2709859260e+0
-7.2470760050e+0
2.4805430670e+0
1.1474827290e+1
9.7470602360e+0
4.3523787330e+0
5.9928596720e+0
8.7436464770e+0
2.5525796740e+0
3.8105554790e+0
1.9132728420e+0
4.5946352430e+0
8.4458903260e+0
4.5317659720e+0
1.1569599810e+0
3.7212791160e+0
1.1351534750e+1
9.1207749030e+0
3.3842716600e+0
1.4583227350e+1
6.3668199250e+0
8.5446094120e+0
4.6110713250e-1
2.1774147690e+0
9.0981122270e-1
1.1547338900e+1
6.6074921400e+0
6.8067349670e+0
7.9884332860e+0
2.5644731860e+0
9.6541730400e+0
4.6946902870e+0
8.5500160830e+0
7.5614366230e+0
5.4308931940e-3
4.5420564010e+0
2.0482527930e+0
6.2444672130e+0
1.2355652410e+1
4.7504526390e+0
8.3689003730e+0
4.1467754140e-1
3.7270478980e+0
5.6608262820e+0
1.3054565470e+1
2.6751052440e+0
9.1360808690e+0
1.0479902840e+1
9.0429230990e+0
4.8292630390e+0
7.9017610590e+0
8.2197231530e-1
1.2940470060e+1
2.0513186230e+0
7.8529996040e+0
2.7168925720e+0
5.0926408810e+0
-3.2075507740e+0
4.9767500430e+0
7.0362601100e+0
4.7867639090e+0
6.5229914160e+0
1.7684214800e+0
5.4643077100e+0
-4.1389475010e+0
1.1427240110e+1
4.9913053030e+0
1.0879876340e+1
4.3501246120e+0
9.2909909180e+0
7.1492287640e+0
8.4094792260e+0
2.5540772710e+0
1.2282882690e+1
6.2049830260e+0
2.7659948840e+0
4.4173532870e+0
3.9086718110e+0
7.5645421370e+0
4.3646977660e+0
3.1109424360e+0
4.5793252340e+0
-1.1893139520e+0
7.0550990880e+0
6.2837019900e+0
5.3809985040e+0
3.3165956680e-1
6.4037140520e+0
3.4227549190e+0
-6.1533604460e-1
1.5028829910e+0
9.9774636510e+0
6.4094641790e+0
1.6999980450e+1
1.1627095780e+1
1.3067482510e+0
5.0818258050e+0
9.4670742770e+0
4.8395559230e+0
2.4852608940e+0
-5.3451161860e-1
1.6642308500e+0
7.6240310060e+0
3.1870314620e+0
1.0691701700e+1
-4.1143264830e+0
-2.6414339130e+0
6.8354429050e+0
6.2996513310e+0
9.7039453920e-1
8.4288330500e+0
5.9804944850e+0
5.8036677070e+0
7.6548077270e+0
1.1791615890e+1
1.0457900710e+1
8.6944752450e+0
5.4060451770e+0
1.1226675240e+1
-5.4107313640e-1
9.2183179190e+0
5.4093078790e+0
8.5403964900e+0
7.4504849040e+0
7.8176093320e+0
8.8152255280e+0
1.5621373580e+0
1.0076855950e+1
4.2972807100e+0
1.7895174600e+0
8.6842366160e+0
7.1621330900e-1
-1.9462588660e+0
6.6733371270e+0
3.9852040240e+0
1.6119288100e+0
1.8995976820e+0
7.7135306210e+0
-4.7215397510e+0
2.3466204520e+0
1.7996003580e+0
3.8279364230e+0
6.5882496180e+0
1.5549367940e+1
7.9077077830e+0
4.2866109290e+0
9.4347627100e+0
7.4313997590e+0
4.5629804910e+0
1.3730392220e+0
5.8609201440e+0
8.0271050620e+0
6.4807583230e+0
4.9974065580e+0
6.9808218550e+0
3.4718287980e+0
3.4730187370e+0
3.2443319950e+0
7.8368417440e+0
3.7315014290e+0
8.2411584690e+0
7.9008818430e+0
-9.5851306030e-1
6.6357297420e+0
7.6027502900e-1
5.7565479070e+0
5.8866015460e+0
2.7489111290e+0
-2.5198228080e+0
1.6588798820e+0
-1.6543128880e+0
8.9980691440e+0
8.0129437040e+0
5.2147792280e+0
4.2563739760e+0
9.9241546300e+0
-4.3495953240e+0
1.5762153160e+0
6.3081227630e+0
8.9931504550e+0
-2.6440800720e-1
6.7284655260e+0
4.5336001320e+0
1.7527807390e+1
6.3846614350e+0
2.6009031910e+0
2.3888193790e+0
7.5209112620e+0
1.7010995750e-1
7.8609358650e+0
4.3970769650e+0
6.2625625100e+0
9.2429039080e+0
4.6496830720e+0
3.7030778530e+0
4.5232241510e+0
9.8394656500e+0
4.7116247990e-1
4.5728300060e+0
8.4049267130e+0
5.7403618490e+0
6.3425491690e-1
9.3971837040e+0
1.1067107020e+1
5.7984288540e+0
2.1781351640e+0
6.1048941000e+0
1.3017660580e+1
1.0138088480e+1
1.1385706260e+1
3.7374364680e+0
-3.9321798520e-1
-5.0137756020e-1
8.8657768850e+0
4.0847272580e+0
4.6937526890e+0
9.8131957670e+0
5.3525488790e+0
6.7850774800e-1
2.9505902590e+0
5.4354759960e-2
4.1907477610e+0
4.1288065600e+0
8.5450785920e+0
5.2431253640e+0
-7.8078398620e-1
7.5865064100e+0
3.6098782020e+0
4.8388571240e+0
3.6820573880e+0
1.2245699090e+1
1.0185548770e+1
6.8149794600e+0
5.4717260170e+0
3.7635442690e+0
5.3762557890e+0
1.0329309760e+1
7.7807449210e+0
4.5606558980e+0
2.1037592680e+0
5.3837026290e+0
7.2773533110e+0
1.7034400800e+0
1.9406238000e+0
4.4963447410e+0
-2.5099895770e+0
2.7766055610e+0
5.8956708780e+0
9.0932233580e-1
9.8597789150e-1
4.0541210010e+0
1.1418628900e+0
1.7074773690e+0
6.7216775710e+0
8.6971351570e+0
1.0608647140e+1
9.7190239980e+0
1.0021790130e+1
2.8880181750e+0
7.0726256340e+0
3.8180519240e+0
5.4952186700e+0
5.6486309450e+0
2.9765645160e+0
-2.9231887720e+0
3.1260312840e+0
8.8093598740e+0
1.0063736260e+1
1.0260642490e+1
4.2445933180e+0
5.1562207220e+0
2.8218546400e+0
-5.3928889650e+0
5.9168974850e+0
1.0128065230e+1
6.1947950320e+0
4.5849242880e+0
3.7405571580e+0
7.0442426080e+0
4.7998237030e+0
3.2715257130e+0
6.4827099640e+0
3.4109406410e+0
-1.4367527850e+0
1.9035904120e+0
5.3934528750e+0
1.1739978710e+1
4.8150282350e+0
8.9905920620e+0
1.0835091700e+1
6.6487159820e+0
7.5476020420e+0
4.9100369550e+0
1.0576351480e+1
1.2267564740e+1
6.3375875650e+0
5.1882426230e+0
1.3125089210e+1
9.0472664640e+0
6.7901771900e+0
3.5347569200e+0
6.5442264620e+0
1.1793658470e+0
4.6728496890e+0
6.2914806580e+0
5.3658021270e+0
9.5182718300e+0
7.7471089450e+0
7.2946865800e+0
7.3002421570e+0
-2.1707995060e+0
8.4573686220e+0
5.2238386670e+0
8.3380532190e+0
3.7728677960e+0
2.3658843500e+0
4.4464994900e+0
6.9554346110e+0
7.8411706080e+0
7.9096742450e+0
6.0236616710e+0
8.5943883030e+0
6.4898259650e+0
5.4532322540e+0
2.1486068290e+0
1.4948134410e+0
1.9649141970e+0
3.9584308490e+0
5.0825091880e+0
-1.5414277480e+0
1.7092018950e+0
9.9792295970e+0
5.9364680650e+0
5.1650077960e+0
4.1998265190e+0
2.8733615540e+0
8.0679522610e+0
3.6498255400e-1
3.9685355530e-1
8.4459259860e+0
3.7032886290e+0
4.4925611660e+0
-1.5263274910e+0
3.4250094530e+0
7.6445088500e+0
6.0914639060e+0
4.1187623270e-1
1.2922678610e+1
-3.7589333470e+0
3.1808057670e+0
5.3208272730e+0
8.3914523350e+0
2.5193123980e+0
1.1934802140e+0
2.0820626260e+0
-5.0015117230e-2
7.7692316950e+0
4.8801805230e+0
1.1436821270e+0
6.7030889070e+0
-8.9429520980e-1
1.2329370500e+1
2.3897633930e+0
5.7226297860e+0
1.2208061510e+1
1.0244048290e+1
6.2392699900e+0
-4.2908457600e+0
6.3334587300e+0
-3.7279702410e+0
7.4865940350e+0
1.1064053310e-1
1.7481109340e+0
5.0027986020e+0
4.5698938510e+0
5.8008609610e+0
2.9449170980e+0
1.2383330660e+0
-1.7287955420e+0
6.2817224540e+0
3.9748473170e+0
7.5046810440e+0
2.9543701490e+0
6.1598894680e+0
7.5697270320e+0
4.8961355370e+0
6.3692315910e+0
4.2409669590e+0
2.1839696410e+0
9.6580007690e+0
8.7418038400e+0
8.5684197160e+0
8.8677428670e+0
8.0553734050e+0
8.4462436660e+0
7.1563860840e+0
1.3956778290e+1
-3.0524864660e-2
3.8906171530e+0
3.5841593170e+0
-1.2205616530e+0
1.2126892170e+1
5.8415138250e+0
1.0868256270e+1
1.9872501160e+0
2.3046780500e+0
1.4714574540e+1
6.0067803230e+0
1.0931763020e+1
8.7499064480e+0
3.7423284270e+0
-2.1133846420e+0
9.0460336990e+0
5.2862170750e+0
5.3001807520e+0
7.9354408620e+0
2.5442563790e+0
-1.5028575980e+0
9.7274985630e+0
4.0121174600e+0
5.6961610220e+0
7.1289811540e+0
4.4534464440e+0
8.9211686360e+0
3.3239922390e+0
5.7475753290e+0
3.8424888820e+0
7.5416315900e+0
1.3344986610e+1
5.2703200820e-1
4.8240299470e+0
7.4736435570e+0
4.2651832700e+0
3.3034106160e+0
7.7335907180e+0
5.7321946770e+0
6.2115572170e-1
8.7764917740e+0
3.6535916780e+0
1.1126277290e+1
1.4505016250e+1
7.0728478890e+0
-5.1113366700e-1
3.4998936860e+0
5.0844467420e-1
4.3134821570e+0
9.3910999280e+0
3.7139840410e+0
2.7272370550e+0
4.6073210140e+0
3.2223531980e+0
1.3637846000e+1
-4.2815282710e+0
1.2462711820e+1
6.7847730680e+0
1.2565230960e+1
3.8951081030e+0
8.1865027480e+0
-2.8501132160e+0
-3.0500271230e+0
-2.7033556340e+0
4.8878642120e+0
3.0376860930e+0
7.6101002000e-1
3.2293114150e-1
7.2051580590e+0
8.9011314500e+0
1.0018935310e+1
1.6015433410e+0
4.4966829340e+0
2.6356668880e+0
5.6307836180e+0
6.8771884750e+0
7.2313914090e+0
1.5905109680e+0
4.5168916930e+0
6.4722717980e+0
-1.2642081540e+0
-2.3845607640e-1
3.2535217070e+0
-1.7164785150e+0
1.0433519350e+0
9.4486170580e+0
4.2855637600e+0
9.5298447460e+0
4.7364295320e+0
1.4457830760e+0
-3.5215285860e+0
-4.0654209050e+0
5.2072962020e+0
9.2592630850e+0
1.9839516120e+0
9.9803645150e-1
4.5846058480e+0
-4.7788687880e-2
5.5082602930e+0
7.1004267240e+0
4.0057066400e+0
1.0032815490e+1
-6.9187597600e+0
-8.4518445520e-1
1.8491877560e+0
-2.2833075590e-1
1.3453981140e+1
4.9433376800e+0
-1.0947317910e+0
1.8447657190e+0
3.7199892650e+0
1.3830961250e+0
3.1823861010e+0
5.3203154650e+0
4.7249168880e+0
5.5981374900e+0
2.2071846180e+0
2.7211675080e+0
3.4700918060e+0
1.3063123720e+0
8.3664958220e+0
-1.4388845150e-1
3.9422465380e+0
3.9848469570e+0
1.5997555350e+0
-1.5873441650e+0
5.1858204280e+0
8.0903620030e+0
2.7561898130e+0
1.8949142850e-2
8.8243016360e+0
4.8224823770e+0
5.0005769360e+0
1.6187700980e+0
6.3787188580e-1
8.7306868610e+0
2.7956924660e+0
3.7447442120e-2
4.6840019250e+0
-1.6138281450e+0
7.8638207780e+0
6.7914971260e+0
6.6887373370e+0
9.2136526430e+0
4.6567178380e+0
-1.3393139290e+0
7.0241918960e+0
5.7962427140e+0
4.8852932920e+0
3.0791149010e+0
3.1029445200e+0
1.0522142870e+1
-2.1758274020e+0
-2.0042399540e-1
2.8043371700e+0
9.1645238610e+0
6.3483830010e+0
9.5449397240e+0
9.4480982380e+0
1.0424157800e+1
5.2334125050e+0
5.8396841270e+0
7.7198852510e+0
5.1580072470e+0
1.0001847480e+1
1.3130201470e+1
4.2895515490e+0
8.5771328710e+0
5.6415861620e+0
1.5824023920e+0
5.8335830530e+0
-1.1136546500e+0
9.4505159380e+0
2.6097371130e+0
4.9771389090e+0
1.9588436450e+0
8.7759230080e+0
8.3708718940e+0
8.1755986530e+0
5.1069675530e+0
4.7758056230e+0
1.0144262390e+1
4.0489544360e+0
6.2806219070e-1
7.0612023000e+0
9.7378883370e-1
4.3007367330e+0
1.3105154450e+0
6.6668971340e-1
1.8822445360e+0
3.7889708880e+0
5.9100423060e+0
6.3089918680e+0
9.4742629440e+0
8.7432630000e+0
3.3245928430e+0
5.2742134580e+0
-1.4332464970e+0
1.1398867960e+1
7.9784869810e+0
6.8189779420e+0
3.9266251690e+0
1.1195427270e+1
1.1410425190e+1
5.7161691410e+0
5.6922662980e+0
5.7502501350e+0
1.1102099000e+1
-6.8627095090e+0
9.8708255950e-1
8.5710443580e+0
8.3107635920e+0
3.4952115720e-1
-2.2481179890e-1
2.0929326930e+0
4.1362501190e+0
6.5666446150e+0
2.6004058200e+0
1.1186501880e+1
2.8815662610e+0
8.2929121340e+0
8.6364682490e+0
1.2460983520e+0
4.0593291720e+0
9.7717528970e+0
7.0919986950e+0
2.9899775630e+0
2.2638873440e+0
7.3922534320e+0
1.6982430530e+0
8.9889929050e+0
9.3549862890e+0
6.3922608190e+0
1.1602479930e+1
1.1210560050e+1
-2.7491190030e+0
5.3881274920e+0
5.8636331810e+0
-9.6774332830e-1
5.5770493990e+0
3.1013201570e+0
2.6174458970e+0
6.7888774650e+0
-5.7679689960e+0
3.5096142820e+0
4.1697208780e+0
8.5960870660e+0
1.3620578880e+1
1.2781536930e+1
5.8941037370e+0
2.4503457640e+0
2.0316450290e+0
6.2275130670e+0
7.5152632600e+0
9.7246405940e+0
1.0196991790e+1
3.4471623090e+0
8.3745184130e+0
5.4196045520e+0
-4.0817858570e-1
6.7802662130e-1
3.1002854560e+0
1.1704804820e+0
-3.2500790550e+0
5.9659602430e+0
8.3445841560e+0
6.5319536450e+0
9.5154642680e-1
4.6728655750e+0
3.3213193210e+0
-1.7958330940e+0
1.2171354730e+1
3.0957808270e+0
5.7460187460e+0
8.7709269560e+0
1.2219913140e+1
2.7521126030e+0
6.0088265480e+0
5.0922733950e-1
3.5638959460e+0
5.0158535990e+0
9.7513422770e-1
1.2462346180e+0
2.0500746360e+0
7.9241054110e+0
6.4602701060e+0
6.4732385680e+0
3.4273600570e+0
6.8502771540e-1
3.2268827450e+0
8.3469944340e+0
8.3982372020e+0
9.1963995820e-1
5.7354881590e+0
6.4382198100e+0
-1.1828983140e+0
-9.9222464840e-1
8.6198371400e+0
3.9955188120e+0
3.6002969100e+0
2.0838929680e+0
1.0166808270e+1
5.7796658200e+0
3.0503506310e+0
1.2692737810e+1
2.7671792040e+0
-1.1453858150e+0
6.8674968180e+0
8.1032245340e+0
-2.1802341600e+0
1.4519403020e+0
3.3085293200e+0
5.2519434550e+0
7.8748459230e+0
6.7748391590e+0
-2.7478856870e-1
1.1068710140e+1
1.0057052500e+1
-1.7873141910e-1
5.0043535690e+0
-7.6336965070e-1
-3.4574664840e+0
8.3029084110e+0
1.1494972400e+0
-1.6462207320e+0
-1.9691940830e+0
1.8156910770e+0
9.1035428410e+0
6.9231951090e+0
3.0589346220e+0
9.6857906880e+0
7.7337224630e+0
3.8129193680e+0
2.6990440020e+0
3.9493836530e+0
6.4484943190e+0
1.6277689690e+0
1.3575294000e+0
1.0070175630e+1
8.4934428050e+0
3.3398038640e-1
1.0704637960e+1
3.8417896420e+0
1.1440689410e+1
3.2864106770e+0
4.8299170750e+0
6.0911882520e+0
5.2614971170e+0
3.9799712630e+0
7.6463401650e+0
5.1892267260e+0
-9.0204792590e-1
4.5057176090e+0
9.6530131680e-1
7.1145146760e+0
1.0303845310e+1
3.2353663670e+0
4.4382502560e+0
6.0086727890e+0
3.3235200950e+0
-2.0014394720e+0
9.8385002230e+0
2.0638948840e-1
-5.9279142500e+0
1.0990014470e+1
3.2102445180e+0
6.6948646790e+0
-2.5210542750e+0
1.2882310870e+0
-2.6784085790e+0
3.3805412980e+0
6.5922505270e+0
6.0553353200e+0
4.2668678940e+0
5.1185902220e+0
2.3372135430e+0
5.8617003300e+0
1.4949688850e+0
9.4304262850e+0
7.4672072710e+0
1.1951489560e+1
3.5214051330e+0
4.7115968390e+0
5.0551466380e+0
7.0202978340e+0
1.3318136130e+1
-4.9098285230e-2
1.8551650400e+0
-2.8192710340e+0
5.6882904730e+0
7.0616308540e+0
3.1057764210e+0
7.6219605740e+0
1.5398881040e+0
1.6140212360e-1
7.4163012130e+0
5.4459535760e+0
-1.4790386420e+0
4.5001862460e+0
2.3526520150e+0
9.2217172920e+0
2.7338075450e+0
8.7872680340e+0
2.9222023640e+0
4.4674532460e+0
1.6086446140e+0
-1.6966506240e+0
1.4485535090e+0
1.0530636300e+1
-1.6897205320e-1
4.7789903590e+0
3.0790992400e+0
3.5875967100e+0
4.9165387090e+0
5.1331230010e+0
1.4179127310e+0
8.2969629090e+0
