
*** Teste 0 para 100 agentes ***


Matriz de covariância:
[[ 1.   -0.11  0.04  0.   -0.07 -0.04  0.02 -0.02]
 [-0.11  1.   -0.13 -0.09  0.15 -0.06 -0.08  0.11]
 [ 0.04 -0.13  1.   -0.04  0.01 -0.07  0.01 -0.02]
 [ 0.   -0.09 -0.04  1.   -0.11  0.08  0.13 -0.17]
 [-0.07  0.15  0.01 -0.11  1.   -0.07  0.11  0.01]
 [-0.04 -0.06 -0.07  0.08 -0.07  1.   -0.03 -0.07]
 [ 0.02 -0.08  0.01  0.13  0.11 -0.03  1.   -0.26]
 [-0.02  0.11 -0.02 -0.17  0.01 -0.07 -0.26  1.  ]]

Matriz de correlação de Pearson:
[[ 1.   -0.11  0.04  0.   -0.07 -0.04  0.02 -0.02]
 [-0.11  1.   -0.13 -0.09  0.15 -0.06 -0.08  0.11]
 [ 0.04 -0.13  1.   -0.04  0.01 -0.07  0.01 -0.02]
 [ 0.   -0.09 -0.04  1.   -0.11  0.08  0.13 -0.17]
 [-0.07  0.15  0.01 -0.11  1.   -0.07  0.11  0.01]
 [-0.04 -0.06 -0.07  0.08 -0.07  1.   -0.03 -0.07]
 [ 0.02 -0.08  0.01  0.13  0.11 -0.03  1.   -0.26]
 [-0.02  0.11 -0.02 -0.17  0.01 -0.07 -0.26  1.  ]]

Autovalores:
[ 0.19  0.15  0.15  0.12  0.11  0.1   0.1   0.09]

Variância dos Autovalores:
0.0

Soma dos dois primeiros:
0.34


Para os autovalores de % agentes:
100

Média da soma dos dois primeiros: 0.338817049802

Variância dos autovalores: [0.00099847079479314406]
