[[ 3.          3.5         9.          5.          4.5         3.5         5.
   4.5       ]
 [ 8.          7.5         7.          5.5         7.5         8.          2.5
   2.5       ]
 [ 1.5         2.5         9.          6.5         7.          2.5         7.5
   7.5       ]
 [ 8.          2.          1.          5.          2.          3.          1.
   1.        ]
 [ 7.          2.5         8.5         6.5         4.5         3.5         7.5
   5.        ]
 [ 7.5         9.          1.          9.          5.          8.          1.
   1.5       ]
 [ 5.5         7.5         1.          8.          2.5         5.5         5.
   6.        ]
 [ 3.31020727  7.77753585  8.21734315  4.69855371  6.86061769  7.70380347
   6.51200047  3.37876959]
 [ 2.08099671  6.71614204  3.43182537  7.72906161  8.34808848  3.44231023
   6.73811885  3.31253781]
 [ 6.86061769  8.1335045   7.04875851  8.49340781  7.05573115  6.9109884
   5.22392431  3.53397018]
 [ 3.37876959  8.10411675  7.91317338  3.68938396  3.31253781  6.61455781
   8.40257172  3.68938396]
 [ 7.81308215  1.19129903  4.78602228  5.99656781  8.10411675  1.74093889
   7.91317338  8.48570865]
 [ 8.23229672  7.90328459  3.43182537  5.47826642  3.59134442  6.71614204
   6.73811885  1.73678769]
 [ 7.51058007  5.94494638  2.7688353   7.53676033  6.71614204  6.62508797
   7.91094247  8.34808848]
 [ 6.83204459  8.40257172  6.9109884   6.57505712  8.17263553  6.55272996
   4.78602228  2.16142519]
 [ 7.1675014   3.2642731   7.70380347  1.73678769  7.05573115  6.25701004
   1.66492949  4.86048951]
 [ 6.93718527  7.77753585  6.87745894  8.49340781  2.40529614  5.73494625
   6.93718527  8.07012457]
 [ 8.07012457  7.68624821  8.07012457  3.68938396  7.21356047  7.91317338
   1.74093889  3.31253781]
 [ 7.92202611  6.55272996  2.16142519  5.73494625  6.62508797  7.3748503
   6.71614204  4.78602228]
 [ 8.21589148  4.33597961  3.59134442  8.21589148  2.68441108  3.44231023
   7.54970995  7.53676033]
 [ 7.2068493   1.19129903  7.85633587  3.37876959  6.07775543  6.87745894
   4.84592128  1.73678769]
 [ 8.23229672  2.7688353   7.54970995  1.53481193  7.10523145  1.30839524
   8.19076535  7.3748503 ]
 [ 8.57584507  7.54970995  4.84592128  7.92202611  6.77940557  7.17168732
   3.44231023  7.51058007]
 [ 7.21356047  7.70380347  4.78602228  8.01410931  8.18975236  8.49340781
   5.73494625  2.16142519]
 [ 7.2068493   6.90741213  8.48570865  7.57781766  8.10411675  8.19076535
   7.57726783  7.53676033]
 [ 7.05573115  8.40257172  7.92202611  6.93718527  6.61455781  6.62508797
   4.76416787  8.09923474]
 [ 2.68441108  6.61455781  1.73678769  8.48570865  8.40257172  2.76272401
   7.90298704  6.61455781]
 [ 7.05503219  7.04875851  6.90741213  2.76272401  6.61455781  7.90298704
   4.69855371  7.21356047]
 [ 7.36132873  5.20604568  8.48570865  7.2068493   1.74093889  6.93718527
   6.07775543  7.17168732]
 [ 3.31253781  2.00893728  7.29671735  2.16142519  8.49340781  7.57726783
   7.93836197  6.96137523]
 [ 3.44231023  8.19076535  8.09923474  2.76272401  6.57505712  6.71614204
   6.90741213  6.62508797]
 [ 8.21734315  7.54970995  8.49340781  4.21186397  8.40257172  1.59243279
   6.77940557  4.69855371]
 [ 5.22392431  6.25701004  1.53481193  6.61455781  7.51058007  2.69311763
   4.21186397  7.17168732]
 [ 8.1335045   4.33597961  7.04875851  1.19129903  6.57505712  5.20604568
   8.17263553  6.73811885]
 [ 8.23229672  3.31020727  3.43182537  6.83204459  5.7254594   1.53481193
   3.59134442  6.51200047]
 [ 8.34808848  6.25701004  1.59243279  6.86061769  7.10523145  8.48570865
   2.16142519  8.09923474]
 [ 1.74093889  7.92202611  6.62508797  7.1675014   6.55272996  6.93718527
   4.33597961  7.53676033]
 [ 5.20604568  7.57726783  7.70380347  1.74093889  4.76416787  1.73678769
   3.31253781  5.66724104]
 [ 5.98569243  3.44231023  6.38985669  6.71614204  8.19076535  6.51200047
   6.96137523  8.40257172]
 [ 7.91094247  4.84592128  7.57781766  7.53676033  8.34808848  6.55272996
   6.96137523  1.19129903]
 [ 7.91094247  8.21734315  8.49340781  7.29671735  3.68938396  7.17168732
   7.1675014   7.90328459]
 [ 7.93836197  6.62508797  8.21589148  8.40257172  7.1675014   5.73494625
   5.20604568  8.19076535]
 [ 3.44231023  2.00893728  7.10523145  6.47422949  7.17168732  5.83205968
   8.10411675  8.1335045 ]
 [ 4.84592128  7.10523145  1.59243279  3.37876959  7.77753585  7.29671735
   5.73494625  6.83204459]
 [ 1.74093889  2.08099671  6.51200047  4.86048951  5.99656781  1.74093889
   7.51058007  8.1335045 ]
 [ 7.93836197  7.68624821  5.73494625  1.59243279  4.76416787  1.19129903
   8.57584507  1.73678769]
 [ 4.21186397  6.07775543  7.17168732  3.59134442  7.72906161  3.51731205
   4.86048951  2.08099671]
 [ 2.76272401  6.87745894  6.71614204  7.90328459  1.53481193  8.10411675
   5.98569243  8.21589148]
 [ 7.91317338  6.55272996  3.13762255  7.90328459  2.00893728  3.2642731
   5.94494638  7.3748503 ]
 [ 6.61455781  8.09923474  5.66724104  7.5204397   3.31253781  2.45196183
   1.19129903  3.53397018]
 [ 6.61455781  4.21186397  5.7254594   6.47422949  3.37876959  5.20604568
   6.71614204  5.20604568]
 [ 8.21589148  2.08099671  5.7254594   5.73494625  6.83204459  2.69311763
   7.60295318  3.59134442]
 [ 7.29671735  6.86061769  7.93836197  8.18975236  5.98569243  3.13762255
   7.70380347  7.57726783]
 [ 5.20604568  6.47422949  7.62190724  4.86048951  8.19076535  2.69311763
   3.13762255  8.21589148]
 [ 3.51731205  3.59134442  8.34808848  7.31279062  3.31253781  1.74093889
   7.93836197  3.37876959]
 [ 3.43182537  8.18975236  8.18975236  7.04875851  7.68624821  7.81308215
   6.73811885  4.84592128]
 [ 2.7688353   1.74093889  8.21734315  7.57781766  6.61455781  8.21734315
   7.51058007  7.81308215]
 [ 7.5204397   3.2642731   6.73811885  5.73494625  8.17263553  8.07012457
   3.43182537  2.68441108]
 [ 7.57726783  7.2068493   7.70380347  7.29671735  6.77940557  1.68247865
   7.91094247  6.57505712]
 [ 2.16142519  7.90328459  7.29671735  7.05503219  6.38985669  6.61455781
   7.57726783  6.07775543]
 [ 6.9109884   6.96137523  6.83204459  7.53676033  2.68441108  7.90328459
   2.76272401  8.19076535]
 [ 6.87745894  5.7254594   5.20604568  3.51731205  5.94494638  4.86048951
   7.60295318  7.92202611]
 [ 7.91094247  3.68938396  5.73494625  6.95777315  8.40257172  7.91317338
   7.93836197  2.08099671]
 [ 2.68441108  7.5204397   6.90741213  7.04875851  1.53481193  3.53397018
   1.74093889  2.00893728]
 [ 3.53397018  4.69855371  6.57505712  1.59243279  7.60295318  5.83205968
   7.51058007  1.30839524]
 [ 1.74093889  4.21186397  6.25701004  7.62190724  3.37876959  1.73678769
   7.10523145  8.48570865]
 [ 4.76416787  6.55272996  7.70380347  7.3748503   7.57781766  1.30839524
   7.2068493   6.87745894]
 [ 5.94494638  7.85633587  7.5204397   1.74093889  2.16142519  1.53481193
   7.51058007  7.04875851]
 [ 6.86061769  7.77753585  6.61455781  3.43182537  2.7688353   7.51058007
   7.57726783  7.54970995]
 [ 7.91094247  8.18975236  7.31279062  7.77753585  6.86061769  8.19076535
   8.09923474  7.21356047]
 [ 7.51058007  1.53481193  1.68247865  6.38985669  8.34808848  4.84592128
   7.92202611  7.1675014 ]
 [ 6.93718527  1.68247865  6.57505712  1.68247865  8.34808848  6.73811885
   1.53481193  7.62190724]
 [ 1.66492949  8.21589148  2.08099671  7.92202611  7.54970995  7.5204397
   2.00893728  6.47422949]
 [ 3.2642731   6.55272996  8.34808848  5.98569243  6.47422949  8.40257172
   5.83205968  7.3748503 ]
 [ 7.62190724  6.93718527  5.98569243  7.93836197  4.86048951  5.94494638
   7.85633587  5.83205968]
 [ 8.10411675  6.86061769  1.53481193  6.83204459  1.53481193  2.68441108
   3.31020727  6.93718527]
 [ 5.22392431  6.87745894  7.72906161  3.53397018  1.66492949  6.38985669
   8.18975236  7.29671735]
 [ 6.90741213  8.19076535  3.2642731   6.51200047  6.95777315  7.77753585
   2.68441108  8.19076535]
 [ 8.18975236  8.21734315  3.13762255  7.62190724  3.68938396  8.10411675
   6.83204459  8.48570865]
 [ 4.86048951  2.08099671  7.77753585  3.31020727  8.48570865  6.51200047
   7.57726783  7.70380347]
 [ 7.62190724  8.40257172  7.90328459  7.57726783  7.3748503   5.66724104
   7.05573115  2.00893728]
 [ 8.40257172  7.1675014   7.60295318  7.05573115  5.98569243  6.96137523
   2.40529614  8.18975236]
 [ 6.77940557  8.21734315  6.07775543  7.05573115  4.69855371  4.76416787
   7.72906161  4.76416787]
 [ 8.48570865  2.16142519  3.43182537  6.25701004  6.95777315  4.69855371
   8.21589148  3.59134442]
 [ 7.05573115  8.40257172  3.31253781  7.60295318  8.01410931  3.2642731
   7.91094247  3.68938396]
 [ 3.43182537  8.17263553  4.78602228  7.70380347  7.90298704  2.16142519
   8.34808848  4.78602228]
 [ 5.66724104  4.78602228  2.69311763  7.5204397   8.01410931  7.68624821
   7.10523145  7.31279062]
 [ 4.78602228  7.51058007  7.90328459  5.99656781  5.7254594   6.57505712
   1.66492949  3.31020727]
 [ 6.61455781  7.10523145  7.93836197  8.10411675  2.16142519  3.31020727
   7.91094247  4.78602228]
 [ 7.29671735  5.22392431  7.81308215  8.07012457  7.92202611  7.85633587
   7.3748503   7.91317338]
 [ 3.51731205  8.57584507  8.1335045   7.31279062  8.49340781  6.62508797
   7.91317338  7.31279062]
 [ 7.57726783  8.40257172  8.17263553  8.07012457  8.19076535  3.51731205
   5.7254594   5.66724104]
 [ 8.18975236  6.90741213  2.40529614  1.59243279  7.31279062  6.61455781
   7.70380347  3.68938396]
 [ 5.83205968  4.86048951  7.04875851  8.18975236  8.34808848  6.87745894
   1.66492949  3.13762255]
 [ 3.2642731   6.87745894  7.90298704  8.01410931  7.81308215  6.38985669
   1.68247865  7.91094247]
 [ 1.68247865  8.17263553  7.51058007  3.13762255  7.36132873  7.2068493
   7.93836197  3.37876959]
 [ 7.92202611  4.21186397  8.19076535  6.87745894  8.1335045   3.51731205
   4.86048951  8.23229672]
 [ 6.47422949  1.74093889  3.2642731   5.98569243  7.85633587  8.48570865
   7.92202611  8.10411675]
 [ 6.77940557  6.87745894  1.19129903  8.57584507  7.1675014   7.53676033
   2.69311763  8.34808848]
 [ 5.73494625  8.23229672  8.34808848  3.53397018  4.84592128  5.73494625
   5.98569243  7.04875851]
 [ 8.09923474  5.7254594   4.69855371  3.37876959  8.40257172  8.09923474
   7.5204397   6.73811885]
 [ 1.53481193  6.96137523  3.43182537  7.93836197  1.53481193  3.68938396
   7.2068493   6.90741213]
 [ 6.38985669  7.54970995  6.55272996  3.31253781  7.1675014   6.61455781
   5.20604568  1.73678769]
 [ 7.05573115  4.21186397  2.08099671  3.31020727  7.10523145  1.74093889
   4.86048951  6.61455781]
 [ 7.77753585  6.38985669  8.19076535  2.7688353   3.31253781  5.7254594
   7.17168732  7.29671735]
 [ 8.19076535  6.07775543  1.68247865  7.17168732  4.76416787  7.90298704
   2.45196183  3.2642731 ]
 [ 2.7688353   6.62508797  8.07012457  7.60295318  5.7254594   5.47826642
   6.62508797  3.37876959]]

*** Teste 0 para 100 agentes ***


Matriz de covariância:
[[ 1.   -0.03 -0.2  -0.03 -0.    0.07 -0.11 -0.06]
 [-0.03  1.    0.02  0.2  -0.17  0.18 -0.14 -0.1 ]
 [-0.2   0.02  1.   -0.18  0.04  0.    0.17  0.01]
 [-0.03  0.2  -0.18  1.   -0.08  0.07 -0.08  0.12]
 [-0.   -0.17  0.04 -0.08  1.    0.18  0.04 -0.04]
 [ 0.07  0.18  0.    0.07  0.18  1.   -0.17  0.01]
 [-0.11 -0.14  0.17 -0.08  0.04 -0.17  1.    0.14]
 [-0.06 -0.1   0.01  0.12 -0.04  0.01  0.14  1.  ]]

Matriz de correlação de Pearson:
[[ 1.   -0.03 -0.2  -0.03 -0.    0.07 -0.11 -0.06]
 [-0.03  1.    0.02  0.2  -0.17  0.18 -0.14 -0.1 ]
 [-0.2   0.02  1.   -0.18  0.04  0.    0.17  0.01]
 [-0.03  0.2  -0.18  1.   -0.08  0.07 -0.08  0.12]
 [-0.   -0.17  0.04 -0.08  1.    0.18  0.04 -0.04]
 [ 0.07  0.18  0.    0.07  0.18  1.   -0.17  0.01]
 [-0.11 -0.14  0.17 -0.08  0.04 -0.17  1.    0.14]
 [-0.06 -0.1   0.01  0.12 -0.04  0.01  0.14  1.  ]]

Autovalores:
[ 0.19  0.16  0.15  0.14  0.11  0.1   0.08  0.07]

Variância dos Autovalores:
0.0

Soma dos dois primeiros:
0.35


Para os autovalores de % agentes:
100

Média da soma dos dois primeiros: 0.349238964292

Variância dos autovalores: [0.0014797318199083131]
