
*** Teste 0 para 10 agentes ***


Matriz de covariância:
[[ 1.    0.33 -0.21 -0.16  0.28 -0.53  0.08 -0.27]
 [ 0.33  1.   -0.62 -0.08 -0.02 -0.33  0.02 -0.37]
 [-0.21 -0.62  1.    0.43  0.45  0.41  0.29  0.13]
 [-0.16 -0.08  0.43  1.    0.34  0.66 -0.13 -0.13]
 [ 0.28 -0.02  0.45  0.34  1.    0.05  0.12 -0.38]
 [-0.53 -0.33  0.41  0.66  0.05  1.   -0.26  0.36]
 [ 0.08  0.02  0.29 -0.13  0.12 -0.26  1.   -0.62]
 [-0.27 -0.37  0.13 -0.13 -0.38  0.36 -0.62  1.  ]]

Matriz de correlação de Pearson:
[[ 1.    0.33 -0.21 -0.16  0.28 -0.53  0.08 -0.27]
 [ 0.33  1.   -0.62 -0.08 -0.02 -0.33  0.02 -0.37]
 [-0.21 -0.62  1.    0.43  0.45  0.41  0.29  0.13]
 [-0.16 -0.08  0.43  1.    0.34  0.66 -0.13 -0.13]
 [ 0.28 -0.02  0.45  0.34  1.    0.05  0.12 -0.38]
 [-0.53 -0.33  0.41  0.66  0.05  1.   -0.26  0.36]
 [ 0.08  0.02  0.29 -0.13  0.12 -0.26  1.   -0.62]
 [-0.27 -0.37  0.13 -0.13 -0.38  0.36 -0.62  1.  ]]

Autovalores:
[ 0.34  0.26  0.16  0.12  0.05  0.04  0.03  0.  ]

Variância dos Autovalores:
0.01

Soma dos dois primeiros:
0.6


Para os autovalores de % agentes:
10

Média da soma dos dois primeiros: 0.595207856193

Variância dos autovalores: [0.01263074092504125]
