
*** Teste 0 para 100 agentes ***


Matriz de covariância:
[[ 1.    0.   -0.04 -0.07  0.14 -0.05 -0.09  0.09]
 [ 0.    1.   -0.09 -0.19  0.03 -0.16  0.05  0.08]
 [-0.04 -0.09  1.   -0.05  0.11  0.01  0.01 -0.01]
 [-0.07 -0.19 -0.05  1.   -0.1   0.   -0.03 -0.03]
 [ 0.14  0.03  0.11 -0.1   1.    0.02 -0.04 -0.14]
 [-0.05 -0.16  0.01  0.    0.02  1.    0.01  0.04]
 [-0.09  0.05  0.01 -0.03 -0.04  0.01  1.   -0.13]
 [ 0.09  0.08 -0.01 -0.03 -0.14  0.04 -0.13  1.  ]]

Matriz de correlação de Pearson:
[[ 1.    0.   -0.04 -0.07  0.14 -0.05 -0.09  0.09]
 [ 0.    1.   -0.09 -0.19  0.03 -0.16  0.05  0.08]
 [-0.04 -0.09  1.   -0.05  0.11  0.01  0.01 -0.01]
 [-0.07 -0.19 -0.05  1.   -0.1   0.   -0.03 -0.03]
 [ 0.14  0.03  0.11 -0.1   1.    0.02 -0.04 -0.14]
 [-0.05 -0.16  0.01  0.    0.02  1.    0.01  0.04]
 [-0.09  0.05  0.01 -0.03 -0.04  0.01  1.   -0.13]
 [ 0.09  0.08 -0.01 -0.03 -0.14  0.04 -0.13  1.  ]]

Autovalores:
[ 0.16  0.15  0.15  0.13  0.12  0.11  0.1   0.08]

Variância dos Autovalores:
0.0

Soma dos dois primeiros:
0.32


Para os autovalores de % agentes:
100

Média da soma dos dois primeiros: 0.316240820306

Variância dos autovalores: [0.00074134077924327955]
