[[ 6.86785283  7.28492176  4.83638791  7.92549784  6.03254529  7.35938585
   6.60654149  1.47221177]
 [ 2.54709488  7.62957091  8.51898839  8.52914762  8.45975722  7.77534808
   2.5448101   7.02328912]
 [ 7.77534808  4.25951932  4.99293975  7.92549784  6.3292594   7.46061253
   4.25951932  6.3292594 ]
 [ 8.49514909  7.36367723  2.25688378  4.99293975  7.34760151  5.93948363
   7.91671218  6.77093989]
 [ 7.36367723  8.52187704  8.49514909  6.61489636  2.25688378  6.64525298
   7.46061253  7.34522424]
 [ 8.48172516  8.52489011  8.45641299  8.34615048  7.17375483  8.34615048
   4.33014119  5.64194193]
 [ 7.36367723  7.77534808  7.43926898  5.59315917  7.43926898  8.34615048
   7.34760151  2.54810857]
 [ 7.36367723  7.54715675  7.99034669  8.55987565  6.60654149  5.8455476
   1.78563031  5.04152311]
 [ 4.33014119  8.45641299  5.4122354   6.99104906  2.89697789  8.26732744
   7.34522424  5.04152311]
 [ 6.87575713  7.36367723  4.83638791  5.4122354   8.34615048  8.26732744
   5.57376135  7.17375483]
 [ 8.45641299  4.99293975  7.28375789  7.28375789  6.14418737  7.07546245
   7.04151045  8.49514909]
 [ 8.55987565  6.53355796  6.53355796  4.33014119  6.53355796  7.04151045
   6.60654149  1.81963353]
 [ 8.34615048  7.54715675  4.99293975  6.53355796  7.84367623  5.78829462
   1.30637708  8.48172516]
 [ 6.87575713  7.26255665  8.57267321  7.89989668  8.59027764  7.07546245
   6.09337072  7.67272048]
 [ 4.99293975  4.99293975  5.26130969  7.71445669  3.03275896  6.03254529
   7.43926898  8.59027764]
 [ 8.30206206  7.39642205  4.75910411  6.3292594   8.26732744  5.59315917
   2.90041398  7.85764909]
 [ 1.30637708  7.54715675  6.03254529  7.91838894  3.05859707  6.63072414
   4.99293975  5.22460598]
 [ 7.07546245  2.5448101   1.47221177  8.57267321  6.77093989  8.52489011
   7.67272048  1.03019253]
 [ 8.55987565  4.99293975  1.30637708  7.34143669  4.99293975  7.49203601
   6.56712347  6.03254529]
 [ 6.61489636  8.45975722  7.04151045  7.67272048  8.52914762  6.86785283
   5.26130969  6.77093989]
 [ 5.8455476   7.99034669  8.61787569  6.64525298  7.17375483  3.38116467
   8.26732744  8.59027764]
 [ 8.52187704  8.46794301  4.83638791  6.64525298  8.06693909  7.29162442
   7.34143669  1.81963353]
 [ 2.02953101  7.89989668  6.60654149  7.91838894  7.54715675  7.72614963
   8.61787569  5.04152311]
 [ 2.89697789  2.90041398  7.91838894  7.85764909  5.8455476   7.35938585
   8.49514909  2.20101977]
 [ 5.78829462  1.30637708  6.63084102  7.54715675  5.04152311  7.36367723
   8.52489011  8.23017514]
 [ 8.45641299  8.06193345  8.30206206  6.09337072  6.77093989  8.06193345
   7.67272048  7.04151045]
 [ 7.34522424  7.67272048  7.92549784  5.26130969  7.35938585  7.43926898
   7.43926898  8.06693909]
 [ 2.02953101  7.81608565  8.06693909  7.99034669  7.17375483  7.34760151
   2.89697789  5.93948363]
 [ 7.89380541  3.38116467  7.28375789  8.49514909  7.92549784  8.48172516
   4.83638791  4.25951932]
 [ 8.12681894  1.03019253  7.35938585  4.83638791  6.64525298  6.60654149
   7.29162442  6.63084102]
 [ 7.26255665  6.99104906  8.06193345  7.46061253  6.60654149  7.20454733
   7.39642205  5.26130969]
 [ 7.91838894  7.02328912  5.78829462  6.3292594   2.25688378  6.99104906
   7.39642205  6.99104906]
 [ 7.89989668  4.99293975  5.78829462  8.06193345  7.28492176  5.8455476
   6.56712347  1.81963353]
 [ 1.81963353  5.8455476   7.97512018  8.52187704  8.14160607  6.64525298
   2.20101977  7.02328912]
 [ 8.45641299  7.04151045  7.34760151  6.14418737  8.30206206  7.89989668
   4.99293975  5.04152311]
 [ 8.48172516  8.45975722  7.89989668  7.77534808  8.61787569  5.4122354
   5.4122354   5.64194193]
 [ 5.57376135  6.64525298  7.89989668  7.34143669  4.33014119  7.34522424
   8.06693909  7.92549784]
 [ 2.20101977  1.47221177  6.63084102  5.78829462  8.23017514  7.28375789
   6.61489636  5.26130969]
 [ 6.73406462  2.25688378  6.64525298  6.53355796  8.34615048  8.52489011
   8.45975722  2.54810857]
 [ 8.52187704  2.20101977  1.81963353  8.52187704  8.49514909  5.8455476
   8.26732744  1.03019253]
 [ 6.63084102  1.78563031  8.49514909  5.78829462  5.59315917  5.4122354
   6.56712347  7.28492176]
 [ 7.28375789  7.28375789  7.35938585  8.52489011  8.06693909  8.52489011
   8.26732744  1.03019253]
 [ 8.14160607  7.20454733  2.21419341  1.30637708  5.8455476   7.77534808
   8.06693909  8.52914762]
 [ 8.48172516  8.26732744  7.36367723  7.26255665  6.63072414  2.89697789
   8.52489011  2.54810857]
 [ 6.03254529  8.12681894  7.29162442  2.20101977  7.36367723  7.92549784
   7.20454733  7.77534808]
 [ 6.3292594   6.63072414  8.34615048  5.26130969  6.99104906  6.60654149
   4.25951932  4.75910411]
 [ 2.54709488  2.89697789  7.97512018  7.71445669  7.34522424  8.57267321
   8.57267321  8.45975722]
 [ 7.91838894  7.89380541  8.45641299  7.34522424  7.20454733  8.06193345
   6.56712347  6.03254529]
 [ 8.52489011  8.06193345  8.49514909  7.17375483  4.75910411  8.12681894
   7.39642205  5.13799121]
 [ 1.47221177  7.34143669  7.28375789  6.09337072  8.14160607  1.03019253
   4.25951932  2.21419341]
 [ 7.34522424  7.34522424  8.52187704  8.23017514  7.13702885  7.85764909
   2.25688378  8.45641299]
 [ 4.99293975  6.09337072  7.89380541  8.46794301  8.46794301  1.03019253
   5.59315917  8.59027764]
 [ 8.45975722  5.59315917  7.89380541  7.91838894  8.45975722  7.72614963
   7.35938585  6.99104906]
 [ 5.57376135  2.5448101   7.77534808  7.54715675  7.20454733  2.54709488
   6.87575713  2.21419341]
 [ 7.35938585  5.22460598  5.13799121  7.28492176  7.34143669  6.87575713
   7.43926898  4.83638791]
 [ 6.56712347  6.60654149  8.59027764  7.28492176  5.13799121  5.78829462
   8.46794301  2.20101977]
 [ 7.77534808  7.34760151  4.83638791  5.78829462  7.91838894  8.52914762
   8.23017514  7.81608565]
 [ 2.5448101   8.06693909  5.57376135  7.28492176  7.81608565  7.85764909
   7.99034669  5.13799121]
 [ 2.21419341  6.73406462  8.06693909  3.03275896  4.83638791  7.77534808
   2.54810857  8.34615048]
 [ 2.54810857  2.5448101   4.33014119  8.52489011  7.85764909  5.64194193
   1.81963353  1.03019253]
 [ 7.34143669  8.52489011  7.36367723  7.04151045  5.64194193  2.5448101
   7.34143669  6.61489636]
 [ 6.86785283  8.57267321  7.89989668  8.52187704  8.51898839  7.99034669
   6.64525298  7.34522424]
 [ 5.22460598  8.45641299  7.28492176  3.03275896  8.26732744  8.06693909
   8.49514909  7.89380541]
 [ 5.59315917  5.13799121  6.77093989  6.3292594   7.72614963  7.49203601
   8.52914762  4.25951932]
 [ 3.38116467  5.59315917  8.06193345  7.54715675  6.86785283  7.34143669
   8.45641299  4.99293975]
 [ 7.81608565  6.3292594   7.99034669  7.17375483  7.28375789  7.99034669
   2.25688378  6.86785283]
 [ 6.63084102  7.17375483  7.34760151  5.57376135  2.89697789  2.5448101
   7.02328912  8.52489011]
 [ 6.64525298  8.61787569  8.34615048  7.67272048  6.87575713  7.97512018
   7.71445669  4.99293975]
 [ 8.49514909  8.06193345  8.12681894  7.02328912  7.91838894  6.56712347
   6.14418737  7.04151045]
 [ 7.29162442  1.81963353  7.49203601  2.90041398  7.62957091  7.28492176
   4.83638791  8.45975722]
 [ 8.23017514  7.72614963  6.64525298  7.81608565  5.59315917  2.5448101
   7.67272048  8.46794301]
 [ 8.51898839  6.53355796  5.04152311  7.17375483  6.63084102  1.78563031
   6.63084102  8.59027764]
 [ 6.99104906  2.54709488  1.03019253  7.07546245  5.78829462  7.04151045
   5.26130969  7.35938585]
 [ 1.30637708  7.34143669  7.34522424  7.07546245  5.04152311  2.54709488
   5.78829462  2.5448101 ]
 [ 2.20101977  1.30637708  7.92549784  2.25688378  8.61787569  8.49514909
   3.05859707  8.12681894]
 [ 8.61787569  5.57376135  3.03275896  6.09337072  6.64525298  5.26130969
   6.87575713  2.25688378]
 [ 7.07546245  1.03019253  2.54810857  7.13702885  4.75910411  7.91671218
   7.36367723  2.25688378]
 [ 7.89380541  2.54810857  6.77093989  5.04152311  6.53355796  8.57267321
   7.39642205  2.54709488]
 [ 7.81608565  4.83638791  8.51898839  7.99034669  5.22460598  6.64525298
   5.8455476   7.71445669]
 [ 2.54810857  6.61489636  7.85764909  2.25688378  1.78563031  5.93948363
   5.64194193  4.33014119]
 [ 8.23017514  7.28492176  5.64194193  6.14418737  8.61787569  6.63084102
   6.61489636  8.23017514]
 [ 6.53355796  7.49203601  8.12681894  4.83638791  8.57267321  7.54715675
   7.91671218  8.52914762]
 [ 6.61489636  6.61489636  4.33014119  7.04151045  7.28492176  8.06193345
   2.25688378  4.83638791]
 [ 7.49203601  4.33014119  7.28492176  7.34522424  7.20454733  7.71445669
   6.56712347  2.20101977]
 [ 1.03019253  7.35938585  2.90041398  5.4122354   8.52489011  8.52489011
   7.34760151  8.52489011]
 [ 8.59027764  7.26255665  7.67272048  7.92549784  4.33014119  7.34760151
   7.81608565  5.13799121]
 [ 5.4122354   2.54810857  2.5448101   2.20101977  5.13799121  5.57376135
   8.06693909  5.22460598]
 [ 7.17375483  8.48172516  1.81963353  7.07546245  8.45641299  2.5448101
   7.72614963  7.71445669]
 [ 1.47221177  6.03254529  6.87575713  6.63072414  5.13799121  7.72614963
   6.03254529  6.73406462]
 [ 7.34522424  7.85764909  7.72614963  7.89380541  7.46061253  2.54709488
   7.91671218  7.20454733]
 [ 2.21419341  1.03019253  8.59027764  8.61787569  7.39642205  6.63084102
   6.14418737  4.83638791]
 [ 5.22460598  7.35938585  1.81963353  7.49203601  7.36367723  5.93948363
   8.06693909  7.81608565]
 [ 2.21419341  6.99104906  7.29162442  8.52187704  5.26130969  6.09337072
   8.26732744  7.99034669]
 [ 7.92549784  1.30637708  7.17375483  7.81608565  6.77093989  7.34522424
   7.28492176  6.73406462]
 [ 7.67272048  7.34522424  6.3292594   8.52489011  7.07546245  7.07546245
   8.06693909  5.8455476 ]
 [ 6.14418737  2.5448101   2.02953101  8.55987565  6.56712347  7.28492176
   8.06693909  6.87575713]
 [ 6.87575713  2.25688378  7.29162442  7.72614963  7.35938585  8.52489011
   8.59027764  6.63072414]
 [ 8.49514909  8.23017514  2.90041398  2.25688378  8.45641299  1.78563031
   6.73406462  2.20101977]
 [ 7.89380541  6.73406462  7.39642205  6.63084102  8.06693909  6.87575713
   7.34143669  7.36367723]
 [ 7.72614963  7.67272048  7.36367723  8.45641299  2.90041398  2.5448101
   8.30206206  6.77093989]]

*** Teste 0 para 100 agentes ***


Matriz de covariância:
[[ 1.    0.11 -0.14  0.01  0.08 -0.02  0.16 -0.01]
 [ 0.11  1.    0.17 -0.01 -0.   -0.17 -0.04  0.18]
 [-0.14  0.17  1.    0.12 -0.02  0.04 -0.12  0.15]
 [ 0.01 -0.01  0.12  1.    0.03 -0.04 -0.03 -0.14]
 [ 0.08 -0.   -0.02  0.03  1.    0.1  -0.17 -0.04]
 [-0.02 -0.17  0.04 -0.04  0.1   1.   -0.02  0.  ]
 [ 0.16 -0.04 -0.12 -0.03 -0.17 -0.02  1.   -0.08]
 [-0.01  0.18  0.15 -0.14 -0.04  0.   -0.08  1.  ]]

Matriz de correlação de Pearson:
[[ 1.    0.11 -0.14  0.01  0.08 -0.02  0.16 -0.01]
 [ 0.11  1.    0.17 -0.01 -0.   -0.17 -0.04  0.18]
 [-0.14  0.17  1.    0.12 -0.02  0.04 -0.12  0.15]
 [ 0.01 -0.01  0.12  1.    0.03 -0.04 -0.03 -0.14]
 [ 0.08 -0.   -0.02  0.03  1.    0.1  -0.17 -0.04]
 [-0.02 -0.17  0.04 -0.04  0.1   1.   -0.02  0.  ]
 [ 0.16 -0.04 -0.12 -0.03 -0.17 -0.02  1.   -0.08]
 [-0.01  0.18  0.15 -0.14 -0.04  0.   -0.08  1.  ]]

Autovalores:
[ 0.18  0.16  0.14  0.14  0.12  0.09  0.09  0.08]

Variância dos Autovalores:
0.0

Soma dos dois primeiros:
0.34


Para os autovalores de % agentes:
100

Média da soma dos dois primeiros: 0.336140268909

Variância dos autovalores: [0.0010949033062258048]
