*** Tabela geral de notas:
[[ 3.          8.          5.         ...,  5.          3.          7.        ]
 [ 2.          6.          9.         ...,  2.          1.          5.        ]
 [ 6.          4.          1.         ...,  7.          2.          2.        ]
 ..., 
 [ 6.48925904  6.26420683  7.15404625 ...,  5.07205786  7.02957524
   5.61727272]
 [ 3.39342435  1.48838446  4.9583785  ...,  7.71456541  5.67124693
   7.16323054]
 [ 8.11754155  6.53103131  8.69661968 ...,  3.49234103  7.11315079
   4.9532307 ]]
*** Matriz de covariância:
[[ 1.    0.02 -0.01 -0.04 -0.03 -0.02  0.04 -0.04]
 [ 0.02  1.   -0.01  0.04 -0.04 -0.01  0.06 -0.04]
 [-0.01 -0.01  1.   -0.02  0.06  0.01 -0.01 -0.02]
 [-0.04  0.04 -0.02  1.   -0.04  0.1   0.05 -0.04]
 [-0.03 -0.04  0.06 -0.04  1.    0.    0.04 -0.02]
 [-0.02 -0.01  0.01  0.1   0.    1.   -0.02  0.05]
 [ 0.04  0.06 -0.01  0.05  0.04 -0.02  1.   -0.02]
 [-0.04 -0.04 -0.02 -0.04 -0.02  0.05 -0.02  1.  ]]
*** Autovalores (var. %):
[ 0.14  0.14  0.13  0.12  0.12  0.12  0.11  0.1 ]
*** Componentes principais:
[ -9.76815742e-04  -5.71190574e-02   1.82218639e+00   1.20741745e+00
   4.23760890e-02   3.07035820e-02  -1.65290264e+00  -1.07522476e+00
   1.34491340e-01   6.43167551e-01   4.17201203e-01  -9.11539204e-01
   1.11257608e+00  -6.87470227e-01   2.65088172e-01  -1.14367689e+00
   1.53040334e-01   3.93555933e-01  -9.66988771e-01   8.07922100e-01
   8.36049185e-01   1.24007041e+00   3.49770541e-01  -7.04651173e-01
  -4.22913215e-01   1.66155908e-02   5.54092814e-01  -1.01018473e+00
   1.39666594e+00  -1.02938786e+00   1.39374802e+00  -1.08211000e+00
  -7.64785693e-01   1.05404787e+00   5.76689661e-01   7.78737400e-01
  -1.72016068e+00  -1.42353028e+00   4.46934670e-01   3.32374147e-01
  -7.21252324e-01  -5.08882844e-01  -1.26689396e+00  -1.24789075e+00
  -8.40241807e-01   2.43692086e+00  -2.04009093e+00   1.10064360e+00
  -2.52600212e-01   1.18701980e+00   1.38283080e+00  -7.38307846e-01
   6.54794567e-01  -7.67915372e-01   1.07631425e+00   1.04126878e-01
  -3.29763802e-01   2.10804591e+00  -7.34453693e-01  -8.29033271e-01
   1.15700178e+00   5.22295487e-01   8.33363463e-01   2.10870931e-01
   1.67038861e+00  -7.77789288e-01   2.52079521e-01   1.24938395e+00
   1.13487677e+00   7.68232023e-01  -4.13762326e-01   1.84945611e+00
   2.75529123e-01   1.48780853e+00   3.55119659e-01  -1.72343106e+00
   9.69826228e-01   6.67990920e-01   6.52801674e-01  -3.67850416e-01
  -8.21626096e-01   6.67188593e-01   1.75275560e-01  -1.57036321e-01
  -1.22481338e-01  -4.73256812e-01   1.57346397e+00  -1.84416226e+00
   1.13603692e+00   1.35324219e-01  -1.23576107e-01  -4.29972925e-03
  -1.77947740e+00   7.21461323e-01   5.33052333e-01   1.71396785e+00
   1.63155521e+00   1.03752334e+00   1.19877767e+00  -1.39023546e+00
  -7.37089900e-01  -3.67773245e-01  -4.86714313e-01  -8.09044570e-01
   1.12843231e+00  -1.51687457e+00   9.34617906e-01  -3.01360259e-01
   6.89716477e-01   1.52849363e-01   8.58775963e-01  -5.99967466e-01
  -2.48715299e-01   1.13764395e+00   1.57368346e+00  -8.99396520e-01
  -4.71101504e-01   4.40723936e-01  -1.46916118e+00  -1.23054213e+00
   2.01654344e+00  -1.31676577e+00   6.40727677e-01   6.85427453e-01
  -4.75397973e-01   3.74038109e-01  -1.40917200e+00  -3.02870477e-01
   9.23695586e-01   1.34243951e+00  -4.85099119e-01   1.08701219e+00
   4.46367801e-02   9.21168249e-01  -1.36494339e+00  -6.46945925e-01
  -4.46939800e-02  -2.47835761e-01  -1.53931070e+00   1.05310608e+00
  -4.51040014e-02  -1.22409664e+00   1.53908641e+00  -3.51804422e-01
  -2.57935518e-01  -1.08803796e-01  -6.83984653e-01  -9.86623052e-01
   3.78971192e-02  -1.29166981e+00  -1.10811728e-01  -1.62266882e+00
  -5.88085380e-02  -2.13320723e-01  -4.07600931e-01  -6.95453160e-01
   1.18449191e+00  -5.22701383e-02  -9.64445251e-01   1.65875962e+00
   2.13662616e-01  -3.28611253e-01   2.44329583e-01  -8.21849842e-01
   5.19682695e-01  -1.27284182e+00  -2.26575606e-01   6.65662074e-01
  -6.71775391e-01   8.75222814e-01  -3.04783402e-01  -1.83465807e+00
  -1.36504446e+00  -3.52463013e-01  -1.49592130e+00  -5.16441330e-01
   8.51649504e-01   2.14899914e-01  -9.53405109e-01   8.98977771e-01
  -3.51792379e-01  -5.81852570e-01  -1.57435196e+00  -9.90239962e-01
  -2.62456190e-01  -1.99559821e+00  -2.29937545e-01  -4.26087112e-02
   6.81168318e-01  -1.44071855e+00   9.29040255e-01  -8.38414274e-01
  -6.02273029e-02   1.70873604e+00  -1.01960238e+00   9.74334182e-01
  -5.20506273e-01   2.56862286e-01   5.67648722e-01  -2.36071341e+00
   1.89110588e+00  -1.21897344e+00   1.61680326e+00   1.00406535e+00
  -1.91635713e-01   2.47961661e-01  -6.75985945e-01  -8.93231753e-01
   4.17689937e-01   1.72082783e-01   2.47036139e-01  -4.25915154e-01
  -1.94784914e+00   7.79186773e-01   1.44096608e-01   4.76002965e-01
  -8.36235134e-01   7.58874697e-01  -2.27517571e-01  -9.15018279e-01
   1.49684611e+00   7.30408583e-01   1.33793047e+00   1.52420828e+00
   8.34259420e-01  -8.19903404e-01   1.35931430e-01  -2.44321244e-01
   1.03402971e+00   2.78963109e-01  -1.88312617e+00   4.08369565e-01
   1.36826163e+00   1.67618485e+00   7.97424143e-01  -8.46045166e-02
   1.83768782e-01  -2.37616113e+00   1.16287385e+00  -8.65784413e-02
  -3.93706592e-01   4.24094270e-01  -1.03082351e+00  -7.96638805e-01
   8.63547699e-01  -5.80167332e-01  -8.03246019e-01  -1.58588822e-01
  -2.08643742e+00   1.68486508e-01   3.67519039e-01   5.67581026e-01
   4.73409350e-02   2.10092910e-02  -5.88063856e-01  -5.67010878e-01
   4.55139299e-01   2.82826254e-03  -6.38814369e-01  -1.13937186e+00
   1.14293747e+00   3.79455246e-01  -1.17600009e+00  -9.22780773e-01
   3.10729713e-01  -1.15319992e+00  -8.49175779e-01   2.06649875e+00
  -2.36656375e+00  -6.99392352e-01  -4.22087224e-01  -1.67320829e+00
   2.32208989e-02   4.07578998e-01   5.07629901e-01   2.50351269e-01
   7.56636930e-01   3.29510154e-01   2.09413106e+00   4.99697690e-01
  -1.87482067e+00  -3.44097395e-01  -9.54666355e-01  -2.81320656e-01
  -8.44992728e-01  -1.51263091e+00   8.75170091e-02   4.96308008e-01
  -1.25126661e-01   8.79659750e-01   2.41880489e-02   3.09516183e-01
  -7.72852333e-01  -1.58739194e-01   4.53215231e-02  -9.21586657e-01
  -9.56507333e-01  -7.77596416e-05   1.57616963e+00  -6.44392647e-01
   4.43636976e-01  -1.41002789e-01   1.29757481e+00   5.58748321e-01
   9.07828667e-01  -1.07910737e+00   1.66644976e+00  -6.80811776e-01
  -8.26677458e-01   8.03729659e-01   8.85087712e-01  -1.96239519e-01
  -4.68688391e-01  -3.83638601e-01  -4.09611477e-01  -2.12981140e-01
   8.14210482e-01   1.15685124e-01   1.61929393e-01   1.41031142e+00
  -1.63079172e-01  -1.21961771e+00  -1.72490928e-01   4.62625356e-01
   1.67043495e+00   8.39751328e-01  -1.03618868e+00   1.46014797e+00
  -8.19025507e-01   9.43523362e-01   1.64545459e+00   1.10400707e+00
   5.26873069e-01   1.95850410e+00  -4.13658955e-01  -2.95491630e-01
  -8.86940019e-02  -1.43693636e+00   4.05453937e-01  -7.32317952e-01
  -5.46598376e-01  -1.05258684e+00  -9.96685200e-01  -1.13991026e+00
   2.32415780e-01   6.43959134e-01  -1.13156422e+00   4.01286279e-01
   4.48887125e-01  -4.49615340e-01   1.05713063e+00  -6.94763269e-01
   1.06342499e-01  -1.79341999e+00   1.51632541e+00  -6.90329359e-01
  -7.75065569e-01   1.53906093e-01   5.40124217e-01   8.22247476e-01
  -5.08295379e-01   1.01512644e-01  -1.45579787e+00   7.93950370e-01
  -1.35660981e-01  -5.82513116e-01   1.20508277e+00  -2.59808939e-01
  -4.39979407e-01  -4.98040201e-01   6.25147023e-01   9.99636270e-01
   1.71414307e-01  -1.88587424e-01  -4.93490745e-01   6.84766652e-01
   1.52135088e+00  -2.19094694e+00  -8.35922743e-01   5.32550155e-01
  -1.29635480e+00   1.67522411e+00   1.41691687e+00   1.11091757e-01
  -7.05468134e-01   4.47970233e-02  -1.61995641e-02  -1.54511309e+00
  -1.22160543e+00   6.31258666e-01  -1.01852347e+00  -1.07495863e+00
  -1.50550870e+00  -2.55565632e+00   2.97976476e-01  -9.38567777e-01
   1.96105500e+00   4.97805129e-01   1.06701679e+00   1.15144999e+00
  -3.87759186e-01   4.78844541e-01  -1.25577266e+00  -6.06533102e-01
  -1.81974473e+00  -7.04840989e-01  -1.17622135e-01   9.70042007e-01
   2.72733957e-01   4.59960475e-01  -5.73923544e-02   5.53642300e-01
  -3.18436358e-01   1.22274497e+00  -3.02782979e-01  -1.27692322e-01
   2.73416012e-01   8.69140514e-01  -1.22181852e+00  -6.87603217e-01
   6.06147662e-01  -1.61401322e+00  -3.67518671e-01  -1.40910942e-01
  -1.25579986e+00   6.17712216e-01  -1.54920510e+00   4.28373289e-01
  -1.11953818e-02   1.27216911e+00  -4.28069414e-02   7.52230698e-01
   6.76177980e-01  -3.32070757e-01  -4.68117577e-01   6.91679361e-01
   1.42925324e+00   5.65743225e-01   2.78473181e-01   6.61345561e-01
  -4.62000855e-01   5.84141295e-01   1.22419662e-02  -8.99876659e-01
   2.04842616e-01   6.69721877e-01   1.50347820e+00   1.05256375e+00
  -3.76391051e-01   4.44121969e-01  -1.14405395e+00  -5.28544986e-01
   1.85767053e+00  -7.57241853e-01   1.49090165e+00  -8.69101452e-01
   1.20922790e+00  -1.94798526e-01  -9.48620597e-02  -1.74097847e-01
  -3.87971046e-01  -5.87725800e-01   1.65766734e+00  -1.17565439e+00
   1.32384808e+00  -2.43766978e-01  -1.56042664e+00   2.97605681e-01
  -7.74317998e-01   2.86060958e-01   4.42940611e-01  -1.14692179e-01
  -2.11774581e-01   3.37269517e-01   1.03078066e+00   4.59729646e-01
   1.42376384e+00  -1.77464791e+00   1.35201662e+00  -2.75173139e-01
   1.08916760e-01   4.38967882e-01   1.34222702e+00  -4.19950880e-01
  -3.55537763e-01   2.52140922e-01  -1.91176099e+00   5.68916968e-01
   1.64500881e-01   2.53505593e-01   1.53832658e-01  -9.79456862e-01
   4.62676118e-01   1.98771292e+00   8.06623585e-01  -7.80918460e-01
  -2.13457681e-01   6.13333077e-01   1.65034403e+00   4.28818100e-01
  -2.00438327e-01  -1.89552834e+00  -1.13119147e-01  -1.90635905e+00] [-0.16561686  1.34622908 -0.39874862  0.16445026 -0.01893805  1.11232794
  0.81982744  0.95629952 -0.67735117 -1.35002368 -0.11353743  1.79441626
 -1.33526786  0.39786544 -0.20211333 -0.79492382 -0.996412   -0.35835384
  1.05331343 -0.52340795 -1.63210163 -0.07940928 -0.21636737  0.89699632
 -0.60501686 -0.99475107  1.192041    0.71744302 -0.00865303  1.55318925
  0.12133945 -1.11470278 -0.068678    0.4003083   0.77294892  0.30402145
 -0.31820499  0.45557082 -1.23836277 -0.23643315 -0.22769457  1.30880595
  1.83478454 -0.69896534  0.49915816 -0.5525323  -0.56604526  0.23768596
 -0.12450384  0.5612367   0.75330927 -0.2085102  -0.5826201  -0.03612171
 -1.45389278 -0.1884441  -1.1882375   0.86583765 -0.02631777  0.98887075
  0.58433738 -0.18124949  0.35187244 -0.65745572 -0.55614115  2.15583633
  0.51912645  1.95629243 -1.37201122 -0.67563561  0.08221355  0.91748397
  1.19672328 -0.08976931 -0.85589459  1.09338804 -0.67135908 -0.83956803
 -0.11343462  0.6489403   0.63451612 -1.46078285  0.7714997   0.94098133
  0.15574997  0.18352871 -0.55533602 -1.17707391  0.05395357  0.46223007
  0.34737727 -2.27270482  0.07564589  1.22022581 -0.36323408 -1.01318272
 -0.32607117 -0.02513368 -0.4644391  -0.63870577  1.58853179  0.16855387
 -2.03364006  0.54804897  0.80451042 -0.32574746 -0.28225625  0.96431726
 -1.32831594 -0.65318506 -1.75483105 -0.38755419  1.80765164  0.99063749
 -0.17813726  0.19200035  0.25011935 -1.69958044  0.29648303  0.57699307
  0.67924055 -0.20425803 -0.73897993  3.22908231  2.09253593 -0.24950933
  1.63634255  0.7540231   0.89415603 -0.48653397  0.70164096 -1.07599346
 -0.13600167 -1.71310861  1.48569834  0.29132009 -0.78964719 -0.87276667
  0.62125655 -0.58015116  0.57426224 -0.0517394  -1.02966099  0.34268274
  0.08773366 -0.13060382 -2.36043986 -0.16008635 -0.88822963 -0.84993581
 -1.04137976  1.38080347  0.16880626  0.69934634  0.07645619 -1.63904624
 -0.28938237 -0.93333576  0.7318177   1.05169117  0.85396737  0.62608394
 -0.51682716  0.59135292 -1.39477135 -0.0314828   0.17572562 -0.60132853
 -0.67098759  0.20227069  0.03609615  0.13798347 -0.70966312 -1.5299224
  1.10644101  1.42535782  0.5042224  -1.50370492 -0.59736139 -1.63849755
  0.22656183  0.26358477  0.76282338  0.2536215  -1.24583185  0.04423581
  0.32850253  1.26106954 -0.15992047 -1.50772507  0.07817654 -0.56331324
 -0.69692372  1.95243426 -0.37408362  0.61157137  1.81180699  0.41348119
  0.79011837  1.07716636 -0.41868975  1.88838112  0.53254996  0.03335812
 -0.34886634 -0.68187362  0.71711734  0.00385134  0.8839149  -0.79800833
 -0.25745608 -1.90532226  1.05094945 -0.82850925 -0.36627935 -0.90699971
 -1.30644852  1.68004731  0.54921603 -1.55413022  2.03289373 -1.3340273
 -0.48117844 -1.5829996  -0.78779409  1.3969422  -0.04053754 -0.07425905
 -0.80782693  0.48816146 -1.06798609 -0.40710696 -0.34001575 -0.57743161
  0.76102    -0.33621569 -0.49246686 -0.69211122  0.24700958 -2.46538803
 -0.04874427  1.364125   -0.01422723  0.4744497   1.57692005  0.97820128
 -0.83237239  0.02336934 -0.06119899  0.38773978 -1.20902515  0.24798903
  2.45742143  0.6824122   0.540019   -2.33926029  1.15747996 -2.40288256
  1.68282006 -0.13185389 -0.79012709  0.67697422  0.40282275 -1.23250339
 -1.30378986 -0.86953431 -0.03817694  0.1746877  -0.52178309  1.71889737
  0.78266184 -0.14925761  1.84982273  2.07279047  0.07271252  0.99143547
  0.06298572 -0.09704547  0.74512921  0.22226599  1.41872842  0.55393449
  0.29666098  0.27839833  0.7174145  -0.29825597 -0.3004439  -0.70762434
  1.45302358  0.07824523 -1.71359311 -1.96451733 -0.87762793 -0.13567581
  0.85881421 -0.59963753  2.47615749 -0.18646278 -0.33005097 -0.624231
 -1.49044721 -1.8928657  -1.04721212 -2.17207148 -0.35389037  0.29641741
 -0.27447683  0.09843821  1.00161713  0.79013099 -0.24790415 -1.15831641
  0.00365486 -0.59499646 -1.07565924 -0.20708196  0.67899694  0.84132894
 -0.35987735  0.64694394 -0.47218921 -0.9296557   0.97734664 -0.88173916
 -0.66107426 -0.55343499 -0.46204902 -1.20385193 -0.37788357  0.05686633
 -1.43390382 -0.69645323  0.73650474  0.99774652  0.8615564  -2.28245449
 -0.77822949  1.25587194  1.55676231 -0.52448007  2.55781899  1.39694471
  1.21130158  1.81695878  2.02163962  0.48818429  0.04637743  0.61101163
 -0.59360426  1.02497103  1.49454014 -0.06410067  0.16916742  0.08931951
  2.47525964  0.17360596 -0.22427946 -1.19254443 -0.12209464 -0.23011124
 -0.44690792  0.38667262 -0.92405109  0.04537907  0.07339146 -0.49181185
  1.60979365 -1.15754498 -1.08495358 -1.58357115  0.67017369 -0.49699277
  0.9782917   1.22720049  1.77727587 -0.17512431  0.10154947 -0.66777655
 -1.62672366  1.33621196  1.711465    1.10142603 -1.06519279 -0.65288973
  0.63959178  0.15664684  0.36320711 -0.37567685 -1.64629212 -1.23092
  0.293953    0.83768331  0.97070413 -1.52611514 -0.25486054 -1.09042196
  0.72185516 -0.50181222 -1.26030474  0.20370589  1.1442573  -0.10545941
  1.78359207  0.6929446   1.05914052 -1.08019115  0.19182244  0.81126831
  0.88368493 -0.68512694 -1.35706137 -0.76448458 -1.75536365 -1.35677034
 -1.76852047 -1.10976485  0.63463042 -0.57580882  0.76304314 -0.12770119
  0.13531283 -0.45862068  0.09407706  0.56777209 -0.94187378 -0.74936819
  1.27013991  0.17439279 -0.77409997  1.15974313 -0.29419967  0.32823661
  1.3744109  -0.85877886  0.08099353  0.34864793  0.65325417 -1.10829878
 -0.64121892 -0.37782824  0.62395618  0.32886775  1.03659753  0.79814412
 -1.93962862  1.39762768 -0.78239459 -0.70129025  0.12136536 -0.24828303
  1.31577248 -1.02556    -0.91771607 -1.80685134  0.18300721 -0.97930715
  0.21517608 -0.29800868  2.68238259 -1.2724815   0.14574852  0.05029294
 -0.07487344  0.1710897   1.77759343  0.45560544  0.24973478 -1.12600719
 -1.73587567  1.07278531  1.10939894  0.90662979 -0.50700409  0.1579634
 -0.10176962  0.35620681 -0.33029986 -0.27003274 -0.41081136 -0.33881433
 -0.61237314  1.28613065  1.14934901  0.91425039 -0.18864262 -0.93308401
  0.05582506 -0.40967638  0.8617452  -1.19417201 -0.37679751 -1.15994654
 -0.36864473 -0.47564171  0.44650425  0.69174145 -1.82024601  0.2869858
 -0.97775044 -0.88041801  0.76563371 -0.25439299  0.45694085  0.8544699 ]
*** Componentes principais:
[ -9.76815742e-04  -5.71190574e-02   1.82218639e+00   1.20741745e+00
   4.23760890e-02   3.07035820e-02  -1.65290264e+00] [-0.16561686  1.34622908 -0.39874862  0.16445026 -0.01893805  1.11232794
  0.81982744]
