
*** Dimensões da tabela de notas: (580, 8)

*** Tabela geral de notas:
[[ 3.          3.5         9.         ...,  3.5         5.          4.5       ]
 [ 8.          7.5         7.         ...,  8.          2.5         2.5       ]
 [ 1.5         2.5         9.         ...,  2.5         7.5         7.5       ]
 ..., 
 [ 7.60325977  1.9389196   8.57603795 ...,  4.3802324   7.17296245
   5.70514915]
 [ 7.63200346  6.2537125   9.04987179 ...,  6.91629995  3.65037595
   1.40937295]
 [ 7.52987267  7.0359466   8.73425434 ...,  5.48125869  4.77154407
   2.71349526]]

*** Matriz de covariância:
[[ 1.    0.32 -0.21  0.14  0.05  0.45 -0.23 -0.36]
 [ 0.32  1.   -0.54  0.14  0.05  0.69 -0.54 -0.19]
 [-0.21 -0.54  1.   -0.4   0.41 -0.35  0.32 -0.08]
 [ 0.14  0.14 -0.4   1.   -0.21  0.07  0.13  0.26]
 [ 0.05  0.05  0.41 -0.21  1.    0.23 -0.14 -0.19]
 [ 0.45  0.69 -0.35  0.07  0.23  1.   -0.56 -0.31]
 [-0.23 -0.54  0.32  0.13 -0.14 -0.56  1.    0.42]
 [-0.36 -0.19 -0.08  0.26 -0.19 -0.31  0.42  1.  ]]

*** Pearson (igual matriz covar.):

['1.0', '0.32', '-0.21', '0.14', '0.05', '0.45', '-0.23', '-0.36']
['0.32', '1.0', '-0.54', '0.14', '0.05', '0.69', '-0.54', '-0.19']
['-0.21', '-0.54', '1.0', '-0.4', '0.41', '-0.35', '0.32', '-0.08']
['0.14', '0.14', '-0.4', '1.0', '-0.21', '0.07', '0.13', '0.26']
['0.05', '0.05', '0.41', '-0.21', '1.0', '0.23', '-0.14', '-0.19']
['0.45', '0.69', '-0.35', '0.07', '0.23', '1.0', '-0.56', '-0.31']
['-0.23', '-0.54', '0.32', '0.13', '-0.14', '-0.56', '1.0', '0.42']
['-0.36', '-0.19', '-0.08', '0.26', '-0.19', '-0.31', '0.42', '1.0']

*** Autovetores (raw):
[[ 0.35  0.03 -0.62  0.41  0.43 -0.34  0.13 -0.12]
 [ 0.49 -0.11  0.14 -0.25  0.17  0.45  0.62 -0.22]
 [-0.33  0.51 -0.22 -0.04 -0.01  0.06  0.54  0.54]
 [ 0.07 -0.52 -0.52 -0.18 -0.61 -0.02  0.14  0.16]
 [ 0.06  0.51 -0.32 -0.62 -0.12 -0.11 -0.17 -0.44]
 [ 0.5   0.07 -0.08 -0.24  0.19  0.21 -0.46  0.62]
 [-0.27 -0.41  0.03 -0.54  0.52 -0.41  0.11  0.13]
 [-0.44 -0.16 -0.4   0.03  0.31  0.67 -0.21 -0.15]]

*** Autovalores (raw):
[ 2.92  1.85  0.92  0.89  0.51  0.37  0.3   0.25]

*** Autovalores prop (raw):
[ 0.36  0.23  0.12  0.11  0.06  0.05  0.04  0.03]

*** Autovalores (var. %):
[36.0, 23.0, 12.0, 11.0, 6.0, 5.0, 4.0, 3.0]

*** Dados finais:
[[-1.19291671  2.66699063 -2.73258434 ..., -1.07723977  1.83879869
   1.24782664]
 [ 0.82216081  1.71355673  0.23459786 ..., -0.5325758   1.65087678
   2.50942543]
 [ 0.88596998 -0.5514219  -0.19404096 ..., -0.88019813  0.03032321
   0.07818344]
 ..., 
 [ 0.08924364  0.16573149  0.41289534 ..., -0.7574612  -0.57644872
  -0.46409468]
 [ 0.29585465  0.09108807 -0.10868485 ...,  0.13032409  0.71276953
   0.67619976]
 [ 0.47478638  0.14254604 -0.13501193 ...,  1.11647685  0.91398581
  -0.5041894 ]]

*** Componentes principais [T] (todos):
[ -1.19291671e+00   2.66699063e+00  -2.73258434e+00   1.40959698e+00
  -1.08188379e+00   4.17678753e+00   1.28951732e+00   1.78323572e+00
  -2.03133556e+00  -7.29980928e-01   4.69795695e-01  -3.86916361e-01
  -2.02351491e+00  -1.46190598e+00   1.43807666e-01  -1.16969942e+00
  -3.42262139e-01  -1.05926504e+00   1.94320895e+00  -1.02794802e+00
  -7.50999101e-01  -2.23359273e+00  -7.23190493e-01  -1.12936633e+00
   2.40983326e+00  -6.28164866e-01  -1.55463404e+00  -4.92948013e-01
   2.78561572e+00  -1.55600083e+00   5.95171903e-01  -1.26125838e-01
  -4.71762807e-01  -2.90792390e-01   2.40467588e+00   2.60241320e+00
  -9.14070236e-01   4.78523026e-01  -7.34901469e-01  -2.06665262e+00
   2.01589903e+00  -1.46420464e+00  -1.22956312e+00  -1.43387040e+00
  -1.68859623e+00   9.68073038e-01  -1.30087951e+00   1.03296464e+00
  -5.54617664e-01  -1.09295256e+00   1.24148345e+00   1.22237370e+00
   2.48327822e+00   3.08186902e+00  -1.40093960e+00  -8.24540454e-01
  -9.07800438e-01  -7.96001663e-01  -7.50333030e-01  -1.16270993e+00
  -1.40593138e+00  -1.49238281e+00   1.50420055e+00   1.27324462e+00
  -1.70835317e+00   2.16915580e+00  -4.54274401e-01   1.29184698e+00
   2.23166411e+00   6.92655965e-01  -2.76953707e+00   4.06139319e-01
   2.64702967e+00  -1.72236570e+00   7.75217785e-01  -2.23846708e+00
   2.19819627e+00  -3.22731852e+00  -1.07313854e+00   1.96728030e+00
  -1.63016112e+00  -5.56650561e-01  -1.11219061e+00  -1.21019597e+00
  -1.35926076e+00  -8.75764591e-01   1.63385607e+00  -7.97102455e-01
   2.12752066e+00  -1.28626947e+00  -1.77509640e-01   3.39139895e+00
  -1.92914339e+00  -3.14817800e-01  -1.05256906e+00   1.43944017e+00
   1.38498116e+00  -7.29373771e-01  -2.29889245e+00  -1.50128787e+00
  -2.74306530e-01  -7.90467920e-01   6.51350857e-01  -1.68057930e+00
  -4.72493309e-01  -1.31196584e+00  -6.39118499e-01   2.48467333e+00
  -3.73484680e-01   3.66580690e+00   1.95626792e+00  -1.11355513e+00
  -8.06926836e-01  -3.82678831e-01   1.14156329e+00   1.70963573e+00
   1.26704587e+00  -5.76939063e-01  -1.29775894e+00   2.27164351e+00
  -1.75023194e+00  -1.86331075e+00  -2.20831132e+00  -1.11222944e+00
   1.87053505e+00   3.02013483e+00   8.65445499e-01  -7.62626513e-01
  -9.09182422e-01  -3.05172997e-01   2.58040725e+00  -2.76366244e-01
   5.88695557e-01   4.47270851e-01   2.56688418e+00   2.13223163e+00
  -1.74493492e+00  -2.31409213e+00  -1.43027714e+00  -8.57236261e-01
  -1.44345033e+00   8.09379627e-01  -2.55825514e+00  -8.17693811e-01
  -6.46290637e-01  -8.79881155e-01   2.49026835e+00   3.03613253e+00
  -1.24233237e+00  -2.54259123e+00  -9.58161098e-01   1.27322740e+00
   2.04241729e+00   3.39509030e-02  -8.45536856e-01  -6.68477603e-01
  -1.57807488e+00  -1.16931576e+00  -2.04274266e-01  -1.19441836e+00
  -7.01778464e-01  -1.49172247e+00   2.11822472e+00  -7.33850184e-01
   2.50441821e+00  -1.98675530e-01   1.33590048e+00  -4.05019197e-01
  -2.56587729e+00   7.87997909e-01  -7.45892318e-01  -8.22761828e-01
  -1.42204738e+00   1.04951707e+00   2.09636152e+00  -1.44637061e+00
   2.98301981e+00  -8.89898028e-01   1.09073143e+00   1.66385871e+00
   2.07322272e+00   3.09100272e+00   2.45953057e+00  -1.14173166e+00
  -6.84931982e-01  -1.40448242e+00  -2.55840388e+00  -2.51095036e-01
   1.68361170e-01  -1.57681912e+00  -8.59808548e-01  -1.06858335e+00
  -1.67252522e+00   1.26238872e+00  -2.09514201e+00   9.88091538e-01
   1.50582452e+00  -1.25506035e+00  -1.17769500e+00   1.56204542e+00
   9.37476122e-01   1.83626494e+00  -8.53636862e-01   3.21370749e+00
  -2.80554948e+00   7.95185171e-01   8.22184663e-01   4.56175819e-01
  -2.02117081e+00  -1.67458815e+00   2.34972659e+00  -5.49930128e-02
   2.51400649e+00  -9.00489111e-01  -1.23976801e+00  -1.46359609e+00
  -1.18172937e+00   1.68970944e+00  -2.44699629e+00   1.68424876e+00
   5.10586154e-01   2.19390530e+00  -7.06796929e-01  -2.73023035e+00
   2.18456951e+00  -9.30435078e-01  -7.83703686e-01  -1.46604522e+00
  -2.83950567e+00   8.92323538e-01   3.12381795e+00  -7.16133512e-01
   3.82822066e+00  -4.15960653e-01  -1.80432711e+00   7.43135731e-01
  -8.98650143e-01   2.15420939e+00  -2.32073135e+00   6.11788718e-01
  -1.93925695e-01   1.59513986e+00  -1.02370016e+00  -2.57284967e-01
  -1.72175886e+00  -3.12280514e+00  -9.82972108e-01  -1.09622292e+00
   1.95210659e+00  -4.57865172e-01   1.83782001e+00  -2.43594435e+00
  -7.29192123e-01  -1.63320662e+00  -2.25359778e+00  -8.11267935e-01
  -1.11797443e+00  -5.96279444e-01  -2.04857560e+00  -1.41806581e+00
   1.87890457e+00   2.07381896e+00  -1.15134516e+00  -1.56489351e+00
  -3.36492933e-01  -1.50425159e+00   1.85056658e+00   1.70180378e+00
   1.63404919e+00  -8.74564148e-01   3.26516931e-01   2.84230477e+00
   2.80820565e+00   1.41440724e+00  -7.87440354e-01   9.55081389e-01
  -8.13155899e-01  -1.68221554e+00  -1.27358262e+00  -4.80631813e-01
  -1.32604619e+00  -2.87564875e+00  -2.97981823e+00  -2.31016199e+00
   2.65082862e+00  -9.11719460e-01   8.42421893e-02  -1.26609201e+00
  -2.76228689e+00   3.67748487e+00  -2.40243581e+00   9.73667861e-01
  -6.94839062e-02  -1.53052925e+00   4.09210456e-02  -1.29468559e+00
  -8.99995126e-01   3.74047887e+00  -1.77850429e+00   1.37591606e+00
  -2.82623128e-01  -1.51680379e+00   3.14961698e+00   2.71508873e+00
  -6.54261750e-01  -1.31706399e+00  -7.99038174e-01   2.13918129e+00
   3.15309820e-03   1.86054622e+00   1.64921232e+00  -2.38922617e+00
  -2.53872462e-01   1.07364751e+00  -1.17016849e+00   7.97347470e-01
   5.50163298e-02  -3.77572704e-01   1.16872968e+00  -1.12108484e+00
   2.76628845e+00   1.57020295e+00   1.38040294e+00  -2.02655299e-01
   2.74338610e+00  -2.23215667e+00  -1.16976028e+00   2.21646892e+00
   3.84869613e-01   1.94087126e+00  -4.68773886e-01  -4.74911761e-01
  -2.66927011e+00   2.73287203e+00   2.84222709e+00   2.93161523e+00
   1.78632302e+00   1.50009110e+00   1.07233764e+00  -1.35175591e+00
   4.14678159e-01  -1.78050341e+00   6.88799574e-01  -2.26317537e+00
  -1.85443399e+00  -1.17122676e+00  -1.90953100e+00  -1.37437374e+00
   5.92881731e-01   1.52810678e+00   2.31344749e+00  -6.50865836e-01
  -1.99548132e+00  -2.33461131e+00  -1.92962519e+00  -1.43454760e+00
  -8.17399114e-01   1.39608216e+00  -1.40313762e+00   2.69238594e+00
  -1.51527627e+00   3.40130335e+00  -1.86926558e-01  -1.15785821e+00
   7.71712731e-01  -2.00229556e+00  -1.76539576e+00  -1.29744645e+00
  -1.90081233e+00   1.67474652e+00  -1.72541177e+00  -2.83834873e+00
   1.00104329e+00  -2.25799553e+00   1.48796488e+00   2.21875277e+00
  -5.42651943e-01  -4.36017130e-01  -6.50995331e-01   7.78895067e-01
  -1.51469958e+00  -1.68921715e+00  -2.71145107e+00  -7.82790244e-01
   6.36384148e-01   1.54003058e+00  -2.03240315e+00   6.71298233e-01
  -1.13864881e+00  -8.15669281e-01  -7.85084512e-01  -8.51639570e-01
   7.87830464e-01  -4.53273508e-01   2.58643369e+00  -1.09166109e+00
  -8.37843975e-01   1.13175272e+00  -1.44160868e+00   2.10292507e+00
  -2.46104634e-01  -2.26146720e+00  -1.25985924e+00   3.39441200e+00
  -2.15445351e+00   2.24609683e+00  -1.43209346e+00   2.37421438e+00
   3.37004374e+00   2.63642958e-01   5.32786738e-01  -5.79797445e-01
   2.98922972e+00  -1.16333671e+00   2.73612783e+00  -2.78959766e-01
   5.13146073e-01  -1.71473515e+00   7.72146078e-01  -6.23013947e-01
   3.91003582e+00  -1.08166419e+00   1.03630999e+00  -5.80943680e-01
   5.97766891e-01   1.22365650e+00  -5.89130832e-01   2.96474119e+00
  -9.28370951e-01  -2.93550177e+00  -6.74008476e-01  -2.60578609e-01
   1.10760088e+00  -1.17280651e+00   3.78767717e-01  -1.92382207e+00
   3.09025600e+00   2.12598393e+00   1.42430123e+00  -8.09424067e-01
   1.58032230e+00  -3.17234225e-01  -1.48192656e+00   2.08856847e+00
   2.54856786e+00  -1.50672264e+00   1.71756475e+00   2.34946838e+00
   3.07101089e-01  -1.35807977e+00  -2.89686562e+00  -1.52629722e+00
   2.34209792e+00   1.30257152e+00   1.39134371e+00  -9.84438736e-01
   3.07331767e+00   3.39883878e+00   1.37194546e+00  -9.10905582e-01
  -7.79589931e-01   4.38735625e-01   4.62121227e-01   3.40402848e+00
   8.59470391e-01  -2.50650698e+00   2.05477646e+00  -2.72128512e+00
  -5.26846906e-02  -9.95625435e-02  -1.32423119e+00  -1.23005421e+00
   2.91317791e+00   2.98744938e+00   1.97507870e+00  -1.16243347e+00
  -5.09658619e-01  -1.88810853e+00   1.52630721e-01  -8.92107217e-01
  -9.46424096e-01   2.56027547e+00  -1.74539369e+00   1.72561706e+00
   1.61998565e-01   9.63310869e-01  -8.42479576e-01   2.10041891e+00
  -1.13789271e+00  -6.92208697e-01   3.24159078e+00   4.55347145e-02
  -1.05398723e+00  -1.26411626e+00  -9.49550266e-01   5.07861490e-01
  -5.38410306e-02  -1.64889909e+00  -1.77134526e+00   3.25919427e+00
  -3.60143729e-01  -7.80494796e-01  -1.27180300e+00  -3.39724272e-01
  -1.30089622e+00  -2.73447601e-01  -1.24382355e-01   1.66005266e-01
  -1.85052943e+00  -2.63898821e-01   9.93915285e-01  -4.85781727e-01
  -1.88690171e+00  -1.13402732e+00  -1.78297781e+00   2.71932240e+00
  -7.35730869e-01  -3.22769493e-01  -5.05794433e-01  -5.19603504e-04
  -2.21221815e+00   1.80401993e+00  -2.13981852e+00  -1.41653486e-01
  -8.47561478e-01  -1.16791836e+00   1.70793668e+00   5.14628643e-02
   1.66486449e+00  -1.20055036e+00  -9.64717638e-01   9.44943203e-01
   2.75720642e+00  -1.01447216e+00   1.00458062e-01  -7.54656068e-01
   2.23379257e-01   1.04567126e+00  -1.03911428e+00  -9.44633578e-01
   1.66111452e+00   3.24226725e+00  -2.09049993e+00   2.28847331e+00
  -9.03031197e-01  -1.82449695e+00   6.61119962e-01  -7.18998532e-01
  -1.64684922e+00   2.44589156e+00   2.99842968e+00   3.37661604e+00
  -1.28334406e+00  -2.83796137e-02   1.04160371e+00   3.22314121e+00
  -2.15910014e+00   5.96871704e-02   2.79961898e+00  -1.62886394e+00
   2.00564732e+00   2.54097252e+00  -1.38190590e+00   3.15970634e-01
  -9.90505585e-01  -9.94522689e-01  -2.42366533e-02   1.52158043e+00
   3.72459653e+00  -1.25191467e+00  -1.60847868e+00  -9.08795161e-01
  -1.00709959e+00  -1.64781301e+00   2.17226971e+00  -6.12367918e-01
  -1.51589468e+00  -1.07723977e+00   1.83879869e+00   1.24782664e+00] [  8.22160815e-01   1.71355673e+00   2.34597856e-01  -2.03043680e-01
  -1.91328873e-01  -9.66387862e-01  -2.45994845e+00   1.23448807e+00
   1.46942556e+00   1.53363068e+00  -2.05390144e+00   7.01102238e-01
  -6.26647634e-01  -7.55482873e-01   6.18240449e-01   2.46287839e-01
   1.31912078e+00  -8.23326651e-01   2.49038729e+00   4.00242724e-01
   1.04526703e+00   1.27802954e-01   1.44411449e+00   1.57009035e-02
   2.37879832e+00  -9.86065307e-02  -7.50847972e-02  -8.94620184e-02
   1.67230747e+00   1.31763115e+00  -2.58606523e+00   2.74078210e-01
   9.78313170e-02   1.17742584e+00  -1.84892285e+00   2.20568335e+00
   1.39128993e+00   7.71060587e-01  -6.51128097e-01   1.39221203e+00
   1.40276109e+00   7.37252206e-01   1.64592236e+00   6.71798771e-01
  -2.62020833e-01  -2.28967759e+00  -9.84870686e-01  -3.01191504e+00
  -5.08185972e-01   1.57950563e-01  -2.57316395e+00  -2.04539347e+00
   1.61040714e+00   1.77137080e+00  -8.45406967e-03   1.63257534e+00
   1.20105272e-03  -2.46989248e-01   9.11998352e-01   4.03637889e-01
   1.74614708e+00   3.98032828e-01  -2.05715371e+00  -2.00304230e+00
  -4.85432609e-01  -1.85499131e+00   4.30020388e-01  -2.26216064e+00
   9.98496559e-01  -2.51359471e+00   7.61450088e-01  -3.03832590e+00
   1.44677202e+00   3.45928919e-02  -1.78041360e+00   6.70243328e-01
   7.90486516e-01   5.86001899e-01   1.92339529e+00   1.12933137e+00
   1.10059999e+00   1.63509711e+00   1.79259623e-01  -4.95147248e-01
   9.03329220e-02   9.09266932e-01  -2.34763698e+00  -3.22292661e-01
   1.78906718e+00  -5.49214605e-01  -4.99739458e-01   7.89565951e-02
   2.65416797e-01  -5.21630435e-01   8.90836423e-01  -1.37747745e+00
  -1.61056132e-01   7.20072629e-01  -7.81231920e-01  -6.63893248e-01
   1.45812341e+00  -1.25019668e+00  -2.14454329e+00  -6.73131967e-01
   2.00561577e-01  -9.80047355e-01   2.64304985e+00   1.23709655e+00
   8.11788866e-01  -4.15601312e-01   2.43286611e+00  -7.56805364e-01
   1.31201660e+00   8.15774575e-01   2.65742963e+00   1.48998966e+00
  -2.37030625e+00   1.85469629e-01  -1.41495806e-01   7.58578893e-01
   6.07467592e-01   1.23013009e+00   1.06645429e+00   8.71945235e-01
   1.74251059e+00   1.99595675e+00  -2.31855858e+00   1.75455095e+00
  -1.52345009e+00  -3.26758710e-01   1.62365209e+00   1.03039908e+00
  -1.73572186e+00   5.99267652e-01   1.75810358e+00   1.91976295e+00
  -1.33552196e+00  -3.21344442e-01   4.77571142e-01   3.95963689e-01
   1.53333625e+00  -2.16526825e-01   1.99107563e-01   1.12689111e-01
   5.51089942e-01   1.11339935e+00   1.14443157e+00   2.01150868e+00
  -7.02105531e-01  -5.69800080e-01  -1.03164480e+00  -1.55586336e+00
   9.29055856e-01   8.26654184e-01   5.52315679e-01  -4.24542062e-01
   8.52423563e-01   8.92055443e-01  -1.45845723e-01  -1.42073475e+00
  -5.71700032e-01  -8.20822314e-01   1.04887282e+00   4.43682902e-02
   5.50534181e-01   4.42310501e-01  -2.51804703e+00   4.16546639e-01
   4.20593392e-01  -2.10047266e+00  -6.09009744e-02   1.53267117e+00
   4.37502935e-01  -2.28958938e+00   2.47025305e+00  -3.90409834e-01
  -8.95251646e-01   9.01552211e-01  -1.72334646e+00   1.81512099e+00
   1.05256616e+00   1.89093541e+00   1.70940947e+00   3.10284353e-01
   7.63874249e-01   3.92599540e-01   6.59077015e-01   1.33272231e+00
  -1.81987605e+00   9.30288151e-01   3.15481336e-01  -3.94596502e-01
   1.75772754e-01  -1.34527657e+00  -1.65932094e-01  -2.21832737e+00
  -3.19263612e-01  -8.57479419e-01   2.87597386e-03  -2.57889821e+00
   6.85967400e-02  -1.47523847e+00   8.02003081e-01   2.30525996e+00
   8.54805988e-02  -2.33594148e+00  -2.33409826e+00   1.02925063e+00
  -8.54194307e-02  -1.38511304e+00   5.62405701e-01  -5.86287069e-01
   4.21101736e-01  -5.81521148e-01   5.38374665e-01  -1.76225540e+00
  -1.15376600e+00  -8.35307018e-01  -5.18187339e-01  -2.22607208e+00
  -2.04517462e+00   1.89377126e+00  -6.02991410e-01  -8.12748259e-01
   1.98441456e+00   5.95068020e-01   1.24538776e+00   3.74750054e-01
  -3.93385537e-01  -1.78441161e+00   5.51191987e-01   9.81978984e-01
  -8.88207022e-01   2.38376686e-01  -2.04207593e-01  -2.24225492e+00
  -1.07549300e+00   3.86946892e-01  -4.47685497e-01   4.74847540e-01
  -2.07547199e+00   1.73123904e+00   3.90368377e-01   1.11639753e+00
   1.00284207e+00  -1.16244002e-01   1.27017140e+00  -8.07585289e-01
   3.81218594e-01   4.70572082e-01  -2.23622744e+00   1.43784438e+00
   3.45501663e-01  -4.20429504e-01   8.42013361e-01  -6.15143321e-01
   2.14947249e-01  -4.13962003e-01   9.54918198e-01   7.63861757e-01
  -1.62161243e+00  -2.25411973e+00   1.97807085e-01  -1.27591415e+00
   9.08783688e-02  -1.47795088e+00   1.40652940e+00   7.38221662e-01
  -2.22520126e+00  -8.66638251e-01  -2.22707188e+00   8.06075608e-01
   1.58398558e+00   2.34991936e+00  -3.00843890e-01  -1.73503277e+00
   2.87775404e-01   1.32847948e+00   9.68438473e-01  -1.28669689e-01
   1.47672647e+00   3.58275050e-01  -8.88911846e-01   1.04127301e-01
   1.36515369e+00  -5.83129385e-01  -2.38290000e+00  -3.19111214e-01
  -6.18506312e-03  -1.26012869e+00   1.36873246e-01  -2.83326376e+00
  -2.30287806e+00   2.78986651e-01   2.85562253e-01   6.75804008e-01
  -9.89944022e-01  -5.05514691e-01   6.96487652e-01  -2.67970926e+00
   3.33972283e-01  -6.47667418e-01  -8.47263038e-01  -1.04423036e+00
   7.46829049e-02   6.29846257e-01   2.94282214e-01  -1.43272501e+00
   6.03318682e-01  -2.55396936e+00   2.47652585e+00   8.45141143e-01
  -9.36560246e-01  -9.83819190e-01   1.03919433e+00  -1.72402443e+00
  -8.80519508e-01  -1.47465697e+00  -1.41795133e+00  -2.97194554e-02
   3.26374403e-01   1.29127105e+00  -1.63094452e+00   1.74234617e-01
   1.52471782e+00   1.19502343e-01   1.12019187e+00  -2.07690851e+00
  -2.65140869e+00   1.07801819e+00  -4.51342402e-01   1.29108920e+00
  -6.19642992e-01   2.68002318e+00   1.98459786e+00   1.65152315e+00
   2.48804288e+00  -2.36918553e+00   2.28467191e+00   4.26521152e-01
  -1.69502131e+00  -1.82482469e-01  -3.00615112e+00   8.73820364e-01
   1.16539839e+00   4.66831517e-01   1.21707740e+00  -1.39561765e+00
  -8.23307879e-02  -2.38957999e-01   1.83734642e+00   1.22786221e+00
   1.53021659e-01  -4.34752925e-01   1.76771426e-02  -2.73959838e-01
  -9.10489179e-02  -1.25444773e+00  -8.20339231e-01   2.19638886e+00
   9.14150890e-01   1.39597527e+00  -1.86878899e+00  -4.18893925e-01
  -1.83664576e+00  -2.32393952e-01   1.81697999e-01   1.01722505e-01
   5.99637399e-01   1.68634730e+00   4.62365788e-01   2.05103768e-01
  -2.84100577e+00   4.03661424e-01  -1.89474506e+00   1.69531611e+00
  -1.09138006e+00   7.17898906e-01  -5.89909522e-01   2.19712081e+00
  -7.75957656e-01   5.81046438e-01  -3.39869501e-01  -5.59344550e-04
   3.80303922e-01  -1.61191445e+00  -8.12098665e-01   3.03448815e-01
  -9.16652526e-01   4.04813515e-01   2.00265509e+00   5.23091425e-01
  -2.73655925e+00  -1.47807705e+00   1.79667608e+00  -5.33264423e-01
  -2.11779923e-01  -1.03979575e+00  -6.07908587e-01  -1.25110429e+00
   8.49601717e-02   3.96827245e-01   8.78491749e-01  -9.38561542e-01
  -1.08620448e+00   2.38673003e+00   3.44556924e-01   2.14812918e+00
   1.46840837e+00  -2.88912663e+00  -1.04559807e+00   1.27286828e+00
   3.33660019e+00   6.37091966e-01   2.44815267e+00  -1.28688450e+00
  -1.67458748e+00   4.09900046e-01  -5.25949401e-01   4.75917550e-02
  -5.72168607e-01   4.14304793e-02  -1.85892620e+00  -2.68814177e-01
   1.24618460e-02  -1.10914474e+00  -8.13783453e-01   1.69083342e+00
   3.01878546e-02  -2.59918046e-01  -2.63537967e-01  -5.45620919e-01
  -1.64356362e+00  -1.39363332e-02  -3.84232912e-01   4.11231639e-01
   1.46155678e+00   1.74762297e+00   1.76430145e+00   6.97088241e-01
  -1.66798259e+00   1.16777707e-01  -2.86174935e-01   2.21068180e+00
  -8.50401898e-01  -4.27929671e-01   2.18825252e+00   1.49309144e+00
  -1.86958805e+00   6.69436079e-01   2.70589221e-01   2.97930268e-01
   9.95886354e-01  -1.65981557e+00   3.01904361e-01  -2.35054793e-01
   2.65616203e+00   1.42670112e+00  -2.14278616e+00   1.04509000e+00
   4.47060402e-01  -2.69767052e+00  -3.07206196e+00   2.59428640e-01
  -2.08632447e+00  -8.26670343e-02  -1.34774726e+00  -8.75837103e-01
   4.44265166e-01   1.80736388e+00   1.08707187e+00  -3.58814362e-01
   2.40050913e+00   1.74858629e+00   1.59327744e+00   7.52408762e-01
   2.57098516e-01  -1.07626486e-02  -1.94202447e+00  -4.95951221e-01
   5.43909374e-01   1.82294823e+00  -1.15009849e+00   1.71986914e+00
  -1.83289843e+00  -1.34583329e+00   6.96151484e-02   5.38501092e-01
   1.42735044e-01   5.01050133e-01   1.00259816e+00  -1.24691415e+00
   1.00136976e+00  -6.41929748e-01  -1.57119319e-01  -1.67465965e+00
   2.18471283e-01   1.26509318e+00   2.55744378e-01  -1.32610660e+00
  -7.80258291e-01   9.86995263e-01   1.46560352e-01  -1.55174843e-01
   4.53336808e-01   4.80115917e-01   1.17179364e+00  -3.03642526e+00
  -1.49880543e+00   6.39710969e-01  -2.50046883e+00   1.56170172e-01
   1.49487097e-01  -5.86860832e-01  -1.90929507e-02   1.30320222e+00
  -4.46480466e-01  -7.71430547e-01  -7.30948196e-01   3.42635799e-02
  -5.75848395e-01   2.75989260e+00   5.00279465e-01  -2.56384627e-02
  -2.43443020e-01   8.73845550e-01   2.68469365e-01   1.27106871e-01
  -2.53530818e+00  -9.32493151e-01  -1.51119196e+00  -2.07747929e+00
   1.25322362e+00  -1.11201793e-01  -1.70619287e+00   5.08137610e-01
  -2.41389512e+00  -2.04902801e+00   4.98907827e-01  -8.78509097e-01
   1.01049060e+00  -1.14227555e+00   7.60132204e-01  -1.79605456e+00
   1.17706002e+00  -1.46348174e+00  -1.56375456e+00   1.12435550e+00
   1.20286951e+00   1.22862846e+00   1.63126856e+00  -9.00976448e-01
  -7.99732791e-01   4.34112648e-01  -2.65618188e+00  -1.01150368e+00
   7.27268245e-01  -8.58935777e-01   2.42164694e+00   2.96460857e-01
  -1.52315218e+00   1.83416390e+00   9.32969927e-02   1.55205322e+00
  -6.08081434e-01  -7.71261555e-01  -7.18307439e-01   7.95579969e-01
  -5.85562418e-01  -2.99586064e-01  -1.05727388e+00  -6.44804320e-02
  -5.17758265e-02  -4.34208888e-01   1.89826667e+00   3.39441732e-02
  -7.72523316e-01  -5.32575797e-01   1.65087678e+00   2.50942543e+00] [  8.85969979e-01  -5.51421899e-01  -1.94040964e-01   1.17466710e+00
  -8.02087602e-01  -3.60031211e-01   8.51391671e-02  -8.87630867e-01
   6.93974907e-01   7.45354167e-01   3.76727648e-01   1.58833917e+00
  -6.77735501e-01   1.06066113e-01   1.91410588e-01  -4.89936208e-01
   9.40755292e-01  -1.25796721e+00  -3.27627995e-01   1.21723526e+00
   2.80952776e-01  -6.02420681e-01   7.41884665e-01   1.10241531e+00
  -6.86017044e-01  -8.10709712e-01   2.65213491e-01   1.03280392e+00
  -1.25275751e+00   6.99379017e-01  -5.72407507e-01  -7.82701984e-01
  -1.09350648e-01   1.28243116e+00  -6.51563650e-01   4.78234750e-01
   1.61855253e+00   3.45768938e-01  -4.65877614e-02  -1.01142535e+00
  -3.20288318e-01   7.10132694e-01   5.37862060e-01   2.49942068e+00
  -5.25384355e-01   7.65287458e-01  -1.72588998e+00  -4.88609623e-01
  -4.04176149e-01  -3.04089652e-01  -7.05037538e-01  -4.04483621e-01
   5.69319647e-01  -2.99881515e-01   6.90044370e-01  -3.33208457e-01
  -7.03320499e-01   1.96974534e+00   5.45017737e-01   1.23222031e+00
   2.14343544e+00   1.77131074e+00  -2.56718156e-01   3.41271722e-01
  -4.43131503e-01  -1.50996002e+00   3.48283861e-01   2.84963208e-02
  -9.37427163e-01  -4.69692363e-01   2.34845018e-01   6.03248631e-01
  -2.88591087e-01  -7.42145764e-02  -4.39222596e-02  -1.00734718e+00
   3.72760476e-01   7.36869165e-01   1.30847491e+00  -1.12894602e+00
   6.34138508e-01   1.57604303e+00   5.18162531e-01   1.70599835e-01
   5.87051764e-01   1.98552375e+00  -5.31479420e-01   9.33721186e-01
  -8.02279148e-02  -1.36733242e+00  -1.04406828e+00  -2.01909135e-02
   8.86684875e-01  -1.06544311e+00   5.86191331e-01   5.06466391e-01
   2.09162078e-01   1.55207055e+00   2.49134999e-01   9.30585288e-01
  -7.56130963e-01   2.53597025e-01   9.81472976e-01  -1.33696528e-02
  -5.99995225e-01   8.07451321e-01   9.89339388e-01  -2.46626286e-01
   1.59493917e-01  -4.31202256e-02  -1.05686534e-01  -5.69436049e-01
   2.20605177e+00   1.08207968e+00   5.92279215e-01  -4.52614295e-01
   3.99745771e-01   4.74875918e-01   2.81259080e-01  -4.74312343e-01
   5.32883919e-01   1.27166995e+00   3.42376869e-01   7.23353650e-01
  -5.62365348e-01  -9.62296979e-01  -3.37897382e-01   1.66610797e+00
  -1.46251113e+00   2.56790798e-01  -3.76214500e-01   1.17292863e+00
  -3.96214587e-01   1.05368764e+00  -3.89704739e-01   1.73742718e-01
  -1.64796333e-01  -5.24541063e-01   7.37977959e-01   7.48724627e-01
   8.50428747e-01   1.27427152e+00  -8.85413792e-01   1.64056773e+00
  -1.44150788e-01   4.74277125e-01  -1.54231895e+00  -5.79982444e-01
  -2.23516176e-01  -6.68617011e-01  -1.50192925e+00  -5.88475076e-01
  -1.48553922e+00  -1.23309248e+00   1.34284003e+00  -8.23125158e-01
   1.63670949e+00   6.98318118e-01   2.12003846e-01  -1.13263751e+00
  -2.27199035e-02  -3.63148268e-01  -9.76017636e-01   1.44841023e+00
  -1.13000592e+00  -1.70469130e+00   1.78769140e-01   7.10293960e-01
  -9.18259634e-01  -4.07154990e-03  -8.44792386e-01   1.02399164e+00
  -6.74094417e-01   2.13278177e-02  -1.32243065e-01   4.11889858e-01
   6.10416394e-01   1.01244908e+00  -5.99196290e-01   1.06799221e-01
  -2.28660033e-01  -1.17104786e-01  -2.28340728e-01  -1.70753785e+00
   8.53216449e-01  -5.53993748e-01   5.20789595e-01   1.62374733e+00
  -7.69094868e-01  -8.90597816e-01   1.96176335e-01  -1.11348911e+00
   6.93696455e-01   2.09969077e-02  -1.34449633e+00  -2.19756988e-01
   1.76049897e+00  -1.61728454e+00  -1.09684102e+00  -1.35924688e-02
   9.53596210e-01   5.07538252e-01   8.43021777e-01   3.31968225e-02
  -1.06686934e+00   8.39859071e-01  -3.92128903e-01   8.15068146e-01
  -1.27016978e-01  -2.08731854e-01  -1.55644746e+00  -1.88075199e+00
  -1.01913687e+00  -1.06393793e+00  -4.86424541e-01  -1.66843827e+00
  -1.91830027e+00   3.04198343e-02  -4.13974889e-01  -7.24131317e-01
   1.51311404e+00  -2.68100741e-01  -1.20386801e+00  -4.56152049e-01
  -8.35412631e-01   2.13894195e-01   2.71127759e-01  -5.88675316e-01
   5.52308426e-01  -3.39295838e-01  -1.14595933e+00   8.08334668e-01
  -6.48594420e-02  -3.77406252e-01  -7.45028773e-01   1.10445858e-01
  -4.82419806e-01  -2.10741572e+00   1.52606631e-01   6.46394452e-01
  -6.49583817e-01  -4.33223789e-03  -8.87474605e-01   1.34441173e-01
   1.09862616e+00   1.17612388e-01   5.21378769e-01  -4.14251321e-01
  -2.73086758e-01  -8.45157348e-01   4.19917349e-01   5.55924760e-01
   6.02621970e-01  -8.26810235e-01  -4.21613867e-01  -1.12332689e+00
   1.18401740e+00   1.16025759e-01   2.93014342e-01   1.16265048e+00
   1.08514234e+00  -2.03372131e-01   7.25592248e-01  -1.71561847e+00
   9.55916481e-01  -5.57081514e-01   3.49118864e-01   3.90253588e-01
   8.70604607e-01  -3.75988636e-01  -2.61096165e-01  -2.85943145e-01
  -8.10846141e-01  -2.25706512e-02  -2.36208865e-01   1.10571274e+00
   7.32739591e-01   3.73577958e-01   1.92531533e+00  -4.85663171e-01
   8.74309823e-01  -1.21886927e+00   3.37481160e-01   7.17931074e-02
  -3.54350003e-01  -1.81459743e+00   1.06126578e-04   1.76080867e-01
  -1.22418371e-01   6.92796351e-01  -4.09249136e-02   1.03306762e+00
   8.63073902e-01   1.05008730e+00  -4.88534109e-01   2.21639474e+00
  -8.58784415e-01  -3.27672560e-01   1.31020182e+00  -1.19045468e-01
  -1.14723284e+00  -1.13999421e+00  -3.19480561e-01   5.62109571e-02
   5.05955920e-01  -6.50967549e-01   6.95289131e-01   1.11601181e+00
  -2.29386260e-01  -1.00909260e+00  -5.24791049e-01  -7.99466808e-01
  -4.11310531e-01   6.42586943e-01   1.77672012e+00   5.90266210e-01
  -1.07037390e+00   8.78670501e-02   1.19224403e-01  -1.12616942e+00
   6.89443255e-01  -3.07551180e-01   6.34547258e-01  -4.69980463e-01
  -4.69524665e-01   4.56931545e-01   9.11115404e-01   6.24868922e-01
   1.88065959e-01   1.16816882e-01   2.60975075e-01   7.51133770e-01
  -5.50636911e-01   4.09765962e-02  -2.15982939e-01   2.85279266e-02
  -4.57849492e-01  -4.00006173e-01   1.55741271e+00   1.32142493e+00
   3.92065616e-01   8.79677055e-01  -4.27850589e-01   1.31814339e+00
   1.85539790e+00   1.38861444e+00   1.38442447e+00  -7.26036378e-01
  -4.52335495e-01   1.06760176e+00  -3.38768119e-01   2.79302825e+00
  -4.82287085e-01  -7.55918418e-01  -4.12681973e-01  -5.00453507e-01
   7.49950174e-01  -8.16812978e-02  -6.65592153e-01  -1.28320929e+00
   1.20117401e+00  -6.42945730e-01  -5.44923044e-01  -9.41821087e-01
  -9.51661920e-02  -3.10027026e-01  -1.83931683e-01  -4.08395880e-01
   1.03361813e+00  -7.54792318e-01   1.63701146e+00  -2.97050527e-02
  -9.13476555e-01   9.28159193e-01   2.79834972e-01  -7.60049920e-01
  -8.72453708e-01  -1.03019120e+00  -1.35804190e+00  -1.17015941e+00
   3.54858666e-01   8.97756273e-01   3.32942865e-01  -1.65705205e+00
   3.06244172e-01  -7.29809687e-01  -2.94899209e-01   1.36859623e+00
  -3.25937395e-01   6.01736249e-01   1.24378227e+00   3.50501869e-01
   5.82291239e-02  -5.52150273e-01   7.51670375e-01  -1.68817128e+00
  -7.08320193e-01   8.67305304e-01  -1.88946136e+00  -1.72704836e-01
  -5.59206610e-01  -1.61311441e-01   9.47983762e-01  -6.53522335e-02
  -3.78711550e-01  -2.10117250e-01   1.30203128e+00  -7.06479032e-01
   8.73608988e-01   3.70474792e-01  -8.79478079e-01   9.41142244e-02
   7.68001022e-02   5.47739918e-01  -1.15254883e-01  -1.62736304e+00
  -4.85714607e-02   1.10940831e+00   8.04551456e-01   1.70775736e-01
  -2.42162953e-01  -8.61504267e-01  -5.52286818e-02  -1.41137810e-01
   9.08625227e-01  -6.18191493e-01  -4.72127465e-01  -7.24539994e-01
   6.06926956e-01   7.25382082e-01  -1.91571759e-01  -7.37542476e-01
  -6.38223269e-03   6.83894099e-02   8.40753111e-01   2.33204944e-01
  -9.66628544e-01  -1.61090578e-01  -3.91370219e-01   1.87952168e+00
   1.94083296e-01  -4.81176547e-01  -4.46692470e-02   5.63298391e-01
  -7.21747181e-02  -1.38874580e+00  -5.01199974e-01  -2.37961571e-02
   5.58695599e-01   6.84843634e-01  -9.07992367e-01  -9.42046906e-01
   8.58458417e-03  -5.54569424e-01   2.73107503e-01  -4.80526040e-02
   1.10989042e-02  -6.50723572e-01  -4.51027368e-01   3.02471942e-01
   1.52345513e+00  -1.62103756e+00  -1.17086273e+00  -1.28488822e+00
   4.22880394e-01  -1.51873090e+00  -2.89032635e-01  -7.57536978e-01
   2.18360440e-01   4.58375100e-01   1.03026551e+00   2.36356406e-01
  -7.95305801e-02  -4.28568341e-01  -2.01338325e+00   2.55308291e+00
  -5.35418685e-01   1.66098970e+00   9.93130208e-01   3.49575542e-01
  -2.63901977e-01  -2.04123245e-01  -1.24303109e+00  -4.88494319e-01
  -3.83264847e-01  -1.43261048e-01  -1.58156023e+00  -1.41161673e+00
   1.31656659e-01   2.70873508e-01   5.45876049e-02  -1.50391956e+00
   1.57612848e+00   3.88569695e-01  -9.34428458e-01  -5.71002907e-02
   5.90824469e-01  -9.79283914e-01   2.10551772e+00  -2.66700295e-01
  -1.87257410e+00   4.85002438e-01   6.49144909e-01  -4.80936672e-01
   6.95176670e-01   5.18449378e-01   1.02781505e+00   2.58970918e-02
  -2.15038037e+00  -3.39364305e-01   6.49877039e-01  -1.45869308e+00
   7.88077659e-01  -4.06790929e-01   1.30073091e+00  -5.66975746e-01
   3.69019115e-01  -9.76814889e-01  -6.63882331e-01  -1.42947324e+00
  -7.20070043e-01   7.64449112e-01  -4.37923783e-01  -1.09484709e+00
   9.49175183e-01  -5.06451825e-01   1.72008743e+00  -3.72419015e-01
  -2.43957969e-01  -4.44355279e-01  -8.02541406e-01   1.03047076e+00
   2.52723097e-01   4.87811545e-01  -5.87873786e-01   9.14178680e-01
   1.67987396e-01   7.45014370e-01  -9.11255712e-01  -7.70197301e-01
   4.90279133e-02  -3.22149963e-01  -5.06813925e-01  -7.89991833e-01
  -7.71011916e-01  -5.17044616e-01   3.68961438e-01   1.32172215e+00
   8.39420482e-01   1.02166723e-01  -2.21187436e-01  -5.12072061e-02
   2.20389985e+00  -8.50207924e-01  -5.69356552e-01  -1.24713688e+00
   1.48446608e+00   6.87013540e-01  -6.49130976e-01   2.15637756e+00
   6.24473776e-01  -6.84700752e-01   1.87186802e+00  -1.39888980e+00
   2.35748328e-01  -9.59698600e-01   9.23446363e-01  -2.62574852e-01
  -5.89239086e-01  -1.09351957e+00  -1.23686505e+00  -1.15871888e+00
   1.87609031e+00  -1.60007274e+00   4.62995890e-01   1.28064624e+00
  -1.96175845e+00  -8.80198133e-01   3.03232119e-02   7.81834408e-02] [  6.46529238e-02  -2.98006709e-01  -1.53296108e+00   3.10941094e+00
   1.21826516e-01   3.04762248e-01   3.06099678e-01   2.35343306e-01
  -1.01352144e+00  -3.78914178e-02   6.73866790e-01  -7.31821311e-01
  -1.56881554e+00  -1.90666186e-01   2.61885958e-03   5.25708504e-01
   9.54159327e-02   5.21696528e-01   6.43017665e-02   5.71123871e-01
  -2.14080853e-01  -2.32845036e+00   6.09323290e-01  -9.23341817e-02
  -3.96476785e-01  -7.58490081e-02  -8.28770973e-01   1.44431144e-01
  -4.95831963e-01   2.30731687e-01  -3.23899191e-02   4.34494535e-01
   3.94472167e-01  -1.54356234e-01  -6.49179319e-02  -4.72402867e-01
  -6.33819352e-01   3.20253205e-01   2.69592239e-01  -8.87851503e-01
  -6.63672058e-01  -4.27931066e-02   9.14417898e-01   7.56544995e-01
  -1.74192252e-01   5.73143220e-01   3.16146925e-01   5.78046728e-01
   2.03597589e-01  -7.02981059e-01   9.15751843e-01   5.50209932e-01
   2.10407300e-01  -1.15125733e+00  -2.57923261e-01  -4.41915749e-01
   2.02924506e-01   1.09606614e+00  -4.39539902e-01   2.81080838e-01
  -6.50663505e-01   3.28744636e-01   6.38232932e-01   6.56543019e-01
   5.12276000e-01   3.23290398e-01   5.46483178e-01   5.54908675e-02
  -3.17426978e-02  -3.52968333e-01  -1.66418336e+00  -2.58392117e-01
  -9.22638538e-01  -1.81989080e+00  -3.21651966e-01  -1.69574914e+00
   1.67026710e-02  -8.48822230e-01  -2.29459877e-01  -1.60158629e+00
   2.98170208e-01  -9.94932868e-04  -1.15486691e+00   3.99036587e-01
   6.82738640e-01  -1.56843496e-01   2.50928526e-01   3.50767477e-01
  -6.05436759e-01  -3.95170997e-02   1.64900371e-01  -1.03383309e-01
  -4.32859933e-01  -8.64992238e-02  -4.66698979e-01   1.25996325e-01
   2.59898983e+00   7.72057288e-02  -1.17918894e+00   4.65976121e-01
   2.00456233e-01   4.24443952e-01  -5.39077668e-01  -1.22971485e+00
   6.26194062e-01   4.88980251e-01   3.12808785e-01  -1.08768789e-01
   4.11444812e-01   7.98940642e-01   1.26624326e+00  -6.72291000e-02
   2.58612629e-01   9.24730880e-01   7.43364055e-01  -9.57097165e-01
   1.04026861e+00   6.19998964e-01   1.27795442e+00   4.68340585e-01
   3.74443129e-01  -5.80541635e-01  -6.21560065e-01   3.17844467e-01
  -1.36733390e+00  -4.65436142e-01  -2.32929273e-01   4.47834253e-01
   1.83988594e-01  -5.12097709e-01  -1.03592855e+00   3.12987557e-01
   6.69416404e-01  -1.76604166e-01   4.47531335e-01  -1.00296944e+00
  -3.86537593e-02  -2.49047805e-01  -4.78187372e-01   3.54494375e-01
  -7.31679976e-02   2.56682443e+00  -2.15509016e-01   1.19182131e+00
  -1.69737551e-01  -2.99520312e-01  -4.90002661e-01  -6.65581883e-01
   2.42673312e-01  -1.92977116e+00   5.20470367e-01   4.30959631e-01
  -6.57858292e-01  -1.35008615e+00   6.49309123e-02  -6.02355476e-01
   5.00663959e-01   1.40094856e-01  -4.89724284e-01   6.93019843e-01
  -7.21206295e-01  -4.71241272e-01  -5.03387403e-01   3.62036461e-01
  -2.88724209e-02   5.06565252e-01  -1.32573163e+00   1.14039696e+00
  -1.11024752e+00  -4.72009228e-01   2.71381400e-02   2.44207098e-02
   4.29777047e-02   9.68969851e-01  -7.36803034e-01  -1.69243324e+00
   6.01584283e-01  -3.97930713e-01   6.56607488e-01  -1.91105918e-01
  -3.62744303e-01  -4.65988279e-01  -5.74195429e-01  -1.27995431e+00
   8.69556084e-02  -2.25771579e+00  -2.23608228e-01   2.89592224e-01
  -5.49187707e-01   9.41492848e-01   5.50894648e-01  -3.55373401e-02
  -6.47669385e-01   9.57592242e-02   7.64906685e-01  -3.03286178e-03
   2.51740793e+00   5.08747039e-01  -4.04752805e-01  -1.03707742e+00
   2.18775266e+00   1.21535616e+00   1.52003481e+00   1.20037770e-01
  -1.60039748e+00   6.41939278e-01   9.27107816e-01   2.60463144e-01
  -2.22600536e+00   5.83934341e-01  -1.74272756e-01  -9.21056140e-01
  -1.11066676e+00  -6.28537039e-01  -1.88972128e+00   1.36633079e+00
   2.95689524e-01   1.39644175e+00  -2.10033491e+00   1.27021615e+00
  -4.90662640e-01   6.19042268e-01   2.69234217e-01  -1.15602728e+00
  -7.75785955e-01  -1.55569608e+00   1.81592540e-01   1.83856281e-01
  -1.46155650e+00  -5.09607059e-01  -1.72032618e-01   9.05679034e-01
  -9.95301115e-03   1.14307907e+00   1.83310393e-01   5.99796447e-01
   7.95826945e-01  -5.94778717e-01  -1.08312414e+00   2.44284882e+00
   6.97127903e-01   7.54165793e-01  -5.68980510e-01   3.80745730e-01
   4.94392603e-01  -8.20773747e-01   5.29981714e-01   9.92661513e-02
  -1.07147484e-01  -8.46943659e-02   1.31634563e-01  -5.60508682e-01
  -1.01815619e-01  -5.45705912e-01  -1.73882298e+00   6.57251239e-01
  -1.63847351e-01  -7.01821059e-01  -1.46454062e+00  -1.59772385e-01
   1.97387008e-01   4.19679310e-02   6.62062165e-01   7.98407247e-01
   9.45833890e-01  -5.26037604e-02  -6.05898540e-01  -5.05742237e-01
   4.82180248e-01   1.30063362e-01   3.50515114e-01  -9.95867561e-01
   7.04411307e-02   2.16470925e-01  -6.48443691e-01   8.86292549e-01
  -1.03271094e+00  -1.23891274e+00   1.48910024e-01   1.34691165e+00
   2.83214812e-01  -1.59953218e+00  -1.28602427e+00   2.45307268e-01
   1.08009325e+00   8.55888856e-01   4.92204269e-01  -1.09621563e+00
  -1.13962191e+00   1.05625665e+00  -1.13657478e+00  -1.66464942e-01
   5.61446399e-01  -3.32157940e-01   5.19862301e-01  -4.04754932e-01
   1.10372077e-01   6.73101267e-01   9.97737536e-01   4.36662177e-02
  -1.00407063e+00  -1.75311511e-01   3.65528252e-01   7.07014937e-01
   2.98490677e-01   2.67815927e-01   4.44696548e-01   4.65422649e-02
  -2.41444521e-01  -3.86685387e-01   9.94070796e-02  -2.04787280e+00
   2.77264321e-01   1.52340674e+00   6.00244849e-01  -7.75037572e-01
  -7.92719222e-02   1.61589554e+00  -5.59722846e-01  -1.34928393e+00
  -8.62305803e-02   6.05610420e-01   1.40228688e-01   2.36144520e-01
  -1.23645734e+00  -1.27034184e+00   4.87900752e-02   1.23199647e+00
   3.05050907e-01  -5.60505868e-01   5.26709424e-01  -9.89218621e-02
  -6.98907825e-01   1.10056331e-01   3.99747813e-01  -1.52475606e+00
  -3.17169539e-01   5.98248477e-01  -3.46309947e-01  -2.46926084e-01
   8.36146560e-01  -1.10634051e-01   2.84785156e-01   1.78958257e-01
   6.00917458e-01   1.51178553e+00   9.75990032e-01   1.09517420e+00
   2.62341835e-01   3.33691047e+00  -1.33192465e-01   4.91008371e-01
  -1.73899540e+00  -1.74470594e+00  -2.07028887e-01  -6.08431497e-01
   8.58396137e-01   1.11500099e+00   4.94145407e-01  -5.74148251e-01
   5.53400541e-01  -7.80467564e-01   1.10242806e+00  -5.99243739e-01
   5.92616103e-01  -9.90673560e-01  -3.77035072e-01  -2.88529122e+00
  -1.68898966e-01   1.07867450e-01   9.05425410e-01  -1.03369473e+00
   9.54099430e-01  -9.93186728e-01   2.34011397e-01  -4.04527633e-02
   6.99718014e-02  -1.15118242e+00  -4.74419752e-01  -4.69970809e-01
   1.94142144e-01  -4.51937235e-02  -8.97156588e-01   4.83907224e-01
   6.56783851e-01   4.48325948e-01  -8.83712102e-01   2.10435794e+00
  -6.25455195e-01   7.06205160e-01  -4.44734501e-01   2.73044529e-01
  -5.12597863e-01   5.31449966e-01  -6.25417507e-02  -3.22423059e-01
   1.08366237e+00   2.99625090e-01   2.27530064e-02   6.94731660e-01
  -8.38981735e-02  -5.95629490e-01   1.47778553e+00   7.09743981e-01
  -9.11161124e-01  -1.54928688e-01   1.05606343e+00  -5.25416777e-01
   1.46166311e-01   6.71005044e-01   4.12478390e-01   5.93578909e-01
  -2.48658756e-01  -5.56518650e-01  -2.01239995e-01   3.84612429e-01
   6.93009092e-01  -3.19630435e-01   2.21803413e+00   6.26984276e-01
   3.89440886e-01   8.67530435e-01   1.30594629e-01   6.13892269e-01
   2.15380773e+00  -1.96568801e-01   7.54991953e-01  -7.06387027e-02
  -1.90957928e-01  -5.75037853e-01   3.95366700e-02  -6.83698267e-01
  -7.07806708e-01  -7.54031284e-02   2.16917289e+00   1.87398045e-02
  -6.65169529e-01  -2.78205621e-01  -7.13571595e-02   8.88231038e-01
  -1.24462239e-01   6.23323990e-01   6.43090088e-01  -2.72537116e-01
  -5.74423486e-01   3.84051942e-01  -7.36171189e-01   5.39884032e-01
   9.53387904e-01   3.09007695e-01  -1.40531241e+00  -1.47301280e+00
  -7.68337404e-01   1.17863434e+00  -1.03374669e-01  -4.52525924e-01
   1.56541994e-01  -1.79220505e-01   3.97123876e-01  -1.36090130e+00
  -4.02138390e-01  -9.63400675e-01   1.84421217e-01  -8.91313341e-02
   4.41523520e-02  -1.60085119e+00   5.72490667e-01  -7.93476274e-01
   2.23362179e-01   6.54851690e-01   3.85895161e-01   2.50897904e-02
   1.13109515e-01  -7.11634057e-02  -1.02219182e+00  -2.17639090e-01
  -2.86067728e-01   7.88511845e-01   5.25346367e-01  -5.50020785e-01
   1.21271915e-01  -9.04049527e-01   4.91414904e-02  -4.94619092e-01
   1.59445228e+00   3.91627074e-01  -4.26046094e-01   4.77685777e-01
   1.36261674e-02   1.07068358e-01   3.66650013e-01  -1.29390137e+00
   8.47069415e-01   9.36732652e-01  -1.91562866e-01   8.66511058e-01
  -2.52460391e+00   3.21820255e-01   6.18765133e-01   5.44645496e-01
   4.30818154e-01   9.17032182e-02  -2.59116499e+00  -5.01308757e-01
   1.50032880e-01  -1.91337248e+00   3.57351367e-02   1.58858391e-01
   4.11549727e-01   8.88278516e-01   3.85078487e-01  -1.69015184e-01
   3.32955090e-01  -6.91409643e-01   5.22272878e-02   6.84220141e-01
  -2.28520907e-01  -9.18834228e-01  -2.31149068e-01  -1.15986445e-01
  -1.43117726e+00  -1.01402525e+00  -2.33685125e+00  -3.98397269e-01
   3.24737770e-01  -2.56514682e-01   2.35647646e+00   6.39432620e-01
   6.90211024e-01   5.72854336e-01   9.22379809e-01   6.04582309e-01
  -2.19251695e-01  -1.08086620e-01   7.44222878e-01   2.15652621e-01
   2.21982343e-01  -3.30209404e-01  -8.19052702e-01   6.49241195e-02
  -2.33862712e-01   8.29823069e-02  -1.00433564e+00   8.09442395e-01
   1.27282635e-01   7.83835535e-01   6.08410056e-01   2.70924680e-02
  -3.02510122e-01  -2.22492921e-01  -9.58086733e-01   5.23054920e-01
   7.75094303e-01  -7.11683506e-01   6.56740036e-01   1.78030765e-01
   2.13904891e-01   1.76992898e+00  -9.67503680e-01  -4.84676945e-01
   9.32303363e-01  -4.60474355e-01   6.93343248e-01  -4.07168782e-01
   4.30822381e-01  -4.72522924e-01   1.56199345e-01  -4.83615351e-01
   2.45053404e-01  -2.95541961e-01   8.11388935e-01   1.10178541e+00
   3.93050152e-01   3.62803521e-01   8.14909849e-02  -8.54949390e-01
   6.70502006e-01   8.45522215e-01   1.81839596e-01  -6.99578125e-01]

*** Componentes principais [T] (somente originais):
[-1.19291671  2.66699063 -2.73258434  1.40959698 -1.08188379  4.17678753
  1.28951732] [ 0.82216081  1.71355673  0.23459786 -0.20304368 -0.19132887 -0.96638786
 -2.45994845] [ 0.88596998 -0.5514219  -0.19404096  1.1746671  -0.8020876  -0.36003121
  0.08513917] [ 0.06465292 -0.29800671 -1.53296108  3.10941094  0.12182652  0.30476225
  0.30609968]


*** Para cluster:
[[-1.19291671  0.82216081  0.88596998  0.06465292]
 [ 2.66699063  1.71355673 -0.5514219  -0.29800671]
 [-2.73258434  0.23459786 -0.19404096 -1.53296108]
 [ 1.40959698 -0.20304368  1.1746671   3.10941094]
 [-1.08188379 -0.19132887 -0.8020876   0.12182652]
 [ 4.17678753 -0.96638786 -0.36003121  0.30476225]
 [ 1.28951732 -2.45994845  0.08513917  0.30609968]]


ou...
[[-1.19291671  0.82216081  0.88596998  0.06465292]
 [ 2.66699063  1.71355673 -0.5514219  -0.29800671]
 [-2.73258434  0.23459786 -0.19404096 -1.53296108]
 ..., 
 [-1.07723977 -0.5325758  -0.88019813  0.84552221]
 [ 1.83879869  1.65087678  0.03032321  0.1818396 ]
 [ 1.24782664  2.50942543  0.07818344 -0.69957812]]

*** Contribuições (autovetores) [P] (idem para todos e originais)

C1 [13.78534144810838, 19.453977634082332, 13.149258988231981, 2.8643379796146706, 2.4525717993411242, 19.856161795173115, 10.899767587510494, 17.538582767937914]
C2 [1.3522619050599454, 4.9123949650287919, 21.781504934437951, 22.432871889423083, 21.918277264722235, 3.1184907886362598, 17.699745295119911, 6.7844529575718235]
C3 [26.260972150629346, 6.1600681197114087, 9.5114987334015169, 22.117067905640955, 13.792996834673751, 3.5381424598758349, 1.4773304791999176, 17.14192331686727]
C4 [17.832903824692689, 10.930468623833418, 1.9277292957971304, 7.6478084968136688, 26.578595737915574, 10.397438994057522, 23.487513802242137, 1.1975412246478447]

*** Oposição:
[1.0, 0.86882221140529903, 0.89124877820741033, 0.60048186983935958, 1.2182080958013577, 0.34445286223235988]

*** Inovação:
[0.0, 1.0051871461737159, 1.974269131148404, 1.267344911121306, 2.7434943884372136, 2.1131093044909735]

*** Dialéticas:
[0.0, 10.616554181377754, 0.0, 9.3752856176377222, 0.0]
dados [[ 1.64479509  0.8380939   2.07978096 ..., -0.96411443  0.19569051
  -0.05114511]
 [ 0.22005797  0.80660548 -0.41455853 ..., -0.98668819 -0.07005801
  -0.35196618]
 [-1.5147531  -0.40521707  0.56018515 ...,  0.1084418   0.13679968
   0.42527836]
 ..., 
 [-1.74465416  0.73794396 -1.51412951 ..., -0.52642508 -0.3332258
  -0.03345867]
 [-0.05287811  0.95429126  0.2658617  ..., -0.0551846   1.17061295
  -0.27938101]
 [-1.79850754 -1.1842308   0.33218787 ..., -0.72055061  0.00421579
   1.03164417]]
main_means [1.9533982824947582, 3.3513222930495816, 2.9443794758157043, 1.842891725541258, 1.6334757964492947, 4.430295771316243, 2.9836797228530805]
main_stds [0.87758982659925255, 1.0471024779799689, 1.0413343493805658, 0.87709395608545915, 0.80864323165051621, 1.0918793174480135, 0.9975865029677381]
eigenvalues means [-0.21736153 -0.09175583  0.01749543  0.01645392]
eigenvalues stds [ 0.00673608  0.00371943  0.00295999  0.00263199]
