
*** Dimensões da tabela de notas: (507, 8)

*** Tabela geral de notas:
[[ 3.          8.          5.         ...,  5.          3.          7.        ]
 [ 2.          6.          9.         ...,  2.          1.          5.        ]
 [ 6.          4.          1.         ...,  7.          2.          2.        ]
 ..., 
 [ 8.28447747  7.91539687  7.18650337 ...,  4.59968694  7.53755334
   4.23921007]
 [ 6.81590793  7.20760953  3.49956976 ...,  4.57940314  4.17528173
   3.81309562]
 [ 8.36630641  5.56709262  1.56152607 ...,  7.66922105  2.80507621
   1.5356451 ]]

*** Matriz de covariância:
[[ 1.   -0.08 -0.01  0.56 -0.14  0.04  0.42 -0.08]
 [-0.08  1.    0.04 -0.08  0.17 -0.34  0.    0.34]
 [-0.01  0.04  1.   -0.17  0.19 -0.03  0.4   0.13]
 [ 0.56 -0.08 -0.17  1.   -0.27  0.06  0.34  0.01]
 [-0.14  0.17  0.19 -0.27  1.   -0.11  0.01 -0.13]
 [ 0.04 -0.34 -0.03  0.06 -0.11  1.    0.09 -0.14]
 [ 0.42  0.    0.4   0.34  0.01  0.09  1.    0.13]
 [-0.08  0.34  0.13  0.01 -0.13 -0.14  0.13  1.  ]]

*** Pearson (igual matriz covar.):

['1.0', '-0.08', '-0.01', '0.56', '-0.14', '0.04', '0.42', '-0.08']
['-0.08', '1.0', '0.04', '-0.08', '0.17', '-0.34', '0.0', '0.34']
['-0.01', '0.04', '1.0', '-0.17', '0.19', '-0.03', '0.4', '0.13']
['0.56', '-0.08', '-0.17', '1.0', '-0.27', '0.06', '0.34', '0.01']
['-0.14', '0.17', '0.19', '-0.27', '1.0', '-0.11', '0.01', '-0.13']
['0.04', '-0.34', '-0.03', '0.06', '-0.11', '1.0', '0.09', '-0.14']
['0.42', '0.0', '0.4', '0.34', '0.01', '0.09', '1.0', '0.13']
['-0.08', '0.34', '0.13', '0.01', '-0.13', '-0.14', '0.13', '1.0']

*** Autovalores (var. %):
[25.0, 21.0, 17.0, 13.0, 9.0, 6.0, 5.0, 5.0]

*** Dados finais:
[[ 2.70098214  3.90410378  0.00470635 ..., -1.04636818 -0.82762268
  -1.28207485]
 [ 0.58795301  0.70329225 -3.25954402 ...,  1.90917935 -0.41298163
  -2.74118211]
 [-0.08967001 -1.55714506 -0.21134185 ..., -1.34615444  0.90156454
   0.09918411]
 ..., 
 [-0.14607175  0.16597464 -0.04928947 ..., -0.39326419 -0.75790609
  -1.1699771 ]
 [ 0.13270608  0.11596157  0.12617244 ..., -0.13494533 -0.49582961
   0.52228911]
 [ 0.09435072 -1.04410815  0.21752181 ..., -0.56363972 -0.45561043
  -0.08381365]]

*** Componentes principais [T] (todos):
[ 2.70098214  3.90410378  0.00470635 -0.40157798 -0.64641746 -0.99599305
 -2.1143553  -0.97512835 -1.37719273 -1.81159388 -1.18061422  2.62353944
  1.05632828 -0.02153647  1.80579664  3.49477629 -1.76714727 -0.26469941
 -1.17619365 -0.48895766  0.33879827 -0.8327309  -1.52937017 -1.36988753
 -0.02469616 -1.04303711 -1.81785957 -0.54953239 -1.34464065 -2.2352762
 -0.25262185  0.66750743 -1.61891948  2.27952356 -1.0569486  -0.40965579
 -0.52441435 -1.28996788  3.95353531  3.07515779  0.79354305  2.75702411
 -0.57120265 -1.13033367 -1.54932851 -0.36735514  2.98522322  2.67934291
 -2.02009705 -0.71717193  2.79834045 -1.064699    0.00671926 -0.69718388
 -0.58095172 -0.96570707 -1.07786931 -0.0735749   0.09397789  0.41347907
 -1.28921542  1.71563572 -0.41566673 -0.81333278  0.77528679  2.59924519
  2.66581659 -0.0877005  -0.29731191 -0.16399215  0.75886941 -0.67850114
 -0.15566874 -0.85333655 -0.07330585  1.15062865 -0.40272222 -0.80219621
  0.22238664  1.41441892 -0.9182221  -1.27558357 -1.08829695 -1.20889071
  2.66631535  1.96603176 -0.42888586 -0.54509211 -0.40686784 -2.62488263
 -0.14635591  0.22866494 -1.12856745 -0.87960217 -0.86407451  0.28130308
 -1.19442345 -0.67047318 -0.54774643  2.44531537 -0.13995437 -0.05900947
  2.80079324  0.16864052 -0.18429799  0.18214013 -1.51531086 -1.29363478
 -0.37481604 -0.31884327  2.15268172 -0.21743389  0.24644947 -0.47119765
 -0.7412107   0.33839191  1.55093176 -0.95751438 -0.61419357  2.02533025
  0.15948496  2.5921731   2.64360173  1.36239434 -2.0551816  -0.95715161
 -1.05535556 -0.3124322  -1.36230098 -1.65472746  0.45856137 -2.06092176
  0.15221905 -0.67154097 -0.10938399 -1.10546579 -0.17596938 -0.2420698
 -0.56694317  0.94617369 -1.28657258 -2.78627736 -2.17684368 -1.57329088
 -0.8200038  -0.86448371  1.89428469  0.15517368  2.7046285  -0.82147349
 -1.25610518  0.22705312 -0.18157759  0.36901361 -1.54066616 -0.58652079
  1.31621076 -0.2301291   3.45120178 -0.85099748 -0.15951747  2.53629297
 -1.07296991 -2.2036786  -0.47416989 -1.57127406 -2.00219409  0.92434847
 -1.15744634 -0.27066846  2.29584572 -0.65341791 -0.62915534 -1.1375889
  2.49705663 -0.35702156 -1.17142736 -0.35996396 -0.30869213  0.12156097
 -0.72292246  0.00653197 -1.03675934 -0.25970777 -0.46353305 -0.53002644
 -1.46296182  0.58949286 -1.32090753 -0.27340433  0.421447    1.26455456
  0.75152037  0.12584346 -1.33221864 -1.45127094  2.13377024  0.91019375
  1.74828013 -1.99545222  2.51713502 -1.81202028 -0.00852918  1.4404474
  0.13501752 -0.77053934 -0.55434719 -0.64815194  0.44011642  0.07279411
  3.63912652  3.56684931 -0.33098492  0.25157742 -0.27513146 -0.69146451
  2.41005571 -1.04121058  2.05243892 -1.95633057 -0.81255248  2.7587226
 -0.52992322 -2.72086718 -1.44896778  0.61290616 -0.05555965 -1.06524973
 -3.26035124 -1.02272243  0.01378351 -0.20749121 -0.99554629  1.20560275
 -1.77805212 -0.85079784 -0.66908043  0.08705864 -1.41753177  2.729842
 -0.98463483 -1.9039621   2.02485987  0.20250286 -0.69712023 -1.80073709
  0.24037639  0.20272444 -1.49679518 -1.61020218  0.61633189 -1.36190351
 -0.27291528 -0.63005414 -0.54399272 -0.05458237  0.03249488 -0.69946064
  1.7489497  -0.379277    3.32333574 -0.20205774 -2.50785787 -1.13587006
 -1.11291585 -0.55522108 -0.52784662  0.77257471 -0.32257409 -0.64683685
 -0.25783732  0.11942275 -1.05584285 -1.27985561  2.62980397 -0.54555188
 -0.67772444  2.4785006   2.83566483  0.03906792 -0.65129508 -1.37079555
  0.03515989 -0.55815081 -1.04129714  0.23014339 -0.6177447  -1.47974395
  0.42235146  0.14246023  3.05163017  0.09359273 -0.09379742 -0.13412685
 -1.39226474 -0.65076288 -0.16310947  3.04608422  0.33575571  1.87680384
  0.14481307  0.8976658  -0.18190667  3.20509157  0.2613531   2.2165904
  1.81677399 -0.59345835 -1.0057097  -0.2774212  -0.49288062 -0.4832134
 -1.52833737 -1.21886801  1.89687586 -1.25877862  2.32398494 -1.0892933
  3.37416767 -0.94979075  1.39716781 -0.76536033 -0.75217493  0.45177117
 -1.32819868  1.88177958 -0.87668866 -0.6401668   2.29379586 -0.64679908
  0.33479595 -0.86683068 -0.11694994  1.93942605 -0.86917226 -1.5580704
  0.9125185   1.84767708 -0.81530255  0.29750718 -1.0360974   0.04147488
 -1.10012417 -1.07297155  0.8404799  -0.97106085 -0.88782064  1.72135054
  0.1331534  -0.86940928 -0.89434634 -0.67768897  4.07837005 -0.8843649
 -0.24525233 -1.29601101 -0.23863519 -0.81987418  0.78660158 -1.17813443
 -0.17357777 -2.25394138 -1.29509252 -0.37406833 -0.28161383 -0.26452435
 -1.28695552  0.5126972  -0.41055767  2.89219341 -1.39060908 -0.85861965
 -0.64798488 -0.23856292  2.4689716   1.4099194  -0.44457879  0.05678412
  3.03419412  0.07572472 -0.60642552  0.50469794  1.87206965  0.42173247
 -1.92841492 -0.91151166  0.29645642 -2.02542121  1.40360367 -1.45122574
 -0.15130831 -0.55027384 -0.73962362  2.15472579 -2.82406796 -0.24532698
  0.92687221  2.09922361 -0.01635212 -1.87550486 -1.47136609 -0.38262961
 -0.888636    1.23326365  2.31492739  2.73555781 -1.48166764  2.92229195
  0.06606435 -0.22547626 -0.53209386  0.81622111 -1.29807387 -0.01725338
 -0.7663671   2.69757667 -1.56933049  2.44319522 -1.3072226   3.23702339
  1.02182827 -0.53750772 -0.253529    0.29291942 -1.36564766 -0.41025969
  3.3022586   0.27655678  0.36553182 -1.3941182  -1.47597777  0.19625178
 -0.11795804 -0.69091098 -0.26130022 -0.38294126  0.70671048 -0.10171679
  1.84313647 -0.22790256  0.25778852 -1.11451781 -0.70522232  2.37553772
 -1.57414793 -1.10164833  0.95062033  0.07895998 -0.26982274  0.43388474
  0.0114701   0.49722624  0.21766385 -0.66389477  2.0556015  -0.71449735
  2.38565947 -0.19659035  0.60784803 -1.02226858  2.02564073 -1.87216855
 -0.14334078  1.22348689 -1.41963769 -0.76332862  2.11920749  0.60251814
  2.89710816 -1.08852421  2.58031789 -0.20354245  2.55797801  2.26845359
 -0.37505885  3.72510095 -1.53276002  0.08485773  0.69360755 -1.51576549
 -0.58141135  0.42561519 -0.56620622 -0.63837816 -1.59950119  2.27610609
 -0.04293899  0.04299388  2.22484278  3.45829274  2.01091677 -2.41882836
 -1.87098135 -0.17900438  1.10891071 -0.78869731 -0.47025722 -0.11481406
 -0.60224555 -0.72331223 -0.48485989  2.52342415 -2.487607    0.30400095
 -1.04636818 -0.82762268 -1.28207485] [ 0.58795301  0.70329225 -3.25954402  0.50506579 -0.17260184  1.46793491
  0.51069984  0.60781032 -0.53649171 -0.10515539 -0.49917375 -0.5102638
  0.77369923 -1.39305285  0.7003962  -0.39379484  0.89091478  0.74411935
  1.33141891 -0.92171065  0.24407758  0.78557804 -0.58315665  1.08178969
 -3.29387576  1.15447256  0.57662127 -1.59755096 -0.41650587 -0.26691619
 -1.06611426 -1.82547187 -0.87227382 -0.10928474 -1.89226133 -0.47755625
 -3.18228025 -0.04244668  0.46117541  0.27353244 -0.07917893  1.3037114
  0.82883873  0.74702083  1.14297095  1.27923017 -0.15322235  0.08117277
  0.37511489  1.94060503 -0.20348993  0.92532531 -1.17475534  0.6067437
 -3.13618767  1.66202555  1.00388888 -1.49142778 -3.34927493  0.99383137
  1.32713513  0.97072601  0.80061729  0.24310721 -2.56705747 -0.02064309
 -0.41982413 -2.80257506 -0.07132938  0.36544932  0.888745   -0.34467543
 -0.3710712  -1.63419969 -0.13208652 -2.84022119 -1.21426155  1.87450526
 -2.54702644 -1.05772768 -1.44156374  1.05926558  1.74051517 -0.27882756
  0.12530166  0.32056717  1.00738457  1.65842178 -0.1781963   1.14298458
 -0.06244712  2.13999912  1.25535947  0.00977491 -0.35176766 -0.97548693
 -0.80251556  0.83669588 -1.6209323   0.17114912 -0.42835057  0.38825109
  1.2404209   2.86726561 -0.4133607  -0.94431139  0.80536652  0.38950361
  0.07980817 -0.52306221  0.19914443 -2.03603985  0.67070216 -2.43126626
 -0.76274338 -0.66866218 -0.07558168  0.71609921 -1.21889259 -0.24056193
  0.20876257  1.01960414  1.42928367 -0.14402598  0.23539421  0.77859083
 -0.20425482  1.36914454 -0.10242966  0.18572754  0.39782317 -0.48610358
  0.82863742  1.93589968 -0.40824792 -3.28750551  1.44526352 -3.07218629
 -0.82434818  0.00812645 -0.55528185  0.14900476  1.38454976 -0.35556844
 -0.50172922  0.28210354  0.59673963 -2.93052897 -0.1070055  -2.13814916
  0.98826766 -0.84566606  2.16835198 -0.38666245 -0.24355255  0.81035914
 -0.40829142 -0.86557013  0.32242018 -0.04922757  0.26909441 -0.3600765
  0.06696422 -0.02944913  0.28242379  1.51232072  0.06664793 -0.30593381
  0.46890439 -0.81613348  0.42855083  1.27406579  0.1791974   0.45319898
  0.44590797  0.09345231 -0.49963212  1.28061106 -0.01220263  0.91520908
 -0.70847516  0.85096528 -0.12358015 -1.58145418  0.65453415  0.47191803
 -0.3226771   0.69773554 -0.05482148  0.28531917 -3.20218942 -3.04112938
 -3.68965334 -0.7425524   1.32082023 -0.43414475  0.15559349 -1.68883481
 -0.24424104 -1.19569723  1.03555883  0.4444819  -3.31108602  0.38684811
 -3.61452973 -0.32676861 -1.12473001 -3.37396846  0.80707121  1.66071959
  1.52355343 -0.02113693 -3.28778813 -0.37019699 -0.33512072  1.61450674
  0.74949078 -1.08183189  0.97425113  0.32990783  0.0860028   0.80296181
 -0.12034163 -0.33656618 -0.66715766 -2.47596479 -0.46975765  2.41852167
 -0.51248809 -0.20152796  0.16909725 -0.01290311  0.58348153 -0.25526495
  0.33032419  1.59187704  0.87736428 -0.01860542 -0.22980863  0.55795879
  0.84162519 -0.53847453  0.33526259 -1.60315095  2.2503997   1.37835919
  0.70281295  0.60902549  1.31340761  0.05727017  1.14361797 -0.9458941
 -0.06972545  0.40921276  0.24268536  0.86747877  0.73238955 -0.84068377
  0.7440803  -0.68114682  1.37686065  1.44992156  0.06831377  1.58174245
  0.98108242  0.37710855  0.7680772  -0.60474319  0.29846967  0.06344723
 -0.89131463 -1.73225692  2.29298686 -1.11429816  0.66103577  0.90142703
 -0.81839641  0.43826734  0.48528738  0.39077954  0.42670667 -1.27837072
  0.76646241  0.13810054  2.08473274 -3.39730426 -0.55439641  0.586704
 -0.91664154 -0.13297533  0.31424379  1.64241918 -0.72686326 -1.82766303
  1.76139515 -0.8867459   0.84086349 -1.13846021  0.05912767 -0.32608299
  1.57477285 -2.00944021  0.40616021 -0.15389599 -0.93755009  1.10293616
 -0.89109721  0.2736529  -0.72293878  0.4098022  -1.93181841  0.28609516
 -0.52169969  0.16259613  0.42651762 -1.29639718  0.3624576  -2.29353965
  1.24599258 -4.16644785 -3.15103714 -0.19700556  2.22879646  1.90309131
  2.30435849  0.22613386 -4.22256864  0.69139751 -0.07664333  0.07322197
 -0.47845749  0.72893619  0.56852334  0.60434937  2.34862202  1.03101986
 -3.16416152  0.76974324  0.31402632 -1.24113618 -0.26320135 -3.15512632
  1.19835476  1.04433479 -2.51760512  0.10622746 -0.18362381  0.93725545
  1.63661313 -2.24782793  0.06305017  0.53507107  0.65338587 -0.42770423
  0.31558214  1.0308955   1.65805978  2.09742799 -3.69062385  0.14673816
  0.05323758  0.19584484  0.32810932 -0.34933505 -0.13608538  1.34368922
  0.14786994 -2.76142253  0.573877   -0.34196239  0.47653429 -0.89759346
 -0.74812533 -0.24642067  0.47533782  1.15125278  1.27771786 -0.63674535
  0.65769304 -0.44664408  0.85297725 -0.01613218  0.7443256   0.07975813
 -0.30956397  2.12588806  0.93618915  0.1178999   0.15077279  2.30623019
  0.50402275 -0.33953781  0.49253802  0.35298368  0.61807612  0.98987983
  0.19382166  0.19587911 -0.57372008  1.61521765  0.33959965  0.79913125
  0.96996463  0.74257428  0.75367743  1.49986592  0.04763316  0.47395419
  0.12677964  1.09963755  0.65617699  0.67167024  0.2429734   0.94470713
  1.92617215  0.78251508 -0.11434312 -0.72295477  0.56359441  1.07102958
  0.12844429 -0.26412588 -2.94737432 -3.08250352 -0.01180304  1.50199351
 -0.91732816 -0.16485514  0.16030414  0.03899891  1.25040771 -1.71577443
  2.15169469  0.84273479 -0.10528355 -0.87714979  1.65238255 -1.183425
  0.86784999  1.07286975 -2.16957963  1.27326061  0.84601873  0.20214489
 -1.51391042 -2.60455744 -0.98143328  0.35814127  0.99403652 -2.86653368
  0.60175915 -0.95873246 -0.73248346  2.21284652  0.86225909  1.30566887
  0.53632465  2.20559336 -2.66410809  0.53621875  1.79923443  0.54055199
  1.72794003  1.24976837 -0.57805524  0.91083397  0.05505681 -0.24172523
 -0.27088083  0.1459284  -0.06390673 -1.01119569  0.66841269  0.88313889
  0.83618839  0.32744125  2.25697555  0.58114565 -2.98319911  0.3486532
 -0.82079029  0.54399892 -3.8468283  -0.96380722  2.74415021  0.58635829
 -2.73683556  1.36027283  0.15023052  1.78998302  0.60697289  1.1744959
 -0.18445053  0.42349873 -1.92653301 -0.42920867  0.13280613 -1.56152518
  0.55236342  1.96699469 -0.38729585 -0.00616443  0.489603   -1.99527083
  1.90917935 -0.41298163 -2.74118211]

*** Componentes principais [T] (somente originais):
[ 2.70098214  3.90410378  0.00470635 -0.40157798 -0.64641746 -0.99599305
 -2.1143553 ] [ 0.58795301  0.70329225 -3.25954402  0.50506579 -0.17260184  1.46793491
  0.51069984]

*** Contribuições (autovetores) [P] (idem para todos e originais)

C1 [24.159515033260654, 9.7162995879585399, 0.22799892551397502, 24.157079221006995, 12.257206314024442, 8.7788410140133717, 18.444051767012006, 2.2590081372100168]
C2 [4.4891790703286913, 19.476375095869294, 17.846553447932944, 1.379893272968773, 7.8017364272441254, 13.89369085232032, 16.830086623402618, 18.282485209933235]

*** Oposição:
[1.0, 1.2676439194556093, 0.47664991247996163, 0.032383638086074355, -0.063631457337065281, -0.019245779061123621]

*** Inovação:
[1.7235296186091125e-15, 0.66105493218287847, 2.1334511578071309, 0.71180047282130421, 1.6676766987674871, 1.4701581295764321]

*** Dialéticas:
[3.0244406848322787, 0.068601123270153747, 0.32900054205201484, 1.4764805355800374, 0.080806689582661628]
