*** arquivo_notas: notas_filosofos.txt qtd_aleatorios: 8000000 std: 1.1

*** Dimensões da tabela de notas: (889, 8)

*** Tabela geral de notas:
[[ 3.          3.5         9.         ...,  3.5         5.          4.5       ]
 [ 8.          7.5         7.         ...,  8.          2.5         2.5       ]
 [ 1.5         2.5         9.         ...,  2.5         7.5         7.5       ]
 ..., 
 [ 6.86666832  1.20741244  1.95613319 ...,  4.47576468  2.05777948
   1.56644001]
 [ 3.59561447  4.18584014  6.38436499 ...,  2.84182298  5.1802243
   4.97379797]
 [ 7.43776751  5.93977593  8.81141893 ...,  5.00619782  6.67812369
   7.32566023]]

*** Matriz de covariância:
[[ 1.    0.4  -0.26  0.11  0.04  0.52 -0.35 -0.48]
 [ 0.4   1.   -0.5   0.16  0.11  0.74 -0.57 -0.28]
 [-0.26 -0.5   1.   -0.38  0.47 -0.28  0.34  0.02]
 [ 0.11  0.16 -0.38  1.   -0.24  0.03  0.22  0.33]
 [ 0.04  0.11  0.47 -0.24  1.    0.28 -0.11 -0.16]
 [ 0.52  0.74 -0.28  0.03  0.28  1.   -0.61 -0.45]
 [-0.35 -0.57  0.34  0.22 -0.11 -0.61  1.    0.59]
 [-0.48 -0.28  0.02  0.33 -0.16 -0.45  0.59  1.  ]]

*** Pearson (igual matriz covar.):
 ###TABLE III. Pearson correlation coefficients between the eight musical characteristics.
['1.0', '0.4', '-0.26', '0.11', '0.04', '0.52', '-0.35', '-0.48']
['0.4', '1.0', '-0.5', '0.16', '0.11', '0.74', '-0.57', '-0.28']
['-0.26', '-0.5', '1.0', '-0.38', '0.47', '-0.28', '0.34', '0.02']
['0.11', '0.16', '-0.38', '1.0', '-0.24', '0.03', '0.22', '0.33']
['0.04', '0.11', '0.47', '-0.24', '1.0', '0.28', '-0.11', '-0.16']
['0.52', '0.74', '-0.28', '0.03', '0.28', '1.0', '-0.61', '-0.45']
['-0.35', '-0.57', '0.34', '0.22', '-0.11', '-0.61', '1.0', '0.59']
['-0.48', '-0.28', '0.02', '0.33', '-0.16', '-0.45', '0.59', '1.0']

*** Autovetores (raw):
[[ 0.38  0.04 -0.02  0.75 -0.41 -0.28  0.16  0.14]
 [ 0.46  0.16 -0.26 -0.33 -0.2   0.3   0.63 -0.26]
 [-0.26 -0.55 -0.21  0.2   0.07  0.45  0.35  0.47]
 [-0.01  0.55 -0.46  0.27  0.62  0.04  0.05  0.15]
 [ 0.09 -0.5  -0.63 -0.07  0.12 -0.48 -0.08 -0.29]
 [ 0.48 -0.04 -0.28 -0.08 -0.16  0.42 -0.65  0.24]
 [-0.37  0.31 -0.37 -0.3  -0.53 -0.26  0.02  0.44]
 [-0.45  0.11 -0.26  0.33 -0.31  0.39 -0.16 -0.58]]

*** Autovalores (raw):
[ 3.21  1.88  1.01  0.78  0.38  0.3   0.24  0.19]

*** Autovalores prop (raw):
[ 0.4   0.23  0.13  0.1   0.05  0.04  0.03  0.02]

*** Autovalores (var. %) ###TABLE IV### New variances after PCA, in percentages for scores on III.:
[40.0, 23.0, 13.0, 10.0, 5.0, 4.0, 3.0, 2.0]

*** Dados finais:
[[-1.05382348  2.85941983 -2.80027235 ...,  1.21116017 -0.86533175
  -0.56284461]
 [-0.92886436 -1.2799287  -0.49454417 ...,  0.39536248 -0.1611527
   0.62622319]
 [ 0.6738552  -0.63231851 -1.21691861 ...,  3.15597209  0.88099843
  -0.03782356]
 ..., 
 [ 0.42451693  0.08492322  0.02299361 ..., -1.03515634 -0.00667639
   1.44304851]
 [ 0.18153348 -0.01260932 -0.16221224 ..., -1.13143496  0.22231482
   0.54427197]
 [ 0.29437861  0.00504633 -0.42113638 ...,  0.24583278 -0.37396156
   0.29840155]]

*** Componentes principais [T] (todos):
[-1.05382348  2.85941983 -2.80027235  1.62711147 -1.10890097  4.0728518
  0.96468818 -0.55028925 -2.28343791 -0.86485206 -0.66075655 -0.98544177
  0.09644474 -2.28989066  0.40766746 -0.60006492  1.38592963 -1.07912774
 -1.85173559  2.25449262 -0.61551351 -1.60313707 -1.64385282 -1.62931808
 -1.48149588 -1.40240712  0.53210092 -2.18332128  3.04373419 -1.57132588
  2.84675974 -0.44473152 -0.76679154  3.13271424 -1.75656427  3.07557416
  1.02052138 -0.71727495  3.10428049  1.92870002 -2.94131506  1.24194564
  1.37776516 -0.64032448  2.35531321 -0.86885008 -0.85617884 -0.52974336
 -2.42459718 -1.09484669 -2.24234382  2.46478628 -1.11774846 -0.58042038
  0.73518758  3.69499379 -0.53842723 -1.7068034  -2.50950679  3.5054458
 -0.34532943  0.1993788  -2.30962775  2.71823123 -2.97726135  3.03108291
 -1.63784494 -2.23146929 -1.80869848 -2.35530431  2.13909343  3.03976423
 -1.72355262  1.37905378  1.06997817 -2.98841275 -2.16782031 -0.8599283
 -1.06427601 -2.20503165  3.38604435 -1.62953466 -0.35510352  1.96361587
 -0.84309263  2.73639641  1.16401819 -2.336632    0.34585474  3.38209592
 -1.14042151 -1.33474049  1.59377406  3.1157939  -2.95137725 -3.22580663
  1.53958165  1.5219382  -2.30300321 -1.31378943 -2.77354389 -0.61059241
 -0.79310428 -1.00569383 -1.11659261 -0.46758264  2.43763081 -1.5453634
 -1.30344773 -1.18071196 -1.00277606  3.04451483 -2.67454345 -0.47484026
 -0.83206709 -0.81561399  0.99589832 -3.12855544 -0.40233108 -1.68003649
  2.33170207 -1.35721624 -0.8067367  -0.58194467  2.05182353  1.26689199
  2.29972809  2.97592693  3.14003332  3.21295885 -1.86100224 -0.57549126
  3.32575411  2.81081759  0.92069321  2.81630729 -1.56252946 -1.20310088
 -0.15544657  2.87771998  2.7294588   3.01011022 -1.20388234 -0.22430365
  1.01043161 -1.07321615  1.29751561  0.4691717  -0.82303065 -2.62872708
  1.56907429 -1.32094907  1.35377484 -1.693395   -2.26298714 -1.25040272
 -3.26236836 -0.39273996  1.08117617  2.53309071  1.12555392 -1.18396132
 -0.84945415 -1.2506941  -0.22536555  2.49227405 -0.7672397  -1.80891717
 -0.97856098  2.32272341 -0.75971248  0.68421566  1.87125633 -1.47679462
 -1.28220564 -2.37759616  2.63239234  1.37290396  0.67876143  2.16186942
 -1.20787003 -0.60002974  0.00544151 -1.39425981 -2.54187643  1.82703218
 -0.26790875 -1.8956857  -1.13982335 -1.06564566 -1.70373886  1.31797074
 -1.28239148  2.40573845 -1.63985245 -0.33820625  2.36458778  0.24395063
 -3.10195183 -2.69090992 -1.51736367  1.33254237  0.55583737 -0.97344074
 -2.94320953 -0.64371079  2.11015134 -2.44794439 -0.97232057 -1.03331655
 -1.46938334  2.86176694  1.11765956 -0.02853708  2.70549376  0.82654919
  0.87804173 -1.6563019   2.7691456   1.73783187 -2.84194513  2.70682549
 -0.26485073 -0.07628346 -2.5422633  -2.02320106  1.82586527 -0.51797011
 -0.41210071 -0.65917282  1.09541259  3.5285291  -0.3000089  -0.99856995
 -3.12641087  2.54068917 -1.31085643  0.70340441 -2.53384373 -0.79447602
 -1.35721553 -0.42399114  1.45418223 -1.46388492 -1.41833259  2.97787531
  2.21633803 -0.65080987 -0.431467   -2.22107253  0.70231954 -1.45952927
 -1.0164018  -0.83289452 -0.63808667  1.58071051  2.73261537 -1.23281748
 -0.58692675  2.93034163  1.59508214 -0.8746793   2.55253732 -1.68139299
  0.65601294  3.06898024  1.01210858 -2.19734092  2.79989111  1.18965792
  0.63138978  2.89317982 -0.63405209  2.91964382  0.68705055  1.49542576
 -1.39744722  2.88795153 -0.69364077 -0.00641612 -0.92910766  2.90598202
 -1.28944669 -0.57017705 -2.90379705 -0.92941721 -1.47250581 -1.38096164
 -0.83077831  2.47213202  1.57158246  2.56334783  1.17049077 -0.92415005
  2.60819441 -1.14346671 -1.94318995  2.46442312 -0.94007814  2.19073932
 -0.66144389 -0.37882483  1.16472747  2.44933494  2.51507543  2.91714163
 -2.12956888 -0.14629136 -0.38814655  2.9007939  -1.89092291  1.98127224
  2.51548482 -2.50339749 -0.8021884   2.14447604 -2.1975138   2.53480285
  2.82395551 -1.32532115  0.05635442  2.99861069 -1.15558672 -0.70861011
  3.14682064 -1.61560257 -0.98530545  1.99536399  1.55779727  1.17412711
  2.25878814 -0.23755331 -2.78615122 -0.21495097  1.95791801 -1.67137817
 -3.25793199 -1.58413525  2.184899   -1.73928442  2.75641257  0.45398874
  3.20678318 -0.45388615 -1.59044043  2.74762138 -0.51839128  1.03097925
  0.67499505 -0.60217305  1.40258794 -0.82462306 -2.78439125  0.85644176
 -2.01350052 -1.15703758  1.67476963 -0.0641935  -0.52001271  3.91166797
 -1.64628392  2.42985772 -2.17867948 -0.94833679 -1.42171966 -0.67086745
 -2.16552968 -1.00478441 -0.4793796  -0.74323843  3.49617853  1.28405664
 -1.47943967  3.11069098  2.70545238  0.81055384 -1.24924104 -0.77341349
 -0.62710148 -1.05425276 -2.76108546  1.13683811  0.22055957  0.72914837
 -0.83865048  2.38714783 -0.33453203  2.46948721 -0.51026345  1.60842207
  3.00011076 -1.90701847  0.41636036 -0.80185229 -2.10557813 -1.21871131
  2.50708681 -1.05886109  2.54526827 -0.63184914 -1.19521725  3.0950916
 -1.13538029 -1.30771757 -2.03587475  2.21728057  2.93125849  2.2853651
  0.16851784  2.11439448 -0.65209036  2.34794949 -1.02826202  1.3081713
  2.49111138 -2.71013806  0.58231627  0.14083997  0.72573523 -1.32246588
  0.75426883  1.02961128  1.42305684  0.00444443  2.82931089 -1.28964923
  1.02424372 -0.48363774 -1.07684933 -0.39652727 -1.35153319 -2.92067701
 -1.27244741  0.11323074  1.46375624 -1.47855243  2.53450963 -0.4478596
  1.67212114 -2.23059291  3.41479368 -1.03577241 -1.28765732  2.52106168
 -0.74548624 -2.47708828  0.97494874 -2.56157543  0.98087695 -0.94746986
 -2.63774391 -0.73191288 -0.04776448 -2.86114569 -1.41297618  2.69596352
 -1.03462365  0.43896178 -0.72769147 -2.62742633 -2.93432832  1.23432895
 -1.57691551 -0.48195401 -1.10152644 -3.03758028  1.02781886  2.12278501
 -2.38743294  0.15189927  1.36193771 -0.13120826 -1.3668061   0.46022023
 -0.62070555 -1.77617046 -1.54823725  2.6953054  -1.05277498 -1.93369286
 -1.26964553 -1.00122688  1.77358987 -1.09120183 -1.23619109 -0.92232743
  2.62136815 -0.80405688  2.61532228 -1.00545375  0.86330501 -1.80359657
  0.71028486  2.15966094  2.46130792 -0.8238396   0.58876579  0.22041729
 -1.04261487 -1.44974162 -1.2492226  -0.65899909  2.18743637  3.08934974
 -1.82869211  2.20497252 -0.6497013   2.5770849   2.60441625 -2.55437694
  3.1463189   0.3564211   1.61659726  1.00192359 -1.071951    2.69369821
  2.28821637 -2.05259246 -0.57563937  3.00986477  0.25139392 -0.24366403
 -0.90927297 -1.86774875 -1.8012371  -1.4512357  -1.13843773  3.05418849
 -1.01435512 -1.61323966 -0.93403051 -1.23663862 -2.33243341 -1.01231328
  1.31016613 -2.55252019 -0.95880773 -2.39337796 -1.90297901 -0.56061777
 -0.61398932  0.59045498 -1.0267941  -0.62270087 -2.89201406 -0.87736969
 -1.29446667  3.14779486 -1.55829334 -2.03257799  1.95861756 -0.25459491
  2.37182792 -2.0932048  -1.72762107 -1.55553077  2.34044292 -0.17703449
  1.15721321 -2.75367558 -0.90389515  3.28164858 -1.0624987   0.72829328
 -0.82562895  2.99051397 -0.60584596 -1.33603997  3.19912615 -0.63474527
  4.05152675 -0.40704795  1.45562683 -1.43854084  0.97215883  1.06514948
 -0.7752513  -0.64874588 -0.59073058  0.25002202  2.60756429 -0.9117108
  0.18670284 -2.1615335   2.20935698 -2.21392011  3.2599518   0.40693366
 -1.12261961 -0.8549584  -0.77221204  0.20013598  2.13032422 -0.79430985
  1.0647774  -1.00380611 -0.82297321 -1.92102995 -1.07960451  0.41993375
 -2.76914813  0.84987418  1.49873348  0.62472474  2.89639354  1.10640617
  1.12038308  1.33256517  2.68466149 -1.0183277  -0.82758876  0.54560532
 -0.62130496 -0.743367   -1.13225057  2.43519529 -2.84057684 -0.70710287
 -1.02838784 -1.36145509 -3.29229665 -1.43131493 -0.76306888 -3.25552961
 -1.06085172  0.08811738 -0.36580036 -2.14170072  0.60806122 -0.56204323
 -1.26223494 -1.65551805 -2.47410485 -0.4845599   2.58836066  0.87805135
 -0.70738796 -1.13197307 -1.38158111 -0.17091856  1.95715352 -1.65144557
 -0.79469414  2.853238   -1.50226331 -1.10381895  2.78634411 -1.15985414
  1.01789829  0.00509758 -0.59009244 -2.65288069 -2.76163154 -0.99267205
  3.0223287   0.57365566  1.17587867  1.50306042  3.10703977 -1.91158547
  0.71396894 -1.45179146 -0.41617103 -1.06319409 -2.24476553  2.05300759
 -1.78564906  3.19023244  0.65201098 -2.7275266  -2.37307644  2.31133702
 -0.75396556 -1.21415665  2.31206603 -0.85502341  2.77072348  1.99146762
  2.44382572 -2.51595272 -2.3458638  -2.65335375  3.90344905  1.23881694
  0.47571894  3.41817594 -2.44525605 -2.49842301 -0.78828936  0.96016649
  2.66586441 -2.59988237 -1.24067159 -0.95217631  2.37417419  1.16459313
 -1.34966768 -1.1793219  -0.77157834  0.10056567  3.52632889  1.08649499
  2.94806387 -1.36447991  0.88790512  2.3987714   2.00599146 -1.43432993
  2.80230304 -1.06883081 -0.6397848   2.50993277 -1.12442549 -0.35821254
  2.31585259 -1.41502515  0.52201505 -2.4630467  -0.70826877 -0.34738816
 -1.68205613 -1.1849328  -0.98808598 -1.13595037 -0.6046044   2.37631435
  2.78268831  0.86784789  2.3618355   3.01054964 -0.39195     2.17499442
 -2.35048115 -0.21800336  0.11348367  3.09849377  3.04393084  2.70969358
 -0.69462908  2.33140871 -0.62420829  0.29195139  0.11303684 -1.11981662
 -0.81861262 -2.78150591  1.14980273 -1.65562499  2.82808037 -0.92573778
 -0.8391755   2.33241889  0.86008649 -0.77773668  0.94654901  3.33170509
 -0.220915   -0.21840655  1.01238585 -1.33133302 -0.54722474 -1.26244127
  2.70566989 -0.08325761 -0.85074387 -0.91172046 -2.52646218 -1.317903
 -2.1229396  -0.29738388  1.60769503 -1.28093847 -2.35739218 -0.61603744
 -1.41001868 -1.1508616   2.02295743  1.17702155  2.66108545  2.42580903
 -0.70791767 -2.67836716  2.14511073  1.73711312 -1.33369279  0.47926171
 -2.32964997 -1.29565388  0.4492497   1.5353632  -0.75432812 -1.57021484
  2.89803759 -1.2288452  -1.39119007 -1.42130633  2.8981281   1.46656433
 -0.763483   -0.7203011   2.35343939 -0.89601983 -1.62737482  2.64445155
 -1.60729801 -0.79540023 -0.87633357  2.57231772 -0.12066969 -1.17710877
  1.11166046 -1.08485625 -1.33277918 -1.13180001 -1.27368659 -0.45680767
  1.13901243  1.52445332 -2.71601179 -1.47993034  2.54262264 -0.14658461
 -1.00681148 -1.11025999 -0.55376458  3.11766333 -1.62563619 -3.26992703
 -1.30920897  2.73257528  1.18605453 -1.18694616  0.67743385 -2.13979169
 -1.86468226 -0.66526168 -1.98407671 -1.13989777  0.40442754 -0.76129821
  0.57294183 -1.52382573  1.04118096  2.15351917 -2.32355509 -1.31716001
  0.88978415 -1.20745084  2.11035653 -1.25145016 -1.11361705 -0.81919051
  0.54903314 -0.85119647  1.22475794 -0.4350423  -0.70900912  1.02264288
 -0.20082182 -1.834369   -0.61700702  0.63120946  2.29690847 -2.49062694
 -1.03575835  0.6841701  -2.15493889 -1.23442155 -0.71056617 -1.11520437
 -2.0763993  -0.54792227 -0.96975362 -0.83370237 -1.28521039  1.48422827
 -0.91099451  0.75094383 -1.43485901  1.93377907 -0.45863139  2.55328545
  2.78567531  3.47625214  2.73072388 -1.99540017  1.21116017 -0.86533175
 -0.56284461] [ -9.28864363e-01  -1.27992870e+00  -4.94544171e-01   6.24762475e-01
   1.72677676e-01   1.84151935e+00   2.85973878e+00  -4.84833222e-01
  -5.13188437e-01  -6.03306367e-01   1.82484529e-01  -6.79561986e-01
   3.21243771e+00  -8.65624569e-02   2.46498299e+00   1.78705618e-01
   4.60065053e-01  -8.72385440e-01  -2.86641485e-01  -2.02466237e+00
   8.03564965e-01  -3.80535705e-01  -8.08483499e-01  -4.89278773e-01
   1.08091591e+00  -7.33413761e-01   3.05012594e+00  -9.02419696e-02
  -1.57056357e+00  -3.60285282e-01  -1.25575790e+00  -6.37727511e-01
  -2.95079455e-01  -2.04849094e-01  -3.58460454e-01  -1.36944022e+00
   2.70796192e+00   1.23454231e-01  -1.20970770e+00  -9.27571081e-01
   3.98460375e-01   1.50992902e+00   2.67961903e+00  -1.02160036e+00
  -1.08485100e+00  -6.86366081e-01  -1.19738441e+00  -5.71485432e-01
  -8.03908345e-01  -7.74059653e-01  -5.89951332e-01  -1.35953674e+00
  -3.91538486e-01   4.98646471e-01   1.83063948e+00   1.65766722e+00
   9.34320181e-01  -1.07329723e+00   3.79569058e-01   1.13936109e+00
   7.74646396e-01  -6.26347290e-01  -6.41775035e-01  -1.73838610e+00
  -1.67884872e-01  -4.80517185e-01   3.96029488e-01   8.13189098e-01
   9.37837069e-01  -2.53832690e-01  -1.01571534e+00  -7.37022856e-01
  -1.08655415e+00   1.85530811e+00   2.62010483e+00  -3.98712311e-01
  -3.44314586e-02  -1.17505945e+00  -1.21469931e+00  -1.05816097e+00
  -1.09633664e+00  -2.32551155e-01   2.63655893e-01  -1.46504714e+00
   4.80448924e-01  -1.25246116e+00  -2.21450555e-01  -1.30249649e+00
   2.73773012e+00  -3.35382173e-01   6.85384308e-01  -4.88772471e-01
   2.02947039e+00  -6.38357960e-01   4.75114133e-01  -4.20561752e-01
   2.91059342e-01   2.23596812e+00   1.22319450e+00   2.98774657e-01
  -1.26338583e+00  -8.28073837e-02  -7.75343065e-01   1.18840828e-01
   9.97760055e-01  -4.34988753e-01  -1.09521794e+00  -1.34763723e+00
   6.02885604e-01   1.92435738e-01   8.36447503e-01  -1.58507515e+00
  -5.33636797e-01  -4.19139742e-01  -4.19862342e-01  -6.53193146e-01
   2.23721894e+00   6.31168440e-01   1.58426537e-01   8.65847780e-01
  -1.94771042e+00  -1.38147689e+00  -1.01958654e+00  -4.56810405e-01
   2.38003463e+00   2.91620920e+00  -7.77382961e-01   1.30926144e+00
  -9.66626389e-01  -1.73765418e+00   5.31319422e-01  -4.50240029e-01
  -1.75750701e+00  -1.36428629e+00   2.99185387e+00  -9.72984914e-01
  -8.81506720e-01   2.79952491e-01   8.95442688e-01  -1.46643321e+00
  -2.19009191e+00  -4.39532733e-01  -1.94595381e-01  -1.06350698e-01
   2.28733694e-01   7.96592281e-01   2.63053940e+00   1.63892050e+00
  -2.30710459e-01  -7.90375278e-01  -1.20392417e+00   1.12683536e+00
   2.25282492e+00  -9.03411276e-01  -7.06383901e-02  -1.60579029e-01
   4.38973034e-01  -1.20709191e+00   2.82570285e+00  -1.68227525e+00
   4.10621176e-01   4.79279454e-01   7.93726041e-01   5.61143026e-01
   3.32223267e+00  -7.14826844e-01   9.26635002e-01   5.80740360e-01
   4.71546343e-01  -1.52054211e+00   2.67115821e-01   1.90901270e+00
  -1.79412422e+00   7.91569785e-01  -7.66256440e-01  -1.83929002e-01
  -1.13223488e+00  -1.49505182e+00   2.23574959e+00  -1.17168293e+00
  -1.90819399e-01   2.51187214e+00   3.22546651e+00  -8.15671730e-01
   9.62472864e-02   5.32440376e-01   3.05789622e+00  -3.22901471e-01
  -6.73749954e-01   4.43914304e-01  -3.46376621e-01   4.56396033e-01
   1.15096752e-01  -6.37141791e-01  -1.14004882e+00  -6.57658432e-01
  -1.62105480e+00   3.51240482e+00  -6.54724373e-01   1.81666189e-01
  -7.93690321e-01   7.83877469e-01   2.37239453e+00   5.21220288e-01
  -1.82547551e-01  -2.94586308e-02  -9.84359536e-01   8.64127153e-02
   3.03991598e-02  -4.36645662e-01  -4.10301033e-01  -1.51416616e+00
   2.50448955e+00   2.64837000e+00  -1.40028242e+00   2.39365692e+00
   2.02231425e+00  -7.64778204e-01  -1.80219762e+00   2.74903257e+00
  -9.13640529e-01  -7.20175050e-01  -6.68467822e-01  -3.51558837e-01
  -6.30190439e-01  -7.53399820e-02   1.68191380e+00  -2.27751184e+00
  -7.83624479e-01  -6.42610361e-01   3.09692156e+00  -1.45802757e+00
  -1.14468790e+00   2.26880340e-01  -4.97207782e-01  -8.85350490e-01
  -4.60049173e-01   1.74359855e+00  -8.20705263e-01  -1.47960712e+00
  -1.06508801e+00  -8.57667090e-01   2.76391246e+00  -9.74766517e-02
  -6.98648180e-01  -2.00854706e+00  -1.80893633e+00  -1.26921927e+00
  -1.08403029e+00  -1.48118193e+00   1.22055360e+00   6.56181039e-03
  -1.08440347e+00   8.11952388e-01   1.82285460e-01   3.76316550e-01
  -1.43261054e+00   3.65968680e-01   1.26729527e+00  -1.17643266e+00
  -1.49358677e+00  -1.38876618e+00  -1.14019818e+00  -2.27867567e-01
   2.00201136e+00  -8.07279814e-01   1.68626799e+00  -1.29975080e+00
  -8.31072895e-01   1.98839362e+00   3.15636104e+00  -8.96106827e-01
   4.58277991e-01  -5.94614786e-01   2.90323658e+00   2.27780898e+00
  -6.37359447e-01  -9.42475400e-01  -7.21672161e-01   2.31150007e+00
   9.83565677e-01  -9.11282671e-01   1.09263884e-01  -8.34993335e-01
   5.66314907e-01  -3.35224531e-01   1.33528518e+00  -1.06066436e+00
   2.58475135e-01  -6.94417263e-01   2.24392855e-01  -1.51886892e+00
   1.94144195e+00   1.29618472e-01  -1.78223174e+00  -9.31687714e-01
  -1.63762664e-01  -1.05207596e+00   1.25051575e+00  -1.47813656e+00
  -5.91856145e-01  -1.72642615e+00   2.92584811e+00  -2.14265250e+00
   2.53565330e+00  -7.29917964e-01  -4.81073737e-01   4.77903132e-01
  -1.04647829e+00  -1.04788623e+00   3.54870678e-01  -1.63607047e+00
  -2.41284156e+00   1.49404632e-02  -1.15081227e+00  -1.75578096e+00
  -1.76591424e+00  -1.62648543e-01  -1.71744445e+00   1.73394183e-01
   3.10939008e+00  -7.33077932e-01  -8.03455983e-01  -3.48385090e-01
  -9.45577814e-01  -8.86778582e-02   9.47101248e-01  -1.30517385e+00
   4.03376117e-01   3.21469820e+00  -4.70380493e-01  -6.07239905e-01
  -7.83097805e-01  -1.01275058e+00  -1.65245870e+00   2.51872476e-01
  -3.10326257e-01  -6.84385304e-01  -8.22691732e-01  -4.74486106e-01
  -1.66722665e+00   2.84613916e+00  -1.42994670e+00  -1.28570575e+00
   7.82680760e-01  -2.38306051e+00  -1.06973943e+00   6.68958457e-01
   2.05144026e+00   1.18015502e+00   1.81007917e+00   3.77792443e-01
  -1.44262119e+00   2.44691811e+00  -1.09799233e+00  -1.65045156e+00
  -1.06418432e+00   2.90972891e+00   2.46731494e-01   1.53776849e+00
   1.01044531e+00  -8.23200101e-01  -8.13103161e-01  -1.33652404e+00
   6.09777072e-01  -1.07855020e+00  -8.03789468e-02   4.65399411e-01
   9.94530971e-02   7.09837451e-01  -5.30465602e-01   5.19196763e-01
   4.59904306e-01  -9.99665385e-01  -1.24739836e+00   2.34618969e+00
  -8.32260402e-01  -7.64316259e-01  -9.96573610e-01  -1.27103217e+00
  -1.05813334e+00   2.74435897e+00   2.86099726e+00   2.91837681e+00
  -1.38514867e+00  -2.13368658e+00  -1.41610771e+00  -1.24045334e+00
   5.00576886e-01   2.67938964e+00  -1.45649215e+00  -7.17416024e-01
   3.39841760e+00  -1.13192859e+00  -1.59786622e-01   1.49386146e-02
  -1.31213491e+00  -1.18021848e-01  -1.27002036e+00  -9.60132292e-01
  -1.25383125e+00  -1.03088818e+00   2.09385886e+00  -6.63586064e-01
  -9.05763705e-01  -9.65226463e-01  -9.43053547e-01  -1.29252755e+00
  -1.01285255e+00  -1.00703310e+00   2.48906905e-01  -2.21651562e+00
  -6.24176170e-01   6.02125575e-01  -8.76653485e-01   2.36493915e-01
   1.60005872e+00   2.71237611e+00   1.87351385e+00  -1.19410287e-01
   3.10064748e+00   1.40204690e+00  -1.63982900e-02  -1.12306690e-01
  -1.71288868e+00  -6.63602795e-01   2.88058796e+00  -1.10299973e+00
  -2.35987791e-01  -7.41669065e-01   2.00001495e-03  -4.10423717e-01
   8.07863395e-02   2.84031388e+00   2.59687044e+00  -8.43995918e-01
  -1.74466558e+00  -1.18329653e+00  -4.10479873e-01   3.22307903e-01
  -1.44360256e+00  -9.59563499e-01  -1.09346204e+00  -1.38205458e+00
  -5.59788025e-01  -5.87145498e-01   2.35916410e+00   2.91795011e-01
   2.82746198e+00  -1.21089167e+00  -3.81139697e-01  -5.75369006e-01
   2.13320441e+00  -6.10801963e-01  -9.61991498e-01  -1.90785717e+00
  -4.25078778e-01   1.76034460e+00   6.09782586e-01  -3.79952496e-01
  -8.30381666e-01   1.98900133e+00   4.73932570e-01  -4.35361033e-01
  -6.85527726e-01   1.21391336e-01   9.66306245e-01  -1.67844371e+00
   2.89621878e-01   7.86854156e-01   2.55652418e+00  -4.28890925e-01
   8.60180501e-01   2.74356951e+00   1.26206972e+00  -3.25015526e-01
   8.98732864e-01  -1.29413982e+00  -7.28747162e-01  -4.67608781e-01
  -7.84415406e-01  -9.28694613e-01  -1.68747285e+00   1.25873825e+00
   3.17853699e-01   3.23893106e-01  -5.73010724e-01  -1.32180676e-01
  -1.59295705e+00  -5.57070093e-01   2.70191003e+00  -1.07447086e+00
   1.64376651e+00  -1.05923541e+00  -1.83175928e+00  -2.93979442e-01
   2.53134081e+00   2.61578545e+00   4.29239629e-01   9.95097680e-01
  -1.57399689e+00   6.10732079e-01  -1.21491286e+00  -3.61024091e-01
   1.84903873e-01  -3.60498083e-01  -7.51192825e-01  -1.69314688e+00
  -8.26139988e-01  -5.72556732e-01  -1.26367860e+00  -2.43107118e+00
   2.01963293e+00   2.58437842e+00   1.87598821e-01  -1.62377665e+00
  -1.44815678e+00   1.91177361e-01  -1.12610281e-01  -5.30362976e-01
   5.70381763e-01   2.80765926e+00   5.49926967e-01  -1.43062696e+00
   8.52855497e-01   9.24166216e-01  -3.83284933e-01  -1.01077986e+00
  -4.35522635e-01   3.33084957e-01   4.34201108e-01   1.70691817e-01
  -6.76237236e-01   5.58748139e-01   2.31640075e+00   9.62961224e-02
  -1.33851389e+00  -4.54236329e-01   1.54558548e+00   6.55935033e-01
  -1.35386048e+00   2.98493057e+00   4.23053143e-01  -5.25992520e-01
  -2.32619573e-01  -4.18538095e-02  -4.87883571e-01  -7.68709700e-01
  -5.92191884e-01  -1.31284178e-01  -2.91497061e-01  -7.76906862e-01
  -4.74124949e-01   8.07436147e-01  -3.50053522e-01   8.31684609e-01
  -1.15128089e+00  -4.17181041e-01   2.52812901e+00  -4.79924141e-01
  -1.26097803e+00  -8.84166439e-01   6.63637827e-01   2.96937796e+00
   3.78084665e-02  -1.67564339e+00  -1.54214924e+00  -3.95831559e-01
  -6.17043581e-01   9.30213198e-01   1.19529944e+00   9.81799181e-01
   2.89466273e+00  -5.83605225e-02   2.68270808e+00   2.62311527e-01
  -5.04089205e-01  -2.00153291e+00   7.63760429e-01  -2.52834728e-01
   7.57425415e-02  -8.59313116e-01  -1.04932564e+00  -8.20799280e-01
   5.08811654e-01  -6.25906052e-01  -7.99990216e-01   2.85395315e+00
  -1.29284597e+00   5.58195476e-01  -1.26610603e+00   3.30280010e+00
  -1.67438225e+00  -6.57184218e-01   1.91729852e+00  -1.03748700e+00
   1.29557164e+00   1.02919834e-01   1.59322009e-01   2.63139010e+00
  -9.90268422e-01   2.76836491e+00   2.04534745e+00   2.50747117e+00
  -6.44633026e-01   2.55354265e+00   2.74060081e+00   7.79242948e-02
  -1.27098394e+00  -6.68307337e-01  -1.22791849e+00   2.88241734e+00
   8.85298718e-02  -5.15327961e-01   8.73509170e-01  -9.46537815e-01
  -9.77049404e-02  -5.69677464e-01  -3.40246873e-01  -5.92785649e-01
   5.55466112e-01   8.56651901e-01  -5.69908679e-01  -1.51649107e+00
  -1.59006946e+00  -6.53105024e-02  -1.22955540e-01  -5.14569529e-01
  -1.61963331e-02  -3.44010720e-01   5.60424012e-01   3.16281576e-01
  -1.42197217e+00  -5.93575996e-01  -1.06024942e+00   2.93872826e+00
  -1.16041716e+00  -7.67630396e-01  -7.11685335e-02   1.88138558e-01
   2.71302048e+00   4.13641665e-01  -1.34378082e+00  -1.94803342e+00
  -5.91879645e-01  -3.59155000e-02  -7.34685161e-01  -1.15323770e+00
   2.41183827e+00  -1.50299177e-01   4.24783673e-01  -8.63953486e-01
   9.42210354e-02  -1.15865893e+00  -8.18683793e-01   2.07898836e+00
   1.87599140e+00   2.66220368e+00  -1.41068069e+00  -2.79718903e-01
   2.27346090e+00  -8.90651781e-01  -1.67079870e+00  -4.11691637e-01
  -6.31901534e-01  -1.53055859e+00  -4.53199781e-01  -2.13553136e+00
   2.92742232e+00  -6.83681012e-01  -3.70793882e-01  -9.81806456e-01
  -1.23213499e+00  -2.97406060e-02  -4.29214619e-01  -9.98140265e-01
  -1.28926075e+00  -8.50094115e-01  -1.38407960e+00  -1.74972605e-01
  -4.37071274e-01  -1.26507117e-01   9.99414890e-01   2.79309019e+00
   2.40190147e+00  -7.89298745e-01  -3.76682043e-01   7.51068081e-02
  -4.48886443e-01   1.93917774e+00  -1.91115050e+00  -5.04255930e-01
   5.34919778e-01  -9.02271464e-01  -1.68153215e+00   9.11157116e-01
   6.90675568e-01  -8.94881552e-01   2.52053899e-01   3.18831418e+00
   1.41845067e+00   2.55571186e+00  -7.03702510e-01  -7.34186797e-03
   2.19919259e+00  -1.89101560e+00  -1.82507646e+00   2.08148206e-01
  -1.41975712e+00   6.50962603e-01  -8.63687237e-01  -1.24921546e+00
  -4.41883259e-01  -1.34778399e-01  -1.38994184e+00   1.77826312e-01
   2.26503618e+00   7.47329531e-01  -5.80991623e-02  -1.61402469e-02
  -9.08313742e-01   1.50327794e+00  -4.56419346e-01  -7.16344523e-01
  -4.38632845e-01  -7.92589469e-01  -1.68611953e+00   2.41066783e+00
  -1.32373749e+00  -1.48503782e+00  -8.52040426e-01  -2.03068495e+00
  -3.06686997e-01  -1.72870275e+00   2.85155690e+00  -9.95823546e-01
  -9.42097244e-01  -5.81715960e-01   5.79390183e-01  -1.31896638e+00
   4.73670582e-02   2.55293057e+00   2.03452238e+00   1.41504936e-01
  -9.55100022e-01   1.81996286e-02   1.01464596e+00  -1.15177424e+00
   1.58678882e+00  -7.52498823e-01  -4.17418669e-01  -1.62120298e+00
   2.90717644e-01  -1.19739088e+00   2.22052977e+00   1.85992651e+00
  -6.50424581e-01  -5.44350440e-01   3.99247845e-01   1.08398584e+00
  -1.34849844e-01  -8.42691566e-01  -1.99858075e+00  -3.32216934e-01
  -1.78421851e-01  -6.22314033e-01  -3.47573118e-01  -1.56027829e+00
   9.72381292e-01   3.15725543e-03   1.22785206e+00   3.10295218e-01
  -6.36652578e-01   3.57385866e-01  -2.63645362e-01  -1.27737564e-01
  -1.22196708e+00   5.88254743e-01  -9.38464133e-01  -1.25851713e+00
  -7.73308163e-01   7.97889300e-01  -1.85096950e+00  -1.68975768e+00
  -2.07718462e-01   2.85097602e+00  -6.04522741e-01   3.32063772e-01
   2.15801859e+00   2.91877982e-01   5.65942953e-01  -7.29231680e-01
  -1.80776175e+00  -4.27426714e-02   8.39514351e-01   3.22702607e-01
  -1.40319233e+00  -2.58483694e-01  -8.61484609e-01   2.09054833e-01
  -2.27026507e+00  -1.32543395e+00  -1.21529944e+00  -1.21032479e+00
  -4.53794039e-01   1.71418448e-01  -1.92727325e-01  -5.05212345e-01
   2.15494825e-01  -9.65988180e-01   1.60767881e+00   9.27011117e-01
  -6.31840034e-01   1.34744779e-02   3.01708086e-01  -5.12427684e-01
   1.81581716e+00   2.68581752e+00  -1.25241986e+00   1.19484962e+00
  -1.33407033e+00  -2.66476510e-01   3.35974988e-01  -3.35502887e-01
   4.88689452e-02   1.74501081e+00  -8.16715257e-01  -1.19321116e-01
   1.24506614e+00  -1.93326500e+00   2.55574528e+00   4.09089219e-01
   2.60400644e+00  -7.18544726e-01  -2.93290220e-01   1.05615684e+00
  -1.48696529e+00  -1.04541414e+00   3.11839888e+00   3.65441436e-01
   2.25289698e+00  -7.43303743e-01   2.46563552e+00   2.13213897e+00
  -1.07444984e+00  -5.83449394e-01   3.06716176e+00  -1.06375164e+00
  -1.74031264e+00  -2.80323139e-01  -1.01960956e+00   8.15139026e-02
   2.35400167e+00  -9.46656450e-01   2.06969716e+00   2.70482344e-01
  -4.72252049e-01   9.21206748e-01   4.81958459e-01  -3.69513082e-01
  -1.08283899e+00   2.65937525e+00  -2.87873266e-01   2.18914951e-01
  -5.57368622e-01   2.61744268e+00  -8.22889535e-01  -1.14351085e+00
  -1.45191754e+00   4.13645040e-01  -5.44984335e-01   9.27506020e-01
   9.20644256e-01  -1.14017669e+00  -7.81810458e-01   3.10475522e+00
   1.29211445e-02   1.12069621e+00  -8.33679852e-01  -1.85535007e+00
   4.72004820e-01  -1.93339020e+00  -9.87687241e-01  -2.56214324e+00
  -2.07204379e-01   9.51272487e-01   3.95362475e-01  -1.61152697e-01
   6.26223192e-01] [  6.73855197e-01  -6.32318509e-01  -1.21691861e+00   3.51873835e+00
  -2.06435999e-01  -2.54056595e-01   4.29491504e-02  -1.50203354e-01
   1.32462250e-01  -2.68713946e-01  -4.74727529e-01   1.75619784e+00
   1.37657487e-01  -1.34231212e+00  -1.68770335e-01   1.66059147e+00
   3.62718781e+00   4.30272778e-01   6.18985431e-01  -5.36646271e-01
  -1.26223296e+00   1.59228896e+00   6.78451927e-01   8.56744875e-01
  -1.43621841e+00   1.00035602e+00  -3.57581924e-02  -9.60696632e-01
   7.42769933e-02   4.70839337e-01  -6.51163955e-01   7.35975598e-01
  -2.99061949e-01  -1.02229069e+00   2.02741762e-01  -2.24452826e-01
   1.19899605e-01   5.32119783e-01  -5.25465820e-01  -6.34027236e-01
  -1.03062942e+00   2.89122578e+00  -8.47622327e-02   1.24362693e-01
  -8.34011402e-01   5.18036282e-01  -4.69136854e-03  -4.03059856e-01
  -8.76572953e-01   7.52205131e-01  -1.77244483e+00  -1.33818208e+00
   5.32133138e-01   3.87761669e-01   2.57850228e-01   4.79252073e-01
  -8.82436431e-01   5.85018428e-01  -2.02224282e+00  -7.75515160e-01
   5.48258949e-01   1.91319505e-01  -1.62378604e+00  -1.30434133e+00
  -1.40795774e+00  -2.07700293e+00  -8.91949021e-01  -4.43601662e-01
  -8.04313449e-01  -6.13987129e-01  -8.38630116e-01   4.47938197e-01
   1.84183383e-01   1.03957793e-01  -2.98095768e-01  -9.71656761e-01
  -2.63769095e+00   9.54660830e-01   1.41168576e+00  -1.69223843e-01
  -9.02736393e-01   8.49363356e-01   2.32048164e-01  -1.30532481e+00
   4.26544515e-01  -7.23756495e-01   3.33284129e+00  -9.88871499e-01
   5.26374531e-01  -9.52143468e-01  -5.21894462e-01   6.04184774e-01
   4.37025925e-01  -3.95720559e-01  -1.41406088e+00  -1.26549720e+00
   3.47868585e+00  -3.21247358e-02  -1.35004125e+00   1.17139105e+00
  -1.15859156e+00   3.91712821e-01  -5.48297927e-02   9.30444766e-01
  -2.20653953e-01   2.35995568e-01  -5.23244267e-01  -9.32095166e-01
   6.42305791e-01  -3.44384768e-03   4.15109358e-01  -3.92058957e-01
  -6.21199625e-01   1.38704861e-01   2.67155147e-01   1.51422555e+00
  -8.17786504e-01  -1.24646188e+00  -3.36340679e-01  -6.43789146e-01
  -1.05637422e+00   1.73822652e+00   1.43824782e+00  -6.12286414e-02
  -2.65717648e-01   4.62577193e-02  -1.09413811e+00   9.44183514e-01
  -2.31834273e-01  -6.80430648e-01   4.88998170e-01   8.22272756e-01
   1.43929712e-03  -8.77483748e-02   4.51423390e-01  -1.86353825e+00
   1.18396636e+00   9.71187076e-01  -1.07022540e+00  -1.02507696e+00
   8.29177815e-02  -1.96976944e-01   4.70714241e-02   3.02570670e-01
   3.33814338e+00  -5.37933989e-01  -2.43104272e-02  -1.08156383e+00
  -6.61948787e-01  -5.82387814e-02   2.00282736e-02  -4.72970082e-01
  -1.53228014e-02   1.27893642e-01  -1.01372989e+00   9.26481017e-01
  -4.86900783e-01   1.62640196e+00   4.41372000e-01   1.48266191e-02
   3.02160766e+00  -4.35298881e-01  -3.58268409e-01  -9.00754420e-03
  -2.94259985e-01  -2.34429218e-01  -4.99040458e-01  -3.70175690e-01
  -1.93989732e+00  -9.53623747e-01   6.85419069e-01   2.18225572e-01
   8.67525821e-02   4.11071768e-01   3.46284533e-01  -9.86194338e-01
  -8.66023257e-01  -2.88725784e-01   5.95039523e-01  -8.35354824e-01
  -7.90538065e-01  -6.55779381e-01   7.12669949e-01  -7.93574123e-01
  -9.23098340e-01   3.39297094e+00   2.56826461e-01   3.25056461e-01
   6.24922356e-01   5.59356725e-01  -3.27071331e-02   2.63615013e+00
  -5.13894966e-01  -4.11937565e-01   1.03288166e+00   3.62356079e-01
  -9.26862186e-01   3.78688634e-01  -1.68735051e+00  -8.36461584e-01
   2.36175371e-01   3.08533096e+00  -1.58698557e-01  -5.57969003e-01
  -1.06610031e+00  -2.70906405e-01  -5.81463738e-01  -1.42393076e+00
   6.74214130e-01  -7.87033443e-01   6.54487408e-01  -4.88369477e-01
  -8.13764449e-02   1.03644582e-01  -1.19302343e+00  -2.74569832e-01
   2.01489604e-01  -1.54393725e+00   3.31096904e-01   3.23203634e-01
  -1.05478442e+00   4.77529185e-02  -1.01483120e-01   9.20444174e-01
  -1.24109650e+00  -1.64614193e+00  -6.39859052e-01   5.29746228e-01
   1.09125061e+00   5.16769515e-02  -4.76537836e-01  -5.46158792e-01
   6.91082906e-01   4.80681452e-01  -1.25886493e+00  -1.18072442e-01
   1.48118504e+00   3.86243434e-01  -1.03655873e+00   8.75409860e-01
   1.41098076e+00  -9.42647849e-01  -6.66122638e-03   5.79031674e-01
  -6.55336370e-02   2.42802007e-01  -1.13042085e+00   7.25103965e-01
   1.27257803e+00  -6.24356033e-01   1.13140025e+00   3.06467785e-01
  -2.21170621e-01  -4.36037802e-01  -1.13578845e-01   2.19111774e+00
  -6.64799617e-01   1.20903338e-01  -4.35269004e-01   7.52226690e-02
  -1.48177906e+00   1.38475148e+00  -4.77411182e-01   5.64854801e-01
   7.17684473e-01  -5.93663868e-01   2.30147347e+00  -4.65976304e-01
  -6.71707229e-01  -4.95688260e-01  -5.29037089e-02  -3.39578424e-01
  -3.39465674e-01  -1.78438829e+00   8.44872914e-01   2.81726851e-03
   6.95921053e-01  -7.19752764e-01   1.65098278e+00  -1.68274414e-01
  -5.71257611e-01  -2.38507152e-01  -2.27290895e-01   9.84498720e-01
  -9.41972686e-01  -4.10326512e-01   4.01766550e-02   1.11443880e+00
   4.32236100e-01  -7.95004971e-01   3.13579944e+00  -6.03618150e-01
   5.59676591e-01  -6.16824154e-01  -8.70349269e-01   4.31078451e-01
  -1.03102253e+00  -1.06184439e+00  -9.82734868e-02  -5.58141983e-01
   1.34437968e+00   4.20816096e-01  -4.88170134e-01   8.69456702e-01
   4.83054166e-01  -1.35774590e-03  -3.47175926e-01   4.52598071e-01
   7.72307941e-01  -3.00731647e-01  -3.62069641e-01  -8.81588552e-01
   1.64503652e-01  -2.00454784e+00   1.05061711e+00  -6.03427661e-01
  -2.72677172e-01  -8.20215141e-01  -7.59216734e-01  -1.44605960e+00
   2.55697530e-01  -5.37006731e-01  -1.42028314e-01  -2.58747949e-01
  -8.77550751e-01  -7.53320955e-02  -3.20251174e-01  -1.80507081e+00
   3.19044218e+00  -1.86375509e-01  -1.03160237e+00   4.93469582e-01
  -8.06180498e-01   9.57900108e-01  -2.31017032e-01   5.88520070e-01
  -8.67061523e-01   8.70101737e-01  -3.84584023e-01   2.35796977e-01
  -7.34421475e-01   2.07832516e-01  -1.77266545e+00   6.52573382e-01
   8.33195588e-01  -2.21700216e-01   1.20771683e+00   3.22609783e+00
  -8.73061655e-01   8.84931027e-01   1.00470605e-01   5.89249792e-02
  -5.61931194e-01   4.76549415e-01   4.82252842e-01   1.04244131e+00
   4.82307618e-01   9.81373446e-02  -1.17177099e+00  -3.00554785e-01
  -7.10448260e-01  -2.56017119e-01  -1.34825207e+00   1.25257115e+00
  -1.21903323e+00   3.46373188e-01  -1.48749926e+00  -2.16301543e-01
  -2.85865694e-02  -1.20815693e+00  -2.58196843e-01   2.73000741e+00
  -4.41312916e-01  -1.00226979e+00   5.69773393e-02  -4.61289072e-02
   2.22909078e+00  -1.44585862e+00   1.45357677e+00   2.03983929e+00
  -8.37332276e-01  -5.44301572e-01   1.14546719e-01   1.88624051e-01
  -5.86384625e-02  -2.81140026e-01   7.82913051e-01   5.82729752e-01
  -3.61904550e-03  -5.28971893e-02  -6.64167786e-01   2.62028306e-01
  -5.95680898e-01   1.15208289e+00   6.62124601e-01  -9.79928346e-01
  -3.10503659e-01   1.63578747e+00  -6.83493745e-01   9.68999297e-01
   6.09709886e-01  -7.96860418e-01  -6.58699820e-01   6.83179207e-01
  -5.06195736e-01  -8.04338362e-01  -1.18378068e-01  -1.05104050e+00
  -3.89324186e-01  -2.64783064e-01  -2.87202673e-01  -2.96766408e-01
  -1.69159144e-01   2.76238798e+00  -3.58125334e-01  -1.22576695e+00
   1.47987229e+00   4.80296079e-01  -3.08354071e-01   1.93170953e+00
   4.45106824e-02   4.07924315e-01   3.05077190e+00   5.78190702e-01
  -7.39370661e-01   6.25097212e-01   1.12255932e-01   8.88047468e-01
  -1.23146170e-01   1.52434347e+00  -4.71947611e-01  -1.09380988e+00
  -3.14841741e-01  -2.83887848e-01   3.18166670e-02   7.50212359e-01
   4.90654613e-02  -2.48662488e-01  -1.45780146e+00  -5.67833100e-01
  -1.27949672e-01   2.22482475e+00   1.64500854e+00  -9.85923581e-01
   1.43300886e+00  -2.27643101e-01   1.92031782e-01  -1.79950646e+00
   9.09500349e-02   9.88081109e-01  -1.34187761e+00   5.15370282e-01
   3.69605435e-01  -7.07993394e-01   1.46057711e+00   2.97388300e-03
  -1.53491428e-01   8.08656363e-01  -7.15229985e-02  -1.15220808e+00
  -2.43346826e-01  -5.40895813e-01   8.02403714e-02  -1.18274585e+00
   9.03453098e-01  -8.91435973e-01   3.33855297e+00  -8.21043952e-01
  -1.23157213e+00   2.78637233e-01   2.63944398e-01   3.78841312e-01
  -1.24549073e+00  -3.75488559e-01  -6.79971027e-02  -1.71592237e+00
  -6.44096890e-01  -1.07486830e+00   7.23112528e-02  -2.22680985e-01
   4.74723549e-01   1.51790623e+00   4.24131294e-01  -8.76255897e-01
  -4.11244690e-01  -4.25931054e-01  -1.00116923e+00   4.46811022e-01
  -1.45952137e+00   1.28180902e+00   2.54414029e-01   1.55187218e+00
   7.52765865e-01  -1.38323140e+00  -1.25689647e-01   7.57320521e-01
   7.58944415e-01  -3.60967274e-01   3.84525153e-01  -1.63571958e-02
   1.11562507e+00  -1.42366850e-01  -3.67375238e-01  -1.06285914e+00
  -3.32179669e-02   3.93048923e-01   3.68448010e-01   7.46448918e-02
  -2.41500993e-01  -8.72382350e-01   4.73973642e-01   1.37326151e+00
   6.45114077e-01  -1.79254724e-01   6.30052256e-01  -6.12565954e-01
  -7.57052822e-01  -8.55453482e-01  -1.48969766e-01  -9.94162549e-01
  -2.50871439e-01   4.92440009e-01   2.73800873e-01   8.91495435e-01
   7.94203575e-01   6.32279426e-01   1.59929370e+00  -1.43045137e+00
  -2.46503273e-04  -9.29495231e-01   6.52948066e-01  -1.97364133e-01
  -7.23158538e-01  -7.82860685e-01  -5.78122316e-02  -1.78664777e+00
   1.82419868e+00  -1.12171816e+00  -1.50680439e+00  -1.27058363e-01
   7.34633663e-01   6.27939794e-02  -5.61134891e-01   5.77444111e-01
  -9.69447765e-01  -8.74172554e-01   1.18375203e+00  -4.03167281e-02
   1.30802623e+00  -5.95821245e-01  -1.76930632e-01   1.28134474e+00
  -7.94669689e-01  -2.05012982e+00   5.29344273e-01  -1.91393226e-01
  -5.10006684e-01  -1.24124249e-01  -3.36936186e-01   3.41915456e-01
   1.82553111e+00  -1.46378913e+00  -4.07485159e-01   4.15574252e-02
  -4.00107838e-01  -7.20886100e-01   1.10771094e-01   7.83231687e-01
  -6.95931676e-01  -5.96450462e-01   5.02438216e-01   2.91958848e-01
   2.17670673e-01   1.99338730e-01  -1.06969460e+00   3.29028999e+00
   4.91403142e-01   8.83569945e-01  -1.38508271e-01   5.97693745e-02
  -7.40091729e-01   1.01979275e+00   1.28159293e+00  -1.02413444e+00
  -1.50203247e+00  -8.03310009e-01  -1.21417999e+00   2.14386614e-01
   1.10116660e+00   5.51653723e-01  -1.41153325e+00  -5.53539091e-01
   6.12393432e-03   9.32525660e-01  -3.53700662e-01   1.37198078e+00
   4.37979538e-01  -1.64343559e+00  -1.92797160e-01   5.46088075e-01
  -1.09230433e+00   6.55619968e-01   5.10183880e-01  -5.90344747e-01
  -3.39524525e-01   6.49851436e-02  -5.75683938e-02   3.80894264e+00
  -9.54695149e-01   2.55746248e-01   1.18122090e+00   2.84947995e-02
  -7.06386154e-02   3.35524376e-01  -5.58606055e-01  -2.19149557e-01
  -1.04261717e+00   5.71282222e-01   1.32817791e-01   5.99687923e-01
  -1.36634165e+00   1.49292287e-01   2.96816085e-01  -3.84110276e-01
   5.77360782e-01   2.87910451e-01  -8.29659469e-01  -1.03699009e+00
   3.19055842e+00   1.00527278e+00   1.40671098e-01   1.61115244e-02
  -5.17622158e-01   3.76003877e-01  -1.28584954e+00   1.26555817e-01
   8.40723055e-01   1.40455012e+00  -5.17854601e-01   7.62788411e-01
   4.43830807e-01  -3.58996871e-01   1.37983530e+00  -4.34348847e-01
   2.33778108e-02   2.30461622e-01  -6.55798628e-01   1.62985598e+00
   5.92947528e-02   1.39070082e+00  -6.33677876e-01  -1.41949938e+00
  -1.61248333e+00   1.24758613e+00  -2.55849664e-01   2.88104409e-01
   6.57375360e-01  -6.14455653e-02  -1.16802766e+00   7.98883377e-01
   5.89448810e-01   1.19328510e+00   8.96526309e-01   8.35280932e-01
  -1.28362508e+00  -1.63088715e-01   1.46943292e+00  -7.37270956e-01
  -9.25944303e-01  -8.87902244e-01  -9.50363645e-01  -6.36917437e-01
   6.30266227e-01  -3.14456378e-01  -1.23765596e+00   2.96073413e-01
  -1.43017573e+00  -3.92435158e-01  -4.37698468e-01  -1.52146281e+00
  -1.91855997e+00  -1.50125289e+00  -2.50823261e-01   6.32626897e-01
   3.34997343e-01  -1.31087460e+00  -1.46596087e+00  -1.47901953e+00
   6.19351175e-01  -9.82803905e-01  -8.80318186e-01  -1.09033962e+00
  -1.98858918e+00   9.22050037e-01  -1.33101594e+00   3.05281423e+00
  -8.18072816e-01   3.81261836e-01   6.86433464e-01   2.10371358e-01
  -5.89118992e-01   3.92668935e-01  -1.52256591e-01   4.99224147e-02
  -3.66422081e-01  -2.26152038e-01  -4.43297060e-01   2.88982288e-01
  -4.47295417e-01  -5.93354813e-01   9.45066602e-01  -1.04679291e+00
   6.24386061e-01   4.12845362e-01  -2.02605937e-01   5.09568755e-01
   1.59239783e-01  -1.07495898e+00  -9.71238806e-02   7.62625514e-01
  -1.02594067e+00  -3.02696629e-01  -1.10085543e+00   9.52691179e-01
   1.51596265e+00  -2.09986376e-01  -9.66018961e-01   3.22414771e-01
   1.95145783e-01  -5.67370111e-01   4.23212644e-01   2.75577452e-01
  -4.70579882e-01   1.01024167e+00  -1.84309278e-01  -5.90222561e-01
  -9.53694675e-01   8.25301192e-02  -9.10761473e-01   2.98762797e-01
   1.21594590e-01  -5.57624012e-01  -7.88703966e-01  -6.22191294e-01
   1.40340884e+00  -1.29165112e+00   2.78772210e+00   9.14455658e-01
  -5.18725020e-01   9.81581195e-01   2.12742152e-01  -3.15484987e-01
   2.74315546e+00   8.77869628e-01  -4.09819739e-01  -6.60902143e-01
   6.61043581e-01   7.11790461e-01   3.35938042e+00  -2.21372682e-01
   5.15649831e-01   5.71454603e-01  -1.88405444e-02   3.00688804e-01
   6.00170994e-01   1.38587753e+00  -1.34463964e+00   6.37215215e-01
  -9.22134132e-01   1.99735052e-01   4.48500793e-02  -3.16219314e-01
  -9.96615017e-01  -7.66511732e-01   1.01920515e+00   9.60340640e-01
  -4.42268517e-01   2.89446768e+00  -2.78051010e-01  -3.37016892e-01
   4.60300512e-01  -1.58219857e+00  -8.60829918e-02  -1.65789612e-01
  -7.44625099e-01   1.93723827e-01  -1.33435732e+00   2.22116009e-02
   4.01110384e-01   2.87299948e+00   1.93717164e-01   8.39660718e-01
  -5.63469484e-01  -4.02054374e-01  -3.82456875e-01   5.94747471e-01
   2.44961166e-01   3.70982296e+00   6.85433856e-01   1.14423636e+00
  -3.19583890e-01   2.34084998e+00  -1.56923966e+00  -1.21798160e+00
   1.39106766e-01  -1.42601873e+00  -5.42929618e-02  -6.59581380e-01
   7.56199648e-01   1.24680388e+00   1.08088539e+00   1.13347467e-01
   1.07459776e+00  -1.21513358e-01  -4.34192602e-01   2.69746720e-01
   1.48637360e-01  -1.02949213e+00  -7.78439187e-01  -4.40454402e-01
  -2.04512035e-01   1.64784708e+00   1.52759062e-01   6.20486630e-02
  -1.38562949e+00   4.75092417e-01   7.60115234e-01  -5.79657534e-01
  -1.28031155e+00  -6.12134300e-01  -4.87322652e-01  -8.41850591e-01
   1.21414911e-01  -8.06227151e-01  -1.78791281e+00  -7.62792225e-01
  -8.11573231e-01   1.51510965e-01  -1.60148769e-01  -3.70906713e-01
  -1.12198746e+00  -4.85391900e-02  -8.87803426e-01   1.29461805e+00
  -8.98462162e-01   9.96735180e-01  -1.00751688e-01   1.89219655e-03
  -8.64693563e-01   1.19022442e+00  -1.53814051e+00  -5.19804903e-01
   1.66858075e-01  -1.18169202e-01  -1.05583424e-01  -3.71739887e-01
   5.83192932e-01   1.42258522e+00  -1.62231175e-01   3.30228570e-01
   6.14879102e-01   5.99020320e-01  -1.74948493e+00  -1.72493874e+00
   3.50757232e-01   5.79991044e-01   8.20873945e-01   1.14264336e+00
   1.17780146e-01  -8.85535643e-02  -1.65566365e+00  -7.29507277e-01
  -6.33510549e-01   2.66507612e-01   1.15373378e+00   1.68224971e-01
   1.19964337e-01   1.00146231e-01   6.88196966e-01   9.05032376e-01
  -1.58671654e-01  -3.74501930e-01  -1.65155233e-01  -1.69013397e-01
  -9.06406992e-01  -2.11166551e+00   3.15597209e+00   8.80998433e-01
  -3.78235556e-02] [-0.55546776  0.17442153 -0.4871685   0.70275376  0.8646049   0.1260245
 -0.09363638  1.31359119  0.58500622 -0.5847724   0.57497676 -0.47671558
 -0.03779335 -0.86341121  0.6162716  -0.29156333  0.28256892 -0.76559439
 -0.41813359 -0.30133895  0.81040502 -1.3081795  -0.37241238  0.35204935
  0.40556066 -1.17625145  0.53095551 -1.16278456 -0.11576122 -0.2341124
  0.93108167  0.77408553  1.62295692  0.09384922 -0.64958513  0.46969572
  0.54134455 -0.19043471 -0.14835659  0.3509657   0.48094412  1.54366858
 -0.08109761  0.04538973  0.05645951 -0.45349292 -0.73028183  0.3984206
 -0.56231373 -0.64975032 -0.69070336 -0.12325722  0.25603712 -0.04806581
 -0.74993066  0.27790532  0.95434446 -0.20611108  0.26616951 -0.26578637
  0.81707651  0.9807659  -1.19047724  0.65424784 -0.31640288 -0.34344642
  0.83438163 -0.07432313  1.36393606 -1.09422306  0.16447521 -0.25387841
  0.23800869 -0.73321646 -0.66284488 -0.4962129  -0.4630269  -0.17923183
 -0.89158681 -0.47957856  0.3347139  -1.08050466  1.06705004 -0.22085467
 -0.39023212 -0.42393365  0.40947922 -0.8349716   0.17005491 -0.02899696
  0.89112997  0.32882257  0.45510375  0.22411404 -0.26323472 -0.1831408
  0.24837035 -0.39839206  1.07645854 -0.52221957 -0.51483208 -0.6052545
 -0.52850493  0.65657491  1.23810754  0.21223258  0.39434048 -0.24134089
  0.88307886  0.34569691  0.13459573 -0.53919758 -0.53021671  0.72026061
  0.81599037 -1.49179212 -0.34274083  0.09602654  0.80450092  0.54533668
  0.4532679  -0.35752783 -0.69523848  0.34160683  0.46930525  0.855787
  0.09079391  0.16666299  0.4359379   0.11343805  0.55529421 -1.21169362
  0.44215455  0.07313717 -0.92514186  0.77984846 -0.88917685  0.33635413
  0.94047875 -0.03440802 -0.29427553  0.20901244 -0.37637101 -0.49621306
  0.17203847  1.10296621  0.39961859  0.27802536  1.20174468 -1.15368621
  0.22955638  0.69016372  0.39753466 -0.71257147 -0.61686437 -0.99443011
 -0.3935665  -0.70723169  0.18434796 -0.04485441  0.71808377  0.81795859
  1.30162248  0.56305388 -0.71055038 -0.44103774  0.75462598  0.03921644
  0.84469404  0.80065241  1.54847058  0.18947044 -0.91068297  0.96787694
 -0.07316744 -0.5869691  -0.04821979 -0.41581057 -0.81965265  1.11076341
 -0.14075552 -0.05728235  0.82001071  0.25240364 -0.26761869  0.09744342
  0.25611122  0.645565   -0.33098344  1.21732665  0.42436599  0.93104247
  0.85783984 -0.20275612 -0.58469075 -0.15127486  0.19184625 -0.01481723
 -0.78463898 -0.80689091 -0.16149718  0.57948034 -0.384156    1.42395742
 -0.44678404 -0.29943456 -0.37617041 -0.09216935 -0.19423545  0.57228299
  0.26424861  0.60008892 -1.14732789 -0.08445691  0.26624158 -0.05818574
  0.57638248 -0.98177738 -0.28042526 -0.02705267 -0.73122626  0.24256179
  0.37637394 -0.79294441 -0.2917754  -0.19081619 -0.31573724 -0.04481065
 -0.75284221 -0.61927334  0.56407996 -0.07977384  0.86346861  1.28733034
 -0.31381146  0.50160113 -0.16826525  0.11476678 -0.42982995 -0.82706265
 -0.86207094  0.65312104  0.26039435  1.04844895 -0.12615094 -0.10218487
  0.90180761 -0.28601758 -0.59131276 -0.6941601   0.00738643  1.08000402
 -0.9166361   0.42099724 -0.31472263  1.28577879 -0.11230797  0.43222808
  1.02752056 -0.21635006  0.37449354 -0.34864438 -0.26363572  0.16735497
  0.62387644 -0.04031295  0.68596721 -0.12842185 -0.45751425  0.4783126
  0.94833598 -1.03197089  0.23451075  0.53373347  1.293548    0.19502681
 -0.42911737 -0.06060068 -0.05701644 -0.08947161  1.87734261  0.35445194
  0.48823276 -1.06791678 -0.6957922   0.59531625  1.04180989 -1.31421952
  1.29062188  0.82635308  0.2039491  -0.41170853 -0.11564003  0.67393996
  0.00435518 -0.54434433  0.76990204 -0.88524283  0.83173387  0.53178545
 -0.59113674 -0.8118036   0.43960595 -0.29556454 -1.06850167 -0.76082098
 -0.63628032  0.2944711  -0.47542395  0.37621674  0.84308422 -0.28828432
  0.31648953 -0.77340017 -0.58926179  0.68022037 -0.7384706   0.27898742
 -0.26574738  1.87641802  0.0662383  -0.15279184  0.9378419   0.26681726
  0.41321989  0.1727986   0.65322311 -0.22714654  0.63344945 -0.7246584
  1.12655812 -0.24632555 -0.98587995 -0.65223684  0.52850693  1.04809566
 -0.57322361 -1.32075713 -0.48674077 -0.10402618 -0.61623231  0.25018744
  0.75226228 -0.62877892  0.87248178  0.32114291 -0.35206796  0.37445692
  0.49201659  0.9881565   0.41718688  1.67862099 -0.59950482 -0.14266899
 -1.11466314 -2.07697023  0.25100621  0.45639137  1.43283815  0.51978587
  1.82148113 -0.21379262 -1.03024079 -0.67699861  1.85027892 -1.13259662
 -0.39417131  0.42982288  0.41585416  0.32087155  0.60801315  0.48779156
  1.05501917  0.17745645 -0.17394911 -0.78945881 -0.51252548  0.42448597
 -0.3730155  -0.4868578  -0.63095343  0.60957837  0.42755718  0.04889281
 -0.02131196 -0.85308466 -1.18166564 -0.42800678  0.84324082 -0.14994771
  0.72062678 -1.08723491  0.01094192 -1.06450795 -0.50547441 -0.71933124
 -0.17406751  0.06318632 -0.46161224 -0.3425484  -0.53099211 -0.24710247
  0.98713467 -0.47499306 -0.46966274  0.28871417 -0.09893321  0.14733951
 -0.12345604 -0.12753335  0.62150735  0.14742569  0.54367759  0.57725475
  0.61171877 -0.65877292 -0.99029799 -0.74402305 -0.06105632 -0.78169523
  0.91268423 -1.29005179  0.51530032  0.87245698  0.28925546 -0.67941581
 -0.2391048  -0.81147648 -1.0022227  -1.01074079  1.25692791 -0.57305182
  0.99267945 -0.07354233  0.53157944 -0.21949452 -0.26727246 -1.56923977
 -0.30259942  0.10629425 -0.61253176 -1.80727077 -1.10980451 -0.55262561
  0.22479435 -0.94209162 -0.08248141 -0.40397079 -0.24856843 -0.50449113
  0.04634323  0.41412903 -0.37080521 -0.23424321 -0.41842179 -0.63425092
 -0.49914189 -0.30473662  1.3709883  -0.16714585 -0.13926038 -0.13369975
  0.13000356  0.21597613 -1.67762009 -0.43375357  1.07401803 -0.14817419
  0.0326369   0.70930569  0.20176437 -0.59204482  0.57138915 -0.38265387
  0.79702288 -0.89577396  0.68136126  0.45368258 -0.91671501  0.67584974
 -0.14594373 -0.73655646  0.40790086  0.70111771  0.5427582  -1.48963053
  0.00250432  0.18907443  0.64759945 -0.12424813  0.30320387 -1.22891841
 -0.49489511  0.83343315  0.54926567 -1.08931311 -0.34770119 -0.36519218
  0.9658601   1.11475575 -1.06634689  1.10941185 -0.17589323  0.57549869
 -0.11765315 -0.22145752  0.16634565 -0.92351379  0.32307556 -0.58861742
  0.14639006 -1.2170877   0.40676451 -0.25396074  0.6174334  -0.05458284
  0.22765185 -0.69536638 -0.49287587 -0.06836296  0.8463829  -0.42054644
 -0.79911568 -1.05697145  0.45425717  1.08588462 -1.38339414  1.06054493
 -1.30373691  1.15251592  1.08709404  0.31874821 -0.71033632  1.12057088
 -0.34825939 -0.48247018 -0.66450633 -0.55345102  1.28104126  0.76569975
 -0.22315865 -0.26347937  1.10129336 -0.34602856  0.1597656   0.43912205
 -1.06720573  0.42303101 -0.07221904 -0.62484932  0.70750141 -0.48635551
  0.09302123 -0.72439848  0.7511597   0.96722046  0.35194168 -0.32858841
  0.25844605 -0.89619985 -1.25200902  1.12481012  0.83674523 -0.60809521
  1.08393022  0.12778777 -0.58184775 -0.26783871 -0.02521783  0.58407754
 -0.47170911  0.57997213 -0.27864151  0.19323967  0.68960391  0.46362829
 -1.01138206 -1.79908506  1.00968596 -0.18109733  0.14829998 -0.48578708
 -1.13486383 -0.09112354  0.19934625 -0.55838738  0.31312547  0.77939584
 -0.98959949  0.34838588 -0.53279596 -0.31217926  0.1233185   0.82576956
 -0.41704203 -0.42848705  0.88386553 -0.36754313  0.19463644  0.2956173
 -0.81550097 -0.27346098 -0.58794197 -0.56898678  0.03970506  0.95978954
  0.13030566  0.46076026 -0.36511937 -0.98957468 -0.66489613 -0.153987
  0.54853389 -0.50045524  1.48930017 -0.00842059 -0.14353295 -0.47266566
  0.82008299  0.10289369  0.07562489 -0.15589498  0.74266342 -1.13943658
 -0.86294496  0.82163071  1.08471059  0.35244465  0.70315415 -0.11357869
  0.70601145 -0.42418925 -0.22394032 -0.42857642  0.09574981 -0.23423607
 -0.26634029  0.40045155  0.98603743 -0.72291789  0.48387526  1.04128075
  0.02116502  0.34872992 -0.31946701 -0.45058489  0.09303653 -0.66303171
 -0.1650559  -1.01080539  1.30463526  0.37327325 -0.71485797 -0.69655969
 -0.35803598  0.02474658 -0.45563461 -0.5338688  -0.23600174 -1.03352425
  0.44176886 -1.086746   -0.45445198  0.35049511 -0.07548046 -0.75485814
 -0.40261673 -0.29089427 -0.09177831 -0.33123926 -0.5155808  -0.23109993
 -0.58169632  1.11388716  1.15454037  0.79898597  0.30339845  0.58200454
  0.24344171 -0.51327152  0.10768786 -0.1534943   0.6779882   0.50352277
 -0.11413213  0.50352637 -0.28914374 -0.82698791  0.1729297  -0.56720347
  0.04888285 -0.30332419 -0.80115582 -0.36486768  0.67255466  1.09941343
  1.41796176 -0.43176274 -0.71504777  0.86556886  0.02295129  0.57198458
  0.26072153  0.80001528 -0.53616243 -0.49828959  0.76708195  1.85881874
 -0.27681246 -0.18422082 -0.59076558  0.39615865 -0.68472891 -0.5018009
  0.00801917 -1.37158362 -0.4536904  -0.7593554  -0.13431583  0.45073983
  0.09926376  1.01263153  0.15734668 -1.02076111  0.2831679   0.20830791
 -0.26765237 -0.07153117  0.70474623  0.23258144 -1.03482363  0.05214867
 -0.26340708 -1.18418126 -0.2973134  -0.36639886 -0.38818272 -0.03735495
  1.27385954 -0.1897524   0.02487356 -0.18040099 -0.73892015  1.50531406
 -1.53910393 -0.25727717  0.99662066 -1.37268191  0.57017653  0.47467481
  0.26187    -0.67211886  0.0458825  -1.27357025  0.37336651  0.47709826
 -0.32771454 -0.18677066  0.94824696  0.86068908  0.53430984 -1.10464937
 -0.0147316   0.95580651  1.04812157 -0.49727569 -0.67913799 -0.2520874
  1.71210156  0.22296063 -0.07526267  0.93385649 -0.85270897  0.92265818
 -1.20009453  0.61376581  0.37108407  0.42486855 -0.30397517  0.32559006
 -1.04884289  0.46724664 -0.82572193  0.42447341  0.63871459  0.52901477
 -0.61463602  1.23342493 -0.02843558  0.40699236  0.78150754 -0.95250355
 -0.43726605  1.12748869  1.41486964  0.29023076 -0.5703679  -0.07677599
 -0.88195489 -1.37579685  0.2275978  -1.90469254 -0.77655793 -0.08345057
 -0.4220442   1.3565325   1.01482774  0.45775657  0.98058806 -1.34586639
  0.05892237  0.56685578 -0.50517949  1.23594038  1.20982958 -1.27004974
 -0.41579387 -0.46193932 -0.7281772   0.97570468  0.5421127  -0.77798397
  0.93843683  0.07134968 -0.21096153  0.70910158 -0.20831474 -0.25733543
  1.57923218 -0.60673832 -0.39203831  0.72931611 -0.46942546 -0.54302772
  0.09443801  0.93705702 -0.62889758 -0.84409185  0.62773447  0.82433271
 -0.10687864 -0.49967608 -0.35734637 -0.04105199 -1.0716604  -0.24539565
  0.36808073 -1.05569331 -0.92986342 -0.73288049 -0.95449027  0.91239455
  0.10972376 -0.45485149 -0.92482252 -0.49227318  0.14338098  0.94170349
  0.47036506 -0.07014501  0.01749009  0.38637133  0.59534156 -0.06219081
 -0.566824   -0.61997503 -0.97302865 -0.83096488 -0.48161657  1.43169217
 -0.92369786  0.97425907  0.56998204 -1.86605532 -0.97280397  0.00488325
  0.6150109  -0.77855249 -0.95186581  0.28164207  1.10036887 -1.38503583
  0.04335444 -0.07527065  0.60662318 -0.39826757  0.36447654 -0.57002965
  0.96931264]

*** Componentes principais [T] (somente originais):
[-1.05382348  2.85941983 -2.80027235  1.62711147 -1.10890097  4.0728518
  0.96468818] [-0.92886436 -1.2799287  -0.49454417  0.62476247  0.17267768  1.84151935
  2.85973878] [ 0.6738552  -0.63231851 -1.21691861  3.51873835 -0.206436   -0.2540566
  0.04294915] [-0.55546776  0.17442153 -0.4871685   0.70275376  0.8646049   0.1260245
 -0.09363638]

*** Contribuições (autovetores) [P] (idem para todos e originais) ###TABLE VI.### Percentages of the contributions from each musical characteristic on the four new main axes.

C1 [15.199441719578624, 18.267023989856863, 10.517072666288341, 0.27387597153286503, 3.413002288567569, 19.46104150078606, 14.730189800915976, 18.138352062473707]
C2 [1.8345162038524401, 7.1096218741134614, 24.081007724924991, 24.325490960393221, 22.091128871193504, 1.9727208534689362, 13.656646443661161, 4.9288670683922824]
C3 [0.61342046691968333, 10.387154655266952, 8.3923155652736288, 18.604553473414267, 25.372537014501891, 11.187989412365377, 15.093739804335158, 10.348289607923038]
C4 [32.210057641387237, 13.978460976211993, 8.636601629871631, 11.619791540990636, 3.0313615389046302, 3.2867815591752989, 13.025453768777865, 14.211491344680718]
C5 [16.943731574775143, 8.1509081849136127, 3.0651983536922529, 25.613011505740353, 5.0460289694460823, 6.49180724841968, 21.833459606605963, 12.855854556406927]
C6 [10.630359390928524, 11.640586340729699, 17.047870195167903, 1.3771205942894156, 18.449951817789003, 16.168827731487092, 9.8776933966372731, 14.807590532971085]
C7 [7.817247895404221, 29.805191325100306, 16.784097917920025, 2.5223812246825816, 3.6536909559661686, 30.776870294210056, 0.95423602773342664, 7.6862843589832082]
C8 [5.2891619916796078, 10.248454648209204, 18.153287982938473, 5.9419356481345202, 11.38767258249135, 9.3188068998488536, 17.113739307119026, 22.546940939578956]
princ_orig [[-1.05382348 -0.92886436  0.6738552  -0.55546776  0.2404792   0.42451693
   0.18153348  0.29437861]
 [ 2.85941983 -1.2799287  -0.63231851  0.17442153 -0.01380911  0.08492322
  -0.01260932  0.00504633]
 [-2.80027235 -0.49454417 -1.21691861 -0.4871685   0.34790111  0.02299361
  -0.16221224 -0.42113638]
 [ 1.62711147  0.62476247  3.51873835  0.70275376  0.7234505  -1.51740893
  -0.45868674 -0.13680234]
 [-1.10890097  0.17267768 -0.206436    0.8646049  -0.44519231 -0.43958065
   0.16315338  1.07915113]
 [ 4.0728518   1.84151935 -0.2540566   0.1260245   1.69635918 -0.04016745
  -0.17519563 -0.54707763]
 [ 0.96468818  2.85973878  0.04294915 -0.09363638  0.02002366  0.52989016
  -0.23872209 -1.10064432]]
princ [[-1.05382348 -0.92886436  0.6738552  ...,  0.42451693  0.18153348
   0.29437861]
 [ 2.85941983 -1.2799287  -0.63231851 ...,  0.08492322 -0.01260932
   0.00504633]
 [-2.80027235 -0.49454417 -1.21691861 ...,  0.02299361 -0.16221224
  -0.42113638]
 ..., 
 [ 1.21116017  0.39536248  3.15597209 ..., -1.03515634 -1.13143496
   0.24583278]
 [-0.86533175 -0.1611527   0.88099843 ..., -0.00667639  0.22231482
  -0.37396156]
 [-0.56284461  0.62622319 -0.03782356 ...,  1.44304851  0.54427197
   0.29840155]]

###TABLE VII. TABLE VIII###.


*** Oposição:
[1.0, 0.87353197852885511, 0.91222375951309442, 0.60214115003563107, 1.1248694694103247, 0.35120626476547617]

*** Inovação:
[0.0, 1.1203244170610522, 2.4681748980916955, 1.6987188956692445, 2.9963084538158897, 2.5239036985776235]

*** Dialéticas:
[3.1646694927499661, 1.9060122062234086, 1.1546480143922782, 0.8774344202862322, 0.15167382326174114]

*** Dialéticas 2d:
[3.7427504636687869, 1.3745491211566037, 0.48002287067925475, 3.997937886532692, 0.075554629085259936]

*** Dialéticas Todos (8d):
[3.0832871584834032, 1.8407151811546896, 1.2081408709089945, 1.20467598177098, 0.34942944754350824]
dados [[ -1.02055825e+00  -8.97848735e-01  -3.84294020e-01 ...,  -1.27583092e-03
    1.32367533e+00   8.16019003e-01]
 [  5.90833671e-01   6.84789285e-01  -7.89279814e-02 ...,   1.10008183e+00
   -2.06039078e+00   3.56421905e-01]
 [ -1.57770816e+00   4.45708985e-01   1.65136642e+00 ...,   7.74185498e-01
    8.67871686e-01  -4.09293734e-01]
 ..., 
 [ -1.14703529e+00   8.91276408e-01  -1.10699156e-01 ...,   6.30891903e-01
    1.44766513e+00   7.28942358e-02]
 [ -1.74472371e+00   1.71633190e+00  -1.26806561e+00 ...,  -1.98479282e+00
   -1.04698585e+00   6.78817774e-01]
 [  8.01267286e-01  -7.51820308e-01   1.72013551e+00 ...,  -9.86207096e-01
    9.47311510e-02  -4.89596976e-01]]
###TABLE V.### Average and standard deviation of the deviations for each composer and for the 8 eigenvalues.
main_means [3.2135154468273219, 4.1355404397069018, 4.2197288580051397, 5.120620303203621, 3.3707064614202022, 5.5107222263034155, 4.2295901524093935]
main_stds [0.75587456335366598, 0.85744207987244703, 0.8730245916521393, 0.94266133863899904, 0.75200117796579435, 0.94142447956723707, 0.89548735491577103]
eigenvalues means [-0.25911243 -0.09848058  0.005109    0.02978068  0.07479912  0.08021
  0.0835615   0.08413271]
eigenvalues stds [ 0.00647735  0.00345343  0.00243599  0.00228774  0.00255314  0.00279704
  0.00308234  0.00353562]
