*** arquivo_notas: notas_filosofos.txt qtd_aleatorios: 8000000 std: 1.1

*** Dimensões da tabela de notas: (801, 8)

*** Tabela geral de notas:
[[ 3.          3.5         9.         ...,  3.5         5.          4.5       ]
 [ 8.          7.5         7.         ...,  8.          2.5         2.5       ]
 [ 1.5         2.5         9.         ...,  2.5         7.5         7.5       ]
 ..., 
 [ 8.6894785   8.46383015  5.67762511 ...,  6.54675793  1.58631667
   2.36881687]
 [ 6.09222721  4.25497454  2.32133246 ...,  6.85346381  5.38947345
   7.36219954]
 [ 6.96909608  3.41924734  7.66137919 ...,  5.33484721  8.38544192
   6.70860755]]

*** Matriz de covariância:
[[ 1.    0.33 -0.19  0.06  0.09  0.49 -0.3  -0.47]
 [ 0.33  1.   -0.58  0.15  0.09  0.73 -0.62 -0.25]
 [-0.19 -0.58  1.   -0.39  0.46 -0.33  0.34 -0.02]
 [ 0.06  0.15 -0.39  1.   -0.25  0.03  0.18  0.3 ]
 [ 0.09  0.09  0.46 -0.25  1.    0.29 -0.19 -0.25]
 [ 0.49  0.73 -0.33  0.03  0.29  1.   -0.65 -0.45]
 [-0.3  -0.62  0.34  0.18 -0.19 -0.65  1.    0.58]
 [-0.47 -0.25 -0.02  0.3  -0.25 -0.45  0.58  1.  ]]

*** Pearson (igual matriz covar.):
 ###TABLE III. Pearson correlation coefficients between the eight musical characteristics.
['1.0', '0.33', '-0.19', '0.06', '0.09', '0.49', '-0.3', '-0.47']
['0.33', '1.0', '-0.58', '0.15', '0.09', '0.73', '-0.62', '-0.25']
['-0.19', '-0.58', '1.0', '-0.39', '0.46', '-0.33', '0.34', '-0.02']
['0.06', '0.15', '-0.39', '1.0', '-0.25', '0.03', '0.18', '0.3']
['0.09', '0.09', '0.46', '-0.25', '1.0', '0.29', '-0.19', '-0.25']
['0.49', '0.73', '-0.33', '0.03', '0.29', '1.0', '-0.65', '-0.45']
['-0.3', '-0.62', '0.34', '0.18', '-0.19', '-0.65', '1.0', '0.58']
['-0.47', '-0.25', '-0.02', '0.3', '-0.25', '-0.45', '0.58', '1.0']

*** Autovetores (raw):
[[-0.34 -0.03  0.78  0.07  0.41 -0.14 -0.24 -0.17]
 [-0.46  0.21 -0.31  0.16  0.22 -0.61  0.06  0.44]
 [ 0.    0.52  0.26  0.54 -0.59 -0.1   0.04 -0.1 ]
 [ 0.27 -0.56  0.11  0.22 -0.07 -0.54  0.46 -0.23]
 [-0.12 -0.5  -0.19  0.64 -0.04  0.22 -0.47  0.14]
 [ 0.47  0.09  0.29  0.24  0.3   0.2   0.26  0.66]
 [ 0.36  0.34 -0.3   0.33  0.56 -0.06 -0.11 -0.48]
 [-0.49 -0.01 -0.08  0.23  0.17  0.46  0.65 -0.18]]

*** Autovalores (raw):
[ 3.21  1.93  0.89  0.85  0.45  0.26  0.22  0.19]

*** Autovalores prop (raw):
[ 0.4   0.24  0.11  0.11  0.06  0.03  0.03  0.02]

*** Autovalores (var. %) ###TABLE IV### New variances after PCA, in percentages for scores on III.:
[40.0, 24.0, 11.0, 11.0, 6.0, 3.0, 3.0, 2.0]

*** Dados finais:
[[ 0.14542463 -0.29688195  0.08326669 ..., -1.28146777  0.07850908
   0.01823302]
 [ 0.95270931 -0.32906146 -0.01624302 ..., -0.48308191 -1.02420105
   1.54090288]
 [-0.62690681  1.1747073  -1.75669856 ...,  0.92609366  0.16874462
   0.33031652]
 ..., 
 [ 0.58020696 -0.49192256  1.19684147 ..., -0.38059985  0.54682834
   0.98758327]
 [-0.20889572 -1.19422784  0.64988257 ..., -1.97307749  1.69382913
   0.40419285]
 [-0.37778394  2.4014728  -1.70012737 ...,  2.56106044  0.08825804
  -1.08156362]]

*** Componentes principais [T] (todos):
[  1.45424634e-01  -2.96881949e-01   8.32666860e-02  -2.52829159e-02
   3.27294848e-01   3.28033024e-01  -2.30168933e-01   1.30189628e+00
  -3.09412527e-01  -1.99762482e-01   1.90986893e-01  -6.59855689e-02
   4.86180985e-01  -1.33162887e+00  -1.76881343e-01  -4.89435433e-01
  -5.20516695e-01   1.72790329e-01  -1.05560478e+00   6.19647151e-01
   4.56851617e-02  -2.55820582e-01  -3.09117135e-01  -6.99880493e-01
  -1.49310249e-01   9.95848511e-01  -3.00969833e-01   9.13402236e-02
  -3.22245655e-01   6.80136030e-02  -3.77253227e-01  -6.29570853e-01
  -6.27376058e-01   2.32713603e-01   1.05282814e+00  -1.27301786e+00
   6.48039358e-01  -1.21511631e+00   6.64340163e-01  -1.45993154e-01
   3.49576386e-01   9.71182990e-02   1.28498469e-01   3.14650564e-01
   2.02601818e-01   3.18646388e-02   7.29670044e-01  -4.53140738e-01
  -1.80361496e-01   7.80165485e-02  -5.17490879e-02  -4.29765821e-01
  -4.78367687e-01   7.12494973e-01   1.18477950e-01   3.74691779e-01
   2.66571411e-01  -3.91084090e-01  -3.79055659e-01   7.45345208e-01
   9.41534752e-01   8.78683330e-01  -2.42759192e-01  -1.08332764e+00
   9.93142740e-01  -1.53025385e-01  -1.01307787e+00  -5.64385581e-01
   1.71924204e-01   1.11982383e+00  -5.74642620e-01  -5.58788845e-01
   3.81621550e-02   3.44280949e-01  -1.52651340e-01   6.15926169e-01
   4.40461952e-02   3.83647730e-02   5.74063196e-01   7.88184663e-01
  -1.50507317e+00  -4.90814668e-01   8.03897614e-01  -3.17204769e-01
   7.59431751e-01  -1.14708942e-01  -1.00914292e+00  -2.72493654e-01
  -3.26082955e-01   3.00739068e-01  -3.31054888e-01   5.15266389e-01
   7.28735837e-02  -1.18000727e+00   1.81346528e-01   6.80591997e-01
  -3.76033270e-01  -6.43602734e-01   1.00545511e+00  -1.37976599e-01
  -1.37116718e+00  -8.75746847e-02   1.16645991e-01  -3.42038142e-01
   3.10093185e-01   6.74779895e-02  -3.06112479e-01  -3.47198305e-01
   7.36677347e-01   5.57104754e-01  -1.01901467e+00   3.17160932e-01
   4.19534540e-01  -4.44703598e-01  -1.70728347e+00   4.85911114e-02
   8.93088143e-01  -1.09166441e+00  -7.41063976e-01  -5.40416623e-01
   4.01751782e-02  -1.21894985e+00  -1.80773226e-01   4.68333971e-01
  -2.65610225e-01   1.03259657e+00   5.66575493e-01  -4.23172428e-01
   2.46730609e-02   8.99251085e-01  -4.64545594e-01  -8.10342541e-01
   2.23632208e-01  -1.73046535e-01   8.66202292e-01   1.87073392e-01
   8.85349626e-01   6.45396231e-01  -3.12508934e-01  -7.31526445e-01
   1.31372902e-01  -3.56177457e-01   1.80843639e-02  -1.78727846e-01
  -6.77516889e-01   1.05034913e-01   3.41073926e-01  -4.75003580e-01
  -2.29402476e-01   8.20113371e-02   2.19805342e-01   7.15696041e-01
   1.19657703e-02   3.28621064e-01  -2.45514774e-01  -5.41910334e-01
  -6.69078604e-01   2.60763665e-01  -9.59616184e-01   1.42061376e-01
  -5.61513695e-01   1.44281270e-01   6.72073342e-01   7.81784265e-01
  -2.32569996e-01  -4.12683638e-01   8.49067290e-01  -3.20837414e-02
   1.12259164e-01   3.60940551e-01   1.00401055e+00   9.08856690e-01
  -2.98403116e-01  -9.15680295e-02  -9.97265848e-01  -4.20058601e-01
  -7.97825436e-01  -5.64149088e-02   9.51472084e-01  -1.79185986e-02
   3.98376670e-01  -4.86206952e-01   9.39974311e-01   3.25537466e-01
   6.16640409e-01  -2.19945189e-01  -4.96923509e-01   5.24731909e-01
  -3.50732204e-01  -3.04373902e-01  -7.65880564e-01   5.01609632e-01
  -6.56723911e-01  -5.47943526e-01  -1.38634445e-02   1.05171792e-01
  -5.23065224e-01  -2.73701988e-01  -4.08681168e-01  -2.03899717e-01
  -2.39851796e-01  -3.35102622e-01  -1.04090891e+00  -4.61345877e-03
  -2.85458927e-01   1.87789135e-01   8.99279428e-01   1.95472653e-01
  -4.18817810e-01  -8.29934426e-01   6.90909191e-01   3.80172917e-01
  -1.49115563e-01  -2.53931896e-01  -2.56206493e-01   7.99657850e-01
   1.66082451e-01  -6.37442106e-01  -9.88594035e-01  -5.68943577e-01
   6.00231011e-01  -3.79585562e-02  -2.52386563e-01   1.44256501e+00
  -2.65212975e-01  -4.87956613e-01  -2.60716626e-01   4.63702439e-01
   6.67531466e-01  -5.39527006e-01  -7.43028628e-01   4.90763578e-01
  -7.54219659e-01   8.59493216e-02  -3.51076180e-01  -7.23424575e-01
  -1.83049199e-02   5.05931169e-01  -3.65762891e-01   7.64586749e-01
  -3.64385860e-02   7.62356980e-01  -6.68306751e-02  -9.62740656e-01
  -5.76652759e-01  -9.95864492e-02  -1.28364619e+00  -2.45853303e-01
  -1.02188534e+00  -6.39445809e-01   1.20558622e-01  -1.71563428e-01
   1.12247191e+00  -1.08369581e+00   8.72264720e-01  -4.20115751e-01
  -2.11706195e-01  -4.36160607e-01   7.37586604e-01   1.81260183e-01
   1.34546039e-01  -1.58748816e-01  -6.83497693e-01   6.20251165e-01
   7.92503604e-04  -7.79457779e-01  -1.17978824e+00  -3.06982156e-01
  -3.12644488e-01  -8.10838412e-02   2.85230342e-01   8.85973013e-01
   7.08823676e-01  -2.23925380e-01  -1.33270687e-01  -1.16904146e-01
   1.76889282e+00   7.33753794e-02   1.32240565e+00   4.68126699e-01
   9.97103675e-01  -3.22067553e-01  -3.40095202e-01  -3.26294757e-01
   2.11019620e-01  -2.49186715e-01   3.44389687e-01  -4.89990519e-01
   8.45128972e-01   8.59138606e-01  -2.85352686e-01   2.55048218e-01
   4.30928929e-01  -8.24629867e-01  -6.80621099e-01   1.37558698e-01
   6.03775672e-01   1.71392143e-01  -4.29490017e-01  -1.41640229e-01
  -5.37594737e-01   8.12825426e-01   2.90640510e-01   3.43075800e-01
  -2.35677551e-01   1.99123795e-01  -8.00143038e-01   2.79578481e-01
  -8.10958243e-01   4.91516063e-01  -2.54998893e-01   2.69618131e-01
   3.15905504e-01  -5.18991273e-01  -4.82152786e-01  -1.37101701e+00
   7.78764683e-01  -4.10816200e-01  -1.08880526e+00  -3.81819730e-01
  -5.28038342e-01   1.86293724e-01  -6.65739504e-01   9.46101198e-02
   8.65792586e-01  -2.82215376e-01   3.31157331e-01  -1.40848936e-01
   2.73833395e-02   1.10993326e+00  -3.08708312e-01  -6.05187991e-01
   6.56309359e-01  -6.74342545e-01  -3.25804154e-01  -5.27261383e-01
   5.55946338e-01   9.97471726e-01   4.94547668e-01  -4.71026248e-01
  -1.24320945e+00   3.48365419e-01  -2.23225481e-02  -2.54098847e-02
  -6.39832220e-01   4.10262609e-01  -7.02995827e-02  -9.61536084e-01
  -2.21146340e-01   6.89941195e-02  -6.60855287e-01  -5.95860479e-01
   4.79533261e-01   2.43050775e-01   4.81248136e-02  -2.43050140e-02
   1.06779127e-01   5.39117976e-01   4.42721051e-01  -6.80623660e-01
  -4.87380550e-01  -5.28611202e-01   1.19237766e+00   7.15789660e-01
   3.12133765e-01   3.74655614e-01   2.40664472e-01   4.58696763e-01
  -1.06510053e-01   7.92759176e-02   3.69381326e-01   1.03619191e-01
   5.23053676e-01   4.74526364e-01   1.54138460e-01  -1.49841283e-01
  -3.15293669e-01   1.36863326e+00   1.15149499e-01   6.66321105e-01
  -3.76770021e-01  -6.23121501e-01  -6.83664631e-01  -7.35306433e-02
  -7.89561265e-01  -1.12868091e-01  -4.34345999e-01   1.82041438e-01
  -1.88670984e-01  -5.58602832e-01  -1.53481139e-01   1.00453689e+00
  -2.47657224e-02  -5.96837966e-01  -2.74581519e-01   8.01223441e-01
   2.21168119e-01   7.39660932e-02  -5.83152130e-01   9.53340850e-01
  -1.67840343e-01  -4.03079045e-01  -7.27981226e-01   1.71314766e-02
   6.92230158e-01   4.78727664e-01  -3.91658822e-01   7.98954446e-01
  -2.80281860e-01   4.34765120e-01   8.19422817e-01   1.18039354e-02
  -4.60348146e-01   7.37591715e-02   9.83494361e-01   2.04486258e-01
   2.68702850e-01   1.01235647e+00  -5.66738296e-01  -5.76374595e-02
  -2.25761515e-01   2.67065408e-01   1.22205399e+00  -4.86433520e-01
  -7.77176911e-01  -1.13169931e+00  -4.40721215e-01   2.74331977e-01
   4.21751038e-02  -5.14831806e-01   2.08978882e-01  -5.79074759e-01
  -1.71202811e+00  -1.02304997e+00   5.51270415e-01  -5.71662208e-02
  -4.79673278e-01   2.10210141e-01  -6.95753031e-01  -3.56649566e-01
  -9.42338268e-01   6.93870680e-01  -1.10176143e+00  -2.47419476e-01
   5.38682767e-02   6.03348233e-02  -7.63640105e-02   5.61560204e-01
  -1.93427499e-01   1.15239240e-02  -2.64690625e-01  -3.96791366e-01
  -4.88963082e-01  -3.00364558e-01   2.79529682e-01   8.94442575e-01
   4.46713010e-01  -1.57885298e-01  -5.10258175e-01   1.02684153e-01
  -6.30566848e-01   2.24411145e-01   6.37519029e-01  -3.49560186e-01
   1.17072972e+00  -6.47066690e-01   4.91360327e-01  -1.26860318e+00
   1.83178421e-01   1.82419200e-02   1.29108778e-01  -1.36327460e-01
   3.47085403e-01   4.28705862e-02  -3.48689868e-02   2.65661474e-01
  -7.26090636e-01  -6.18946096e-02   1.09444911e+00   4.06662252e-01
  -2.44553017e-02   9.18768930e-01   8.81526875e-01  -4.66284017e-01
  -5.47694308e-01   6.11982579e-02  -6.60303225e-01   1.21451723e-01
  -1.03821505e-01   2.70985631e-01   5.47787098e-01   6.55075777e-01
  -3.69372614e-01   1.43811299e+00   9.20749986e-01  -3.58562555e-01
   1.39298605e+00   1.18971036e+00  -2.20302966e-01  -2.51118308e-01
  -2.74222877e-01  -7.85225719e-02   3.39203298e-01  -2.92130350e-01
   5.81623542e-01   9.02819376e-01   4.60401597e-02   3.74064396e-01
  -1.88133969e-01   8.51257059e-01   9.51252109e-01  -3.25920889e-01
   7.55989647e-01   5.38308470e-02  -5.60758600e-01  -1.49985076e+00
   5.23583276e-01  -1.14355818e-01   5.07306747e-01   3.88645567e-02
   1.14865615e+00  -4.21819675e-01   3.48654254e-01  -1.25860123e-01
  -1.27755347e-01  -8.98111479e-01   5.23792769e-01  -6.21458007e-01
   1.00427353e-01  -1.69022621e-01   2.87399198e-01  -3.69929284e-01
   8.73199889e-01   6.36769909e-02   3.39758118e-01   9.28435730e-01
   1.39827918e-01  -4.16017454e-01  -5.46507807e-02   5.08920527e-01
   1.01526137e-01  -5.10271638e-01  -1.48771297e-01  -2.52708317e-01
  -1.73633846e-01  -2.42316203e-01   4.24654624e-01  -3.82321963e-01
  -6.00909466e-01   4.81806288e-01  -4.86931768e-01  -4.50175052e-01
  -6.33711156e-01   8.08772774e-01  -5.43919988e-01   2.79317880e-01
   3.18237666e-01   3.63095242e-01  -5.54476430e-01  -6.80409652e-01
  -1.61740412e-01  -1.10396607e+00  -6.15986383e-01  -5.18259457e-01
   5.48574802e-01  -6.55776243e-01  -4.31079609e-02  -3.50298705e-01
   4.59601880e-01  -4.38749252e-01  -6.65458149e-02  -3.32409921e-01
   1.99964183e-02   6.30400310e-01   1.11171085e+00  -1.67152684e-01
   6.86344043e-01   4.11540100e-01   1.42190748e-01  -3.27873386e-01
   6.16591269e-01  -1.64692541e+00  -9.57833159e-02   7.97984716e-01
  -6.50122187e-02  -4.23195638e-01   6.50120076e-01   6.92232663e-02
   2.87841189e-01   6.93482821e-02   7.62065330e-01   1.49527663e-01
  -3.11009019e-01  -3.08479885e-01  -1.56674046e-01  -2.09655509e-01
   1.27456259e-01   3.42641364e-01  -7.04385650e-01   6.98751055e-01
   1.33796813e+00  -6.88370925e-02  -1.39188836e-01   1.20118853e-01
   5.30730972e-01   7.16957774e-01  -9.70434999e-01   4.35135920e-01
   4.02883809e-01   5.22500684e-01  -7.28972339e-01  -6.15419948e-01
  -5.45126930e-02   4.49320896e-02  -7.41383161e-01  -5.37651190e-01
  -3.44277264e-01  -4.30609448e-03  -4.05883940e-02  -2.49197126e-01
   3.20322457e-01   8.16757292e-01   3.29509794e-01  -2.70131860e-01
   7.66336411e-01   1.27175208e+00   2.15772368e-01  -9.16341727e-01
  -4.77397606e-01  -2.29693885e-01  -1.02932474e+00   1.67001454e-01
   2.01867119e-01   5.34484789e-01  -6.16660754e-01  -1.07903425e+00
  -4.10006797e-01   4.19748842e-01   3.72078950e-01  -7.22625977e-01
  -1.28080907e-01   6.35428529e-02   6.06000940e-01   3.15578379e-01
  -2.19547109e-01   3.08572978e-01   4.89708678e-01  -1.78451339e-01
   1.54024080e-01  -3.51833754e-01  -5.39660220e-01  -1.71462931e-01
  -1.14507171e-01  -3.91362467e-01   7.35496436e-01   4.76122841e-01
  -3.19681616e-01  -5.47480411e-01   6.84714294e-01   5.62332520e-01
   5.54391636e-02   9.60734564e-01  -1.95810607e-01  -7.78632126e-01
   3.85813116e-01  -1.53735924e-01   6.45916174e-02   1.31871408e+00
   8.20745903e-01   3.97611882e-01   4.45803760e-01  -5.07766910e-01
  -1.16870752e-01   5.20636446e-01   2.37123213e-02  -1.60306592e-01
  -5.25942733e-01  -5.84197060e-01  -6.64154863e-01  -2.82638768e-01
  -1.16973584e-01  -3.37072343e-01  -2.23207923e-01  -6.67996150e-02
   8.73144037e-01  -1.51619557e-01  -9.91307353e-01  -1.93272094e-01
   4.24193031e-01  -8.86755221e-01  -1.73634885e-01  -1.78861008e-01
   4.45446026e-01   1.47533381e-01  -4.16688958e-02   5.16573450e-01
  -2.20192718e-01  -9.59517050e-01  -2.38651093e-01   1.03213422e-01
   4.49542074e-01   5.34426942e-02  -2.97721532e-01   8.87160573e-01
   3.99387876e-02  -6.22159869e-01  -4.52196137e-01   2.99755371e-01
   3.51581545e-01  -2.41375153e-01  -8.28326903e-02   8.34637680e-01
   2.58767244e-01  -6.29236353e-01   2.65831236e-01   6.03204316e-01
   5.50969431e-01   6.64869725e-02  -4.99868446e-01  -2.37364635e-01
  -7.46619994e-01   1.14200844e+00   7.97105348e-01   1.79437995e-01
  -1.38365489e-01  -2.39002485e-02   2.99143650e-02   8.16668856e-02
  -8.20121043e-02   9.06457981e-02  -1.43703120e+00  -3.68474353e-01
   3.30977115e-01   6.18932531e-01   7.47916898e-01   6.13510986e-01
   5.79019424e-01   6.06127776e-01  -3.33474626e-01  -4.62241578e-01
   5.86218205e-01  -1.98294464e-01  -8.34283772e-01  -6.89394443e-01
  -6.96709069e-02  -1.19328375e-01   2.16627704e-01  -7.62805767e-01
  -2.62090683e-01   8.01310740e-01   1.76826248e-01  -7.61382482e-01
  -1.00515843e+00  -1.87848352e-02   9.05945951e-02  -2.23268202e-01
  -4.10029772e-01   3.87132000e-01   7.32346661e-01   1.36859143e-01
  -3.40987415e-01   7.97756154e-01   7.99997453e-01  -8.73446686e-01
   4.47153799e-01   8.61013658e-01   2.53104295e-02   9.28091888e-01
   1.12903138e+00  -4.16305747e-02  -2.74087417e-02   5.68106114e-02
   3.64049822e-02  -4.15179597e-01  -3.07313410e-01  -1.22548126e-02
  -1.85630992e-01  -1.27171800e-01   1.42831532e+00   3.20470499e-02
   4.17990013e-01  -3.77606980e-01  -2.88879479e-01  -9.96046576e-02
   1.63276577e-01   1.37637392e-01   7.53077758e-01   1.35853277e+00
   7.01003264e-02  -3.29808837e-01   5.77406387e-01   1.68598785e-01
  -2.79688344e-01   2.78447433e-01   1.60324505e-01  -5.61133206e-01
   2.44918359e-02   1.57056113e+00  -1.28146777e+00   7.85090797e-02
   1.82330188e-02] [  9.52709314e-01  -3.29061462e-01  -1.62430173e-02  -8.48076949e-01
   4.98620911e-01  -2.40468602e+00  -9.64003409e-01   4.26911537e-01
  -8.47535404e-01   2.62202099e-01  -5.75436408e-01   1.62029668e+00
  -3.89167678e-01  -2.45598359e-01  -5.78990207e-01   1.06909738e-01
   1.04401285e+00  -9.58463893e-02   1.75246016e-01   5.46409750e-01
   9.34585264e-01  -7.30370092e-01  -3.44240735e-02   8.09159506e-01
  -1.55206672e-01  -6.37742759e-01  -2.32527097e-01  -4.50507546e-01
  -1.08439841e-01   1.55730466e-01  -1.13403206e+00  -3.84377832e-01
  -2.06063102e-01   1.72903354e-01   3.78259174e-01   1.32664752e-01
   6.65839054e-01  -7.39008148e-01  -5.84768481e-01   7.53092966e-01
   6.32156198e-01   1.15799873e-01   3.26939509e-01   7.50927269e-01
  -6.10198039e-01  -1.50692203e-02  -3.24661499e-01   1.93589658e-01
   4.11133169e-01   1.10126049e+00  -9.26668461e-01  -4.36622803e-01
   2.57035469e-01  -1.09640225e+00  -2.29160836e-01  -3.27446587e-01
  -6.38759015e-01   3.74391970e-01  -4.22487265e-01   2.05089746e-01
  -3.35306241e-01   3.34695325e-01   1.17933036e+00  -6.97727233e-01
   5.77010400e-01   1.36560539e-01  -1.00628874e+00   3.62964947e-02
  -1.37289568e+00   3.50488381e-01  -1.58340753e+00   3.52817369e-01
   3.09427032e-01   3.90019006e-01  -8.34853021e-01  -8.79483391e-01
   3.61088712e-01  -1.13589425e+00   6.25544766e-01  -7.35172543e-01
  -4.16110261e-01   4.63781539e-01  -1.10923820e-01  -1.51574198e+00
  -6.25665417e-01   4.84321166e-01   4.29126015e-01  -9.05843716e-01
   9.06609207e-01   1.35909501e+00  -8.28404469e-01  -3.86675443e-01
   1.65514865e-01   3.24768078e-01   5.78846428e-01  -2.21147386e-01
  -1.71194059e+00   8.98430889e-01   1.37193194e+00   7.43519957e-01
  -6.40292198e-01  -7.52569575e-01  -1.55071056e-02  -1.32561151e+00
   7.04333206e-01   9.69652845e-01  -8.97365922e-02  -3.90002225e-01
   5.81656348e-01  -1.48981086e-01  -1.27686366e-02  -1.49964844e+00
  -5.33952004e-01  -1.15071034e+00  -1.01454684e+00   4.32032620e-01
   1.95120097e-01   1.28097580e-01  -2.92556301e-01  -4.43898747e-01
  -1.75217572e-02  -7.38507624e-01  -4.06771441e-01   1.21001086e+00
  -6.71319415e-01   3.39786086e-01   1.02873798e+00  -1.11975872e+00
   9.69287609e-01   3.56745334e-01  -1.17074743e+00  -9.84634642e-01
   1.29213956e-01   3.78588038e-01  -9.78965489e-01   6.04826979e-01
  -2.62407538e-01   8.16780778e-01  -4.96674530e-01   1.84464775e-01
   7.01670350e-01   2.47798294e-01   1.28743117e+00  -1.01475162e+00
   6.87249129e-01   7.10218033e-01  -7.49530627e-01   3.15646969e-01
  -1.01610982e+00   4.80701623e-01  -6.78526305e-01  -5.87767927e-01
   1.59093300e+00  -8.07275886e-01   3.39103652e-01   5.71638632e-01
  -1.28723423e+00  -1.12265055e+00  -7.88519501e-01  -1.02155341e+00
  -8.19302690e-01   2.19084711e-01  -9.66550862e-01  -9.19643443e-03
   1.27434132e+00   7.53019276e-02   2.09475507e+00   6.07810580e-01
   1.50727006e+00   7.67398812e-01  -2.99507328e-01  -6.27520430e-01
  -3.29585520e-01   4.41119716e-01  -3.92069452e-01  -1.28979822e+00
   6.90078379e-01   5.74738904e-01   1.45280275e-01  -1.03838767e+00
   2.80195676e-01  -7.25972294e-01   7.12331889e-01  -2.57243934e-01
   3.40050452e-01  -2.47241192e-01  -1.12999426e+00  -2.13829050e-01
  -1.00296328e+00  -1.48527832e+00  -5.85597581e-01   3.51923157e-01
   1.81278004e-01  -1.16248385e+00   2.80003705e-01  -5.59346321e-01
  -5.53695026e-01  -1.18506894e+00  -1.26040025e+00  -2.11769454e-01
  -3.76078866e-01  -8.93006189e-02  -1.41418718e+00   4.12160257e-01
   5.06364549e-01  -3.29668039e-01   1.38746085e-01  -9.75002660e-01
   3.93443394e-01  -9.94030272e-02   5.50510573e-01  -1.60152384e+00
  -3.72387349e-01  -1.27858994e-01   4.17150121e-01   7.98646122e-01
   3.21192854e-01   6.86344233e-01   1.33451549e+00  -8.57832309e-01
   6.92414305e-02   1.14150971e+00  -8.09761192e-01   9.98726680e-01
   9.33619327e-04  -5.33744365e-01  -5.23774786e-01   2.58967832e-01
   8.01873851e-01   1.09297813e+00  -1.67667089e-01   5.53322190e-01
  -1.92586496e-01   6.40535169e-02  -5.62479729e-01  -5.08941517e-01
   1.26990893e-01  -9.72178064e-01  -3.59438344e-01  -9.66067642e-01
   9.11180210e-01   2.18440276e-01  -3.22125369e-01  -6.09974180e-01
   9.23243768e-01   8.00602845e-02  -3.55300240e-01  -7.53496982e-02
  -3.56841920e-01  -2.02948333e-01  -6.55655252e-01  -5.86032738e-01
  -1.82199324e-01  -7.34286862e-01   1.00487383e+00   4.43717341e-01
  -5.90548855e-01  -3.96191922e-01  -9.22507495e-02   3.37829870e-01
  -4.29181427e-02   5.42914974e-01  -5.77765471e-02   2.12863446e-02
  -8.84512829e-02   1.03813692e+00  -2.32907825e-01   5.52989056e-01
   1.16746018e+00   8.10054668e-01  -7.33775800e-01   4.95482122e-02
   6.35992653e-01  -8.71939509e-01   1.39115825e+00   1.20641489e+00
  -3.81195299e-01  -5.96235419e-01   6.39729013e-01   5.19747925e-01
  -3.08486850e-01  -1.09861742e+00  -1.24420361e+00  -8.75338532e-01
  -1.38650784e+00  -1.09429469e+00  -1.10399898e+00   1.37858665e-01
   1.34123551e+00  -4.19094042e-02  -1.82326780e-01   1.11150386e+00
  -9.04223036e-01   6.18266267e-01  -9.41043071e-01   6.86962842e-01
   1.28806557e-01   1.03937863e+00   1.80071324e+00  -7.56873457e-01
   1.64767851e+00   3.12270142e-01   4.78133112e-01   1.08062700e+00
   6.44957144e-01  -6.76312631e-01   4.41220091e-01   3.85272879e-01
  -4.03966947e-01  -1.10426157e+00  -1.19611876e+00   1.04363104e+00
   4.98615587e-02   1.66783022e-01   1.34201937e+00  -4.36007740e-01
  -3.32239243e-02   5.11154976e-01  -1.07843603e-01  -7.12355917e-01
   1.89334553e-01   6.62902968e-02   7.88172913e-01   1.67240431e-01
  -7.84954411e-01   7.64147748e-03   7.38558208e-01   5.24691374e-01
   1.44841836e+00   1.23026688e+00  -3.31009893e-01   1.36063175e+00
  -1.12818062e+00  -2.63512800e-01   7.65655626e-01  -4.52069769e-01
   2.51098212e-01   1.39021183e+00   3.46293287e-01  -6.94971822e-01
  -4.67909046e-01   5.48508560e-01  -1.12974530e+00   8.97381544e-01
  -4.39714960e-01   5.26935264e-01   9.74673609e-01  -7.68302920e-02
  -3.25776722e-01   8.21470711e-01  -9.39938763e-01   7.32966931e-01
   1.51112514e+00   4.57813524e-01   3.08176879e-01   1.68685298e+00
   1.02666648e+00  -4.71606761e-02   9.53601382e-01   1.15184645e+00
  -3.94960654e-01  -3.16008531e-01   5.75466991e-01  -3.63804000e-01
  -3.55083504e-02  -1.75679531e-01  -6.61686552e-02   2.96010913e-01
  -4.87517219e-03   4.98826038e-01   2.63005860e-01   1.38452813e+00
   4.84695658e-01   9.79608237e-01  -5.23095078e-01  -1.30548769e+00
  -4.73040042e-01   1.64028597e-01   3.88284336e-01  -7.39792030e-01
   1.02089359e+00  -1.00543792e+00  -5.57766621e-03   1.29254845e+00
  -8.58936261e-01  -9.58449895e-02   3.47843790e-01  -1.97945925e-01
   1.38302758e+00  -7.11402645e-01   9.35105438e-02  -3.12786101e-01
   7.70887317e-01  -6.99388188e-01   1.49384127e+00  -1.57371428e+00
  -1.17167840e+00   9.91671326e-01   4.84097920e-01   1.41352839e-01
   1.16434966e+00  -1.31525889e+00   1.29313020e-01  -3.11609417e-01
   5.11349104e-01  -1.40250581e-01  -7.58113116e-01  -1.37167954e+00
  -9.04326080e-01  -1.60505292e-01   3.56466724e-01   5.51778430e-01
   8.70685468e-01   1.64120236e-01   3.99491446e-01   2.21485343e-01
  -1.16661398e+00   1.21422121e+00  -4.37320180e-01  -6.86582461e-02
   2.24951705e+00  -3.62826484e-01  -2.13798263e-01  -1.59084478e-01
   3.20478503e-01  -7.79166055e-01  -1.90930401e-01   1.01746951e+00
  -2.71370414e-01   8.00484088e-01  -1.13814769e+00   1.74322078e-01
   1.32791737e-01   4.40222139e-01   9.29140071e-01   2.79018891e-01
  -4.02919580e-01   8.69665281e-01   5.16493172e-01  -2.77265133e-01
   2.15972117e-02   1.03353693e-01  -3.44859072e-02  -1.87459342e-01
   8.88555816e-01   9.38071901e-01   2.74313495e-01  -1.47157479e+00
   5.38201338e-01  -7.35173788e-02  -1.41420304e+00  -8.93610233e-01
  -7.86079433e-01   1.86197688e-01  -1.44244221e+00   1.00280731e+00
   6.45340241e-01  -2.06656351e+00  -7.76683368e-01  -5.48229854e-01
  -9.26113750e-01   1.24179899e+00   1.01371377e+00  -5.35173285e-01
  -7.38512122e-01   1.75067576e-01   1.00867400e+00   5.47725922e-01
  -5.08731619e-02   8.16398923e-01  -1.19261567e+00   7.29982394e-03
   9.23076383e-01   1.22487895e+00  -5.60722272e-01   4.15203706e-01
   2.86159014e-01  -1.19453180e+00   3.68163302e-01   7.24276499e-02
  -8.65589548e-01  -3.20539866e-01  -1.15638252e+00   9.00908249e-01
   2.93401322e-01   6.09980372e-01   7.15329179e-01   5.18038118e-01
   1.11770308e+00   1.42893264e+00  -3.20564017e-01   4.47003867e-01
   8.44548537e-01  -9.65290317e-01   9.70479955e-01  -1.70624888e+00
   4.80873747e-01  -8.10870699e-01   9.08090730e-01   5.51805994e-01
   2.62446847e-01  -8.70163978e-01   1.20377591e+00  -3.38147158e-01
  -1.53600162e+00   1.05753063e+00   2.14634582e+00  -1.61542042e+00
   3.44882211e-01  -3.66032081e-01   3.76279374e-02  -5.47293353e-01
   1.99684847e-01   2.95440148e-01  -2.61010549e-01  -7.05272251e-01
   4.23259803e-01  -1.49796348e-01   2.35002602e-01  -2.06120643e+00
   8.43212579e-02   1.19028171e+00  -3.41500333e-01  -1.09387254e+00
  -2.04508093e-01   1.21175837e-02  -7.31643143e-01  -1.08956103e+00
   1.50288424e+00  -4.04628231e-01   1.55713794e-02  -1.26251271e-02
   8.98449069e-01  -3.09955426e-01   8.17070432e-01   2.47191469e-01
   4.83485108e-01  -5.39078920e-01  -5.84992069e-01  -4.93813823e-01
   6.16675673e-02  -1.71621303e-01   7.48867195e-01  -6.64159332e-01
   1.57024869e-01  -8.27081060e-01  -2.60265121e-01  -1.18637246e+00
   2.88786640e-02   1.11193463e+00   1.23214612e-01  -1.07745761e+00
  -1.30407605e+00  -1.98940728e-01   4.08402690e-01   8.45351274e-01
  -1.23201784e-01   2.33165800e-01   7.67592579e-01  -7.87890415e-01
  -4.65687543e-01  -1.05743768e+00  -2.75118884e-01   1.06524229e-01
  -6.67503674e-01   5.72032039e-01   5.16913786e-01  -5.02948319e-01
  -8.79687515e-01  -2.74258572e-01   1.01013925e+00   9.96553487e-01
  -1.67025481e+00   4.25626309e-01   7.44358522e-01  -2.01358829e+00
  -3.62974654e-01   6.06261461e-01  -1.48832909e-02   9.76030277e-01
  -1.01832896e+00  -5.85624885e-02   9.02551278e-01   1.11938473e+00
  -1.24463413e+00  -1.06613107e-01   2.50901269e-01   1.64737477e-01
   2.25168830e-01   1.60921487e-01   3.32917280e-01   2.18868532e-01
  -1.94516229e+00   4.39184691e-01  -1.23145540e+00  -2.40739651e+00
   1.38261019e-01   2.24235145e-01   1.57134016e+00   5.83021099e-01
  -2.35734177e-01   7.72007210e-01   5.32958968e-01  -1.26405947e-01
  -1.57742956e+00   7.31478530e-01   1.49129673e+00  -2.55249218e-01
  -1.57774412e+00   4.05870803e-01  -7.23201426e-01  -2.37571406e-02
  -1.23841596e+00  -6.71379772e-01  -1.24019800e+00   2.44886956e-02
   2.97898246e-02  -7.14452534e-02   1.10435201e+00   6.04142663e-02
  -1.19023634e+00  -2.88739633e-01  -4.32323792e-02  -1.72817048e-01
  -5.92241416e-01  -1.61360757e-01   1.53244885e+00   3.80100911e-01
  -1.23252192e+00   2.35170500e-01  -7.42281164e-01  -1.43932733e-01
   1.17078953e+00  -1.91701293e+00  -1.13739687e+00  -4.89265771e-02
  -1.59234419e-01  -8.31237932e-01  -1.92396191e-01  -4.11102129e-01
  -1.26599134e-02  -5.43908348e-01  -5.11469778e-01  -7.20071775e-01
   5.70517505e-01   6.96259479e-01   2.36861527e-01  -1.18983056e+00
   1.36216366e+00  -8.03284528e-01   7.12184251e-01   3.83403663e-01
   5.85565942e-01  -5.00867535e-01  -9.33394880e-03  -1.06709199e+00
   6.28284043e-01  -1.39231267e+00   4.43823055e-01  -9.91970898e-01
   1.43296358e+00   7.30237383e-02   4.26558312e-01  -2.12575125e-01
  -1.78050649e+00  -1.03560148e-01   2.42907166e-01   5.65691980e-01
  -4.71886940e-01   5.10150267e-02   5.45830118e-01  -6.66666712e-02
  -8.43973175e-02  -1.76248409e+00  -3.38122464e-01   4.05228393e-01
  -2.84919639e-01   1.78139609e+00   7.33943654e-01  -3.38028891e-01
   2.80750675e-01  -6.17165754e-01   5.90690400e-01  -8.34150239e-02
  -5.61116663e-01   1.23001322e+00  -6.98369430e-01   1.02135279e-01
  -2.46549231e-01   6.36690443e-01   7.66549879e-01   2.06551188e-01
   7.70620607e-01   3.89165570e-02   1.14207321e-01   6.45332376e-01
   1.28362888e+00  -1.19875187e-01   1.64394439e+00  -6.27167326e-02
   1.59454738e+00  -6.00701005e-01   4.68333032e-01  -3.85896581e-01
  -1.07629994e+00  -1.25120579e-01   5.14989449e-01   1.37251677e-01
   1.00040085e+00   1.66526858e+00  -5.93082771e-01   1.11856781e+00
  -1.88813257e+00  -4.13089973e-01   1.02423707e+00   1.60990259e+00
   4.94233803e-02  -3.99814972e-01   4.15460244e-01   8.26149204e-01
   1.07211964e+00   1.00173537e+00   7.61163336e-01   2.00779307e-01
   4.30696535e-01   4.34625100e-01   1.34994628e+00   3.24400281e-01
  -4.58258679e-01  -4.97359865e-01   6.32887466e-01   3.17756458e-01
  -5.87883028e-02   8.65441182e-01  -4.63743561e-01   3.29955768e-01
   5.62202818e-01  -1.56454421e+00  -3.69982012e-01  -1.35462377e+00
  -9.89839333e-01  -5.61280802e-01   4.74357573e-01  -6.46899589e-01
   5.00471865e-01   8.13499553e-01  -1.42138840e+00   1.92174602e-01
  -9.34255657e-02  -1.68847393e-01   5.33858106e-01   7.92038304e-02
  -9.37882278e-01   4.66267785e-01   3.57284672e-01  -1.38821719e+00
   5.20036822e-01   8.73208540e-01   6.05991539e-02  -2.71077173e-01
   9.71714522e-01   1.37477387e+00   3.57620836e-01   2.13782524e-01
   9.53949797e-01   8.38732857e-01   4.00149482e-01   4.47647424e-01
   1.36918612e+00  -4.18644404e-01  -1.48759871e+00  -6.61675380e-01
  -1.42710231e+00   8.52860090e-01  -4.36024278e-02  -1.83749421e+00
  -1.07245115e+00   1.00526273e+00   5.40361007e-01   2.36459211e-01
  -7.08438514e-02   8.04363569e-01  -7.60106018e-01   2.43161625e-01
   4.57096707e-01  -9.69166708e-01   3.20078330e-01   2.14256417e-01
   7.54699652e-02  -7.37326096e-02  -1.02696862e+00  -4.46325645e-01
   1.54149495e+00  -8.52085241e-01   1.76029957e-01  -1.18066472e+00
   7.52545352e-01   1.10159124e+00  -4.83081909e-01  -1.02420105e+00
   1.54090288e+00] [ -6.26906812e-01   1.17470730e+00  -1.75669856e+00   1.34998217e+00
   5.17434683e-01   1.01120362e+00  -4.45947867e-01   5.28089788e-01
   7.40121804e-01   1.87478409e-01   3.59930766e-01  -7.42462452e-01
  -1.98416916e+00  -9.34940652e-01   1.02774727e+00   7.55342934e-01
  -7.08276267e-03  -1.70123440e+00  -1.75231183e+00   4.57338350e-01
   6.38958419e-01   1.15439151e+00  -5.36841692e-01   2.99549607e-01
  -1.33582284e+00  -1.25853482e+00  -1.17205751e+00  -9.00672301e-02
   1.25623285e+00   1.47909966e-01   8.50560776e-01  -7.80924109e-01
  -4.70497780e-01   6.47892596e-01   5.41248630e-01  -8.81676957e-01
  -1.61088090e+00   2.44089316e-01  -6.67856550e-01  -1.86734190e+00
   5.16071382e-01   5.72671250e-01  -2.13481241e-01   8.49560254e-01
   1.42590393e+00  -1.58935196e+00   1.17339694e+00  -1.24574730e+00
   1.27079436e+00  -1.25206381e+00  -1.96216435e+00   2.00565742e+00
   9.58121543e-01   4.04072831e-01   1.06408843e+00   1.22077239e-01
   1.17173371e+00   1.20487793e+00   9.65391382e-01  -1.00434138e+00
   1.02290941e+00  -4.66983605e-01  -6.97230580e-01   8.41295108e-01
  -3.74887606e-01  -2.35724544e-01  -6.46428202e-01  -7.55868487e-01
  -1.09235453e+00   9.69387530e-03  -4.87342336e-01   1.15506256e+00
  -1.51833100e+00  -7.22880292e-01  -3.96170343e-01  -1.04052152e+00
   1.58855314e-01   1.60024871e+00  -7.99242263e-02  -1.39452339e+00
   4.74461385e-01   1.11747921e+00  -1.90167169e-01  -1.83852769e-01
   2.27583880e-01   4.49512830e-01   5.19473247e-01  -1.75240118e+00
   3.09717977e-01  -5.05289953e-01   3.97077807e-01  -4.90407527e-01
  -9.94474287e-01  -3.42292585e-01  -6.46216766e-01   3.71886411e-01
  -7.59032545e-01   1.26480390e-01   8.67470072e-01  -4.32677544e-01
  -3.57371504e-01   1.32144633e+00   1.11414443e+00   1.67890830e+00
   4.32884634e-01   5.70103253e-02   5.16946417e-01  -3.06646424e-01
   5.79115311e-01   5.68776851e-01   9.60519702e-01  -1.98894780e-01
  -1.27184563e-01  -2.90753445e-01   4.08925686e-01  -2.21592071e-01
  -1.24596020e+00   3.67629546e-01  -2.01161524e+00   9.76791572e-01
   1.52354006e-01   1.20434717e+00  -8.08150316e-01  -1.05579375e+00
   1.09628944e+00   7.34718018e-01  -7.24643365e-01  -1.07566002e+00
  -7.02764106e-01  -1.65040418e+00  -5.83613236e-01   7.82397046e-02
  -1.73419726e+00   3.45913278e-02  -6.96502883e-01  -1.05717020e+00
   4.48951437e-01  -3.16010336e-01  -5.46080143e-02  -5.42547099e-01
  -1.89313198e+00   6.33695908e-01  -1.21551084e+00   5.39196352e-01
  -2.20460558e+00  -3.80641192e-01   1.81759465e+00  -9.14526161e-02
   4.12508337e-01  -6.84331386e-01   6.32876496e-01   2.63453780e-01
   1.07621904e-01  -7.56479273e-01  -1.85127379e+00  -5.40759648e-01
  -4.51128339e-01  -3.99164188e-01  -6.32244305e-01   6.55986525e-01
  -1.47559390e-01   2.36511949e-01   7.93940723e-01   1.72255874e-01
  -7.27900989e-01   8.69738697e-01   3.90992554e-02   3.39736956e-01
  -4.98078160e-01  -1.70746799e-01  -1.43019117e+00   3.02093756e-01
  -2.01527768e-01   3.63692815e-02   1.36149153e+00  -7.37231565e-01
   8.60515499e-01   1.24508927e+00  -1.87244348e+00  -7.66274900e-01
   2.56931260e-01  -2.80460229e-01   8.06977416e-01  -1.76915265e+00
  -1.29739183e+00   1.73654770e-01   7.83025248e-01  -7.76135733e-01
  -2.10440605e-01   3.28292922e-01  -2.47261717e-01  -2.60054279e-02
   1.20172892e-01  -1.45407386e+00  -1.22486364e+00  -1.68143187e+00
  -7.85859877e-01  -1.95968951e-01   7.15169351e-01   1.16177371e+00
  -2.41139364e-02   8.60176172e-01   1.17778182e+00  -6.76952610e-01
   1.72257025e-01   1.73673906e+00   4.09198769e-01   1.52311565e+00
  -8.30724223e-01   1.35538727e+00   1.65460302e-01   1.26762080e+00
  -2.00106215e-01   6.62439897e-01  -1.84270440e+00   2.56185462e-01
  -3.08085940e-02   1.39156215e+00  -7.14497156e-01  -1.70564775e-02
   4.43165986e-01  -3.90621503e-01  -4.90939334e-02  -2.88111672e-01
   1.44060762e+00  -3.77846840e-01   1.33935291e+00  -1.60102905e-01
  -6.36273673e-01  -8.29108028e-01   9.40248422e-01  -1.67203961e+00
   9.84182220e-01  -6.96678053e-01   8.45596768e-01   3.96537065e-01
  -9.84248472e-01   1.30396500e+00   1.08145137e+00   5.28152853e-01
   1.16661622e+00   1.13032078e+00   8.28430422e-01   1.30706232e+00
  -3.77642920e-01   1.60618157e+00   1.16964994e+00  -1.55079800e+00
  -5.43643010e-01   7.97850193e-01   5.78643662e-01  -9.24592786e-01
   8.49814600e-01  -5.24017203e-01  -1.03827355e+00  -2.17971803e+00
   9.05022883e-01   1.16371923e+00  -1.17284994e+00  -1.66528054e+00
  -1.56679864e+00   6.58858236e-01   1.37876026e+00   1.14875596e+00
   1.11863939e+00   1.40137030e+00   7.43621000e-01  -9.37539454e-02
   8.78091543e-01   8.87828734e-01  -1.15404699e+00   4.70962858e-01
  -1.07616673e+00   1.17809954e+00  -5.74411007e-01   2.06498936e-01
   9.41091677e-01   8.78322186e-01   4.08343826e-02   5.79010931e-01
   8.18099150e-01  -1.28758176e-01   5.13639785e-01  -1.08936507e+00
   1.15052943e+00  -1.88489732e+00   3.78098961e-01   9.78155425e-01
  -9.39449524e-01   1.01641993e+00   3.22009715e-01  -4.44283263e-01
  -3.72708562e-01   6.44491877e-01  -9.94825532e-01   3.03413724e-02
   3.82307579e-01  -6.04564063e-02  -5.95032330e-01   1.49966574e+00
   1.99314959e-01  -3.03815160e-01  -4.95650946e-01  -7.01929972e-01
  -1.19633307e-02   3.71363135e-01  -1.80678494e+00  -5.66050523e-01
   1.20526799e+00  -5.34016319e-01   6.23419706e-01   6.82038355e-01
  -5.84467607e-01   8.75449409e-01   3.82381785e-01   1.04206446e+00
   7.67615112e-01  -1.46224564e+00   8.47611383e-01   1.30187049e+00
  -3.12051321e-01  -1.82361434e+00   1.19901652e-01   2.84179984e-01
   6.71373711e-01  -5.35756471e-01   8.39887402e-01   1.47647196e+00
  -1.29723818e+00   1.11612277e+00  -5.58679334e-01  -5.55509664e-01
   1.08275312e+00  -9.98022640e-04   1.70149873e+00   7.16102912e-01
  -6.38822763e-01  -5.09700922e-01   3.82724407e-01  -7.70180120e-01
  -6.90856078e-02  -1.77925919e+00   1.59348828e+00  -2.64615901e-01
  -4.38490076e-01   3.12216871e-01  -4.29729589e-01   6.90145683e-01
  -1.83056355e+00   1.09039834e+00   7.11246873e-01  -8.58527708e-01
  -6.84569853e-01   6.12626730e-01   1.03530775e+00   9.60011636e-02
  -8.50663276e-01   6.06118443e-01  -3.46119002e-01   4.57842919e-01
  -6.97743038e-01   5.56540709e-01  -1.12142028e+00   9.58618578e-01
   4.74571115e-01  -1.61419119e+00   1.41361239e+00   5.72420887e-01
   2.63472366e-01  -1.46499427e+00   1.30168822e+00  -1.04581873e+00
   9.45922657e-01   1.67803695e+00   1.09586435e+00   2.17778134e-01
   3.01797899e-01  -9.97000842e-01   9.29915701e-01  -1.65585483e-01
   4.39414527e-01   9.02879733e-01   2.24193715e-01  -1.14662740e+00
   6.32508191e-01  -1.72554708e+00   9.86299483e-01  -1.85279246e+00
  -2.60642045e-01   1.37685229e+00   9.28265529e-01  -2.19232063e-01
  -8.66962454e-01  -2.44191416e-01  -7.21189252e-01   1.19611072e+00
   1.31110727e+00  -4.25466566e-01  -1.43333468e+00   4.03307819e-01
  -1.29595921e-01   1.91641214e-01   1.81971859e+00   1.52369714e+00
   5.33151439e-02  -1.52797359e+00  -1.86929293e-01   9.58324630e-01
   1.03441602e+00  -7.78077994e-01  -1.73044378e+00   5.77989149e-01
  -1.12284248e+00  -9.77210910e-01   8.34937751e-01   7.46072217e-01
  -5.63465303e-01  -1.31243212e-01  -6.89817268e-01  -4.81832945e-02
  -6.38147456e-01   2.14383564e-01   1.13725370e+00  -5.33070228e-01
  -5.53550434e-01  -3.62869902e-01  -2.17226473e+00  -5.82231527e-01
   8.11268701e-01  -1.05138129e-01  -1.20734796e+00   8.62924982e-01
   6.02908858e-01  -5.07549167e-01  -1.01334766e+00   1.33274502e+00
   7.63954666e-01  -2.29728441e-01   9.08197436e-01   1.17890760e+00
   1.03892130e+00   5.66991674e-01   5.94498971e-01  -2.19892901e+00
  -1.31223985e-01   1.18720691e+00   1.22344033e+00   8.49386597e-01
  -1.66139674e+00   9.31852611e-01  -2.16758329e-01   6.57989297e-01
   3.79450222e-01   1.14223373e+00   1.25446222e+00  -1.35610697e+00
   3.55421112e-03   8.64256019e-01   1.29246395e+00  -1.74401075e+00
  -8.30399995e-01  -9.34296216e-01  -4.94096150e-01  -1.68566749e+00
   8.71914225e-01  -6.69028324e-02  -5.36389236e-01   3.01219435e-01
  -2.52955965e-01   8.23808652e-02   1.78258474e+00   8.93028447e-01
  -1.27878922e+00   6.53173176e-01  -1.08250613e+00   2.90258627e-01
   7.98981038e-01   1.64378150e+00  -2.92728158e-02   2.11516426e+00
   8.07893404e-01  -1.76845279e+00  -1.43281814e+00   6.03716726e-01
   1.48631174e+00   4.82705609e-01  -2.92837905e-02   5.38574457e-01
  -1.05471773e+00  -1.34628600e+00  -7.36570101e-01   1.02072439e+00
  -8.94294791e-01   4.37389299e-01   1.07648494e+00   1.12586378e+00
  -3.01777173e-01   6.03509058e-01  -4.64511189e-01   3.57562592e-01
   1.35753251e+00  -1.50158524e+00  -1.87100161e-01   8.91619020e-02
  -9.58105382e-03  -5.18642053e-01  -7.81260589e-01   3.96838689e-01
  -1.16080618e+00   3.49084681e-01  -1.58818791e+00  -1.09140316e+00
   4.57349542e-01  -1.38377957e+00   3.87976181e-01   1.83091950e-01
  -6.68602781e-01   7.50412396e-01   7.08663401e-02   1.17838890e+00
   1.25883611e+00  -1.11743551e+00   1.31580043e+00   8.55176211e-01
   4.99798928e-01   8.82105075e-01  -1.63105803e+00  -9.27682222e-01
  -8.79508090e-01  -5.14727691e-01   1.45906643e-01  -6.51821438e-01
   2.34206558e-01   1.52868275e+00  -1.16591558e+00  -5.28018232e-01
  -9.77756271e-02   1.00566060e+00  -1.60326959e+00  -3.80308726e-01
   9.71472712e-01   1.26960813e-01  -1.08045348e+00  -1.30522234e+00
  -1.61715363e+00   1.05019512e+00   5.43635245e-01   7.64473017e-02
  -2.22605782e+00  -1.16356777e+00  -2.27039617e+00  -1.06683798e+00
   1.47386411e+00  -4.40149411e-02   1.49916513e+00  -4.49280637e-01
   7.52473195e-01   7.43413979e-01   7.05686152e-02   1.48116513e+00
  -1.44456506e-01   1.27256095e+00  -2.39476292e+00   3.44687299e-01
  -1.67259671e+00   6.16371961e-01   1.28422931e+00   1.28271388e+00
  -6.47788315e-01   1.13425259e+00  -6.20849075e-01   3.78812200e-01
   7.04960464e-01   1.73565658e-01   1.29945204e+00   1.17149102e+00
   1.10249379e+00   6.61819317e-01  -9.52836920e-01  -9.17114158e-01
   2.14080732e-01  -9.85332122e-01   4.84308477e-01  -6.16311812e-01
  -5.81135180e-01  -4.58821494e-01   3.47903733e-01  -1.12578449e+00
  -8.74050825e-02   9.60271651e-01   1.03593254e+00   4.56540181e-01
   1.35552978e+00   1.02941907e+00   2.30731720e-01   1.22680885e+00
  -2.30082910e+00   2.25396137e-02  -7.09217725e-01  -4.13414627e-01
  -3.42161363e-01   6.16356434e-01  -1.03039572e+00   1.06721105e+00
  -8.35326464e-02   6.91959505e-01  -8.70891611e-01  -1.49340593e+00
   1.05506357e+00  -1.24853107e+00   4.60533664e-01   1.41975031e+00
   1.49846557e+00   1.10157446e+00  -3.50931418e-02   9.38979391e-01
  -9.87001220e-01  -1.64212161e+00  -4.76936297e-01   9.91975632e-01
  -2.22948483e-01  -1.50373551e+00  -6.53956064e-01   1.92588708e-01
  -7.12635401e-01   1.31332888e-01  -2.87378372e-01  -2.34297440e+00
  -1.82403532e-01   1.76309084e+00  -1.00240204e+00   3.15232019e-01
   2.12004126e-01   9.50274355e-01  -1.01888923e+00   9.01015421e-01
  -1.22673562e+00  -4.92271828e-01  -1.21459629e+00   6.69225330e-01
  -2.00314949e+00   6.81778791e-01  -1.80989299e+00  -2.04524311e-01
  -9.29167239e-01   1.24871999e+00  -5.36598601e-01  -1.45005057e+00
   7.81167946e-01   1.63989910e-02   1.75327212e-03  -9.38551276e-01
  -7.55556951e-01   1.40716098e+00  -1.40139845e+00  -1.18477289e+00
   3.61705348e-03  -1.33119569e-01   8.91978290e-01   1.18433072e+00
   2.53238765e-01  -5.38866808e-01  -2.08649289e+00  -1.26581018e+00
   1.33451405e+00  -4.68350807e-01   7.87818157e-02  -5.42068252e-01
  -7.76641359e-01   3.28495068e-01  -1.11164485e+00  -7.81530734e-01
   7.22293259e-01   1.48632740e+00   1.29917966e+00   9.37848777e-01
   6.77976675e-01  -7.89426945e-01   8.55249264e-01   1.77337834e+00
  -2.11876916e+00   1.29498853e+00  -5.14545740e-01   1.43487297e+00
   1.21038204e+00  -2.06888989e+00   7.85294055e-01  -3.92464733e-01
   5.67896089e-01   1.56754394e+00   9.02633320e-01  -1.56759652e-01
  -8.06982142e-01   4.00032939e-01   1.14524647e+00  -3.10117407e-01
  -5.55066411e-01  -9.61477849e-01   1.63212571e+00   9.36020645e-01
  -6.55331039e-01  -1.29954772e+00   1.26556655e+00   1.01955479e+00
  -1.80507719e+00   7.05987100e-01  -1.18487105e+00   2.92620843e-01
  -2.22250930e-02   7.65044883e-01   1.34953976e+00  -6.00509327e-01
   9.92164372e-01   8.52736504e-01  -4.66299428e-01  -6.52529156e-01
   4.81645921e-01  -1.57379697e+00   9.52288147e-01   7.86827442e-01
  -7.72471004e-01   1.27282692e+00  -3.67587361e-01  -1.02120219e+00
   7.15697748e-01   9.81466732e-01  -1.56470921e-01  -9.56981290e-01
   9.14832305e-01  -9.92896657e-01  -8.73332711e-01  -1.71531868e+00
   1.11251071e+00  -8.74349617e-01   8.92012571e-01  -1.27705958e+00
   1.31473024e+00   1.51796630e+00   8.15413802e-01   1.03070448e-01
  -1.67985881e+00  -2.59920973e-01   7.91953918e-01   5.36485092e-02
   4.01322745e-01  -4.05935810e-01   7.11405268e-01  -4.83063326e-01
  -1.26681829e-01   2.91199314e-01  -2.27382882e-01  -9.11731562e-01
  -4.95146514e-01   2.57803966e-01  -8.33861955e-01   1.53155427e+00
  -1.19360670e+00  -1.23465227e+00  -1.02478619e-02  -1.78289854e+00
  -6.06292531e-01  -8.42401276e-01  -4.76199390e-01   5.17572985e-01
   1.43986797e-01  -1.12191504e-01   1.44424853e-01   4.25493384e-01
  -3.63495856e-01  -9.55867854e-01  -1.64329194e-01  -6.95536696e-01
   1.48783041e+00  -7.93240062e-01   7.59578987e-01   1.16670974e+00
  -7.31035273e-02  -1.12259987e+00   1.34894491e-01   1.25243892e+00
   1.02728397e+00   6.37569971e-01   1.36236642e+00  -1.07859310e+00
   1.17476997e-01  -1.14507490e-01  -3.85753295e-01  -1.07586773e+00
  -1.15954265e+00   9.62139164e-01   1.00087987e+00  -2.35296690e+00
  -1.25055370e+00   9.31223496e-01   3.79444626e-01  -8.60503105e-01
  -3.95690425e-01   3.18001817e-01   9.26093664e-01   1.68744625e-01
   3.30316522e-01] [-0.18367987  0.72645173  1.40612924 -3.73351326  0.4648201  -1.05810503
 -1.26098294 -1.02399683  0.3167481   0.3698952   0.37893033  0.10758362
  1.26185082 -1.06619433  1.06340324  0.87899226  0.13577856  1.30324789
  0.28470694  0.48746177 -0.57811842  1.48847207 -0.94818238  0.39530144
  0.75190556  0.84219997 -1.23181456  0.88213397  1.03071236  1.18153678
 -0.04519013 -1.74727691 -1.26985016 -0.39389172  0.29493419  0.3073396
  1.09381671 -0.98476323  0.42304911  1.31337069  1.02069339  0.12013281
 -0.71973643 -0.34517932  0.43042168  1.29080383  0.67219029 -1.48848331
  0.9810576  -0.42159904  1.61583315  0.99691993  0.00490403  0.44818856
  0.57208592  1.25741882 -3.1326277   0.8360484  -2.9873761  -0.39509824
  0.34121122 -0.19694038 -1.11278101  0.87431947 -0.26451624  0.22263975
 -1.14380351 -1.62704172 -0.53090136  0.87657771 -1.22290313 -0.22737469
  0.36050792  0.18674327 -0.64201388 -1.05418923  0.15622301  0.57276492
 -0.21235774  0.9100424   0.1102914  -0.04536689  0.64458847 -0.29850717
 -0.98932913  0.90763622  1.32880409  1.70816458  0.71740852 -0.87968889
  0.78951252  0.5203401   0.20085923 -1.41325077 -0.2168625   0.23855053
 -0.71974979 -0.3535604  -0.02663492  0.07924325 -1.30892908  0.62628009
  1.09845627  0.77604765  0.71696061  0.19228212  0.99705815 -1.37187889
  0.51197085  0.2777545   1.15989427 -0.65165941 -1.13685078 -0.1941289
 -1.69841387 -0.81621022  1.12201969 -0.055972    1.4003131   0.28258608
  0.60383832  0.70322929 -0.75672695 -0.17327376  0.9678041   0.0193656
 -0.22445619 -1.54791187 -0.72701926 -0.44865685 -0.94525194 -1.51226902
  1.00444714 -1.68923299  1.24331502 -0.56293233  0.77717636  0.11247335
 -1.03639353 -1.05608758  1.25924213 -3.71626822 -0.97812496  0.43313891
  1.17204323  0.00501837  0.73794486 -0.78214718  0.50383726  0.26073462
 -2.79198259  0.39920275 -0.08907387 -1.4807496   1.12336223 -0.04769964
 -1.13493197 -0.59572491  0.08063489 -3.42614581 -0.51599601 -0.02391443
 -2.83738802  0.70327546 -0.40466319  0.95000009 -0.72459623  0.2414727
 -1.22330007 -0.22585499  1.37091843 -0.04703731 -0.84823727  1.08441536
  0.82326852 -1.22941265  0.52999748  0.11692328  1.60918588  0.16395506
  0.33000879 -1.51239521  0.64610986  1.2631554   0.25233798 -1.2076644
  0.85167128  0.14671789 -1.35049419  0.89212005 -1.0789776   0.84225143
  0.14123014 -1.41578957  0.30021716 -1.44145574 -0.96085999 -0.37472405
  0.67250262 -3.60027856  0.99603645  1.23714551  1.27178576  0.17406753
  0.48635078 -0.46857681  0.01396031  1.13335465  0.50943039 -2.80775068
 -0.58983239 -1.44270525 -0.9992229   0.53810197  1.39544625  0.28324751
 -0.21430815  0.99021018 -1.10063003 -0.98013402  0.47495616 -0.28109054
 -1.02626202 -0.58896849  1.02853952 -2.19545802  1.25998616 -0.51992428
 -0.57890328 -0.22197084  0.47858407  0.5705007   0.85233365 -1.08339272
  0.76903111  0.74137063  0.32388045 -2.86258752  0.7302407   1.04569783
 -1.17254708  0.54265161  1.33109013  1.61686395 -0.09801655  0.96914858
 -0.11568995  0.98774646 -1.84543064 -3.49466645  0.7933738  -1.37067679
  0.73520037 -1.01598692 -0.26851883  1.65747918  1.25291168  1.57962865
  0.88054575  0.90801471  0.89084803  0.68071265 -3.42285133  0.94445001
  0.7560097   0.50660257  0.93336128  0.46430326  0.06727014  0.75515353
  1.10376417 -0.19113579 -0.52547628 -0.2629265  -0.01970185 -0.11685485
  0.46941172 -0.21204316 -0.64807165  0.14871481  0.37908409 -0.430768
  1.19288825 -1.16115884  0.67594085  1.48070088 -1.19861787  0.66068919
 -1.56693061  0.65986781 -2.52106008 -0.25415623 -1.43217373  0.63163539
  1.42467797  0.15481511 -0.39341729  0.29269675 -0.33369916  0.84154466
 -0.74712087 -0.18887464 -0.26864679 -0.91478385  0.4934505   0.65461403
  0.12612731 -0.49481297  0.50671449 -0.30791111  0.23228926 -0.28396892
  0.29141515  0.05196585  0.11226952 -0.03489803  1.03617352 -0.71077361
  0.79724069  0.95103121 -1.09060791  0.91008557  0.6113329   0.69515575
  1.09350601 -1.59184101  0.72268749  0.2021119  -0.99410148 -0.36614403
 -1.44396924 -0.90708898 -0.5067841  -1.17927018  0.54659466 -1.6361576
 -0.40622825 -0.71310374  0.9275757  -1.30353918 -0.91904585  1.0906838
  0.83708168 -0.06687355 -1.64639568  0.70965175 -1.1194637  -0.24132155
  1.57591751 -0.23511833  0.6084748   0.71083766 -0.82274293  0.62839588
  0.48217625 -0.52181522 -0.00453291 -3.37975156 -0.58787913 -0.05940487
 -0.92853546  0.17425304 -0.70399039  1.13282462  0.5397602   1.46496073
  0.90094414  0.05318048 -0.15495738  0.02716405  0.48175065 -0.05120318
  0.38295706  0.36379464  0.49626555 -1.5271127   0.23657286 -1.82094605
 -0.0772963  -1.56361508  0.49075902  0.79596304  0.4373954   0.42580845
  0.14944792  1.1412025   0.42316594  1.62530243 -1.65852844  1.1177783
  0.67554958  0.63467315 -0.38106483 -1.44500618 -0.58269768 -0.66447469
  0.8919007  -0.83955876  0.02191576  0.22815816 -0.54342134  0.40351091
  0.62302924  1.24765349  1.39181915  1.695755   -0.82407556  0.41600279
  1.74979638 -1.20203375  1.68634466  0.24528543 -0.20055944  1.07628506
  0.09750906 -0.10278304 -0.81266783 -0.49824289 -0.41233621 -1.59692866
 -0.64640901  0.59734366  0.43400022 -1.02516513  0.23281737 -1.03175954
  1.5553135  -0.69829171  0.89370492  0.17895942 -1.32136488 -0.55464453
  0.54732915  0.88842198 -1.40838149  0.86518879  1.22982812 -0.08197356
  0.05314111  0.90841718  0.45047467  0.85189291 -2.09718662  1.21097094
 -0.81095597 -0.19437483  1.2969642   0.69342118  0.45724467  0.20378601
 -1.1997707   1.06799103  1.11018626  1.24834506 -2.76186233 -1.63769647
  0.28238948  0.7367376   0.89467447  1.32249042 -0.76219419 -0.24315005
 -0.76066494  1.57181462  0.48164019  0.7573379  -0.93278502  0.88700676
 -0.02358593  0.17768734 -1.8818662   0.86799589  0.40862575  0.10089302
 -0.97370043  0.72293015 -0.30604933 -2.99744549  0.7810709  -2.73177039
  1.08985829  0.81827872  1.75365148  0.15262056  0.3742921   0.43531315
  0.86513167  0.66275527 -0.09096961  0.4661947  -0.51097581  0.74044724
 -0.25538241  2.11431774  0.2353105  -0.82948894 -0.42498416  0.78165959
 -1.2896705   0.0642147   0.33351641  2.14761334 -0.13022503 -1.34981001
 -0.76808507 -0.455112   -0.70939714 -1.47975898 -0.58637833  0.82161102
  1.61340857 -1.35353322 -0.2461419   1.15742975  0.52330978 -1.21602443
 -0.27207982  1.11120604  0.87153898 -1.21283694  0.40616907 -0.43636758
 -2.96213518  0.82166937  1.10217585  0.71584503  1.82682024 -1.48388426
 -0.16688528 -0.6238893   0.53254616 -1.15329328 -0.04033309  0.53220413
  0.2721103   0.17654893 -0.35624595  0.66965537  1.05753014 -0.12159664
  0.77102095 -1.82702512 -0.50957788 -1.41350634  1.16030655  1.43947909
  0.19301812 -1.8812504   1.91367098 -0.03077354  0.48716699 -0.11052767
  1.17496396  0.31725015  0.00685002 -0.34131118 -0.17179592  0.48546258
 -0.08387809  1.26838161  0.77548241  0.92307814  1.55549882 -1.38836593
  1.90190604  0.4649665  -0.16424564  0.45178194 -0.47650049  0.9824548
 -0.07618544 -0.67507516 -1.07653731  0.74992321  0.51404415 -0.65324011
  0.32507324 -0.09431008  1.01173239 -0.4549534  -1.01774281 -1.31685386
  0.41824127 -0.67393871 -0.93649044 -1.5216185  -0.55369662 -1.12551714
  0.41729222 -3.13932831 -0.54339597  0.80956091 -0.47258512  0.2716598
 -1.1519212  -0.89056601  1.63214051  0.49615728 -0.60002836 -0.45505471
  0.20274119  0.43073804  0.15204969  0.97612776 -1.85096827  0.37751844
 -0.14711481 -0.24710355 -0.93823515  1.45995819 -0.53688615  0.18676838
  0.14322542  0.88497419 -0.72036261  0.21320145 -1.04773035  1.17498497
 -0.08961435  0.4401901  -1.32258192  0.9818273  -0.59072469  0.19029566
 -0.91394991  0.83343086 -1.05259885  0.7587559  -0.56783262  0.59804399
 -1.5095046   0.46898661  0.17076848 -1.12471229  1.62052923  0.50252213
 -1.22137213 -0.81859653  1.0652528   0.66375031  2.33455976  0.91123455
  1.73368365 -1.22671691 -0.25499447 -0.45080358  0.25645946  1.65637719
 -0.03546706 -1.37243548  0.4851275  -2.18082212 -0.21949977 -3.36078189
  1.16134947  1.6195525   0.26435783 -0.36713489 -0.18116     1.52858357
  0.13533672 -0.74734374  1.60995063  1.56095543 -0.66463927 -0.95019904
  0.75807254  0.3295672  -0.33596597  0.96622741  0.55065229  0.49577632
 -0.14825556 -0.99439183  0.60153104  0.90470224  1.20695605 -1.7238304
  0.96343575  0.51358617  1.06681372  0.26328633 -0.73827966  0.18212803
  0.90937338  0.95079512  0.6122196  -1.28880844  0.65797633  0.46651224
 -0.03595344 -0.4456219  -0.16262907  0.36776814  0.82448966 -0.31036145
 -0.17487709 -1.32241775 -0.27938875  0.07945211 -0.66771532 -1.27433243
  0.92010312  0.91292046  1.92269652  1.34049795 -0.04739038  0.51432015
 -0.5443398  -0.21622902  0.28128372 -0.71790372 -1.25509136  1.11319066
 -1.18160109 -0.8920417   0.33832608  0.89191402  1.22228042  0.18735428
 -0.2596692   0.33702318 -0.78692101  0.57459694  1.31918891 -0.59348791
 -0.65882859 -0.23735172  0.72098732 -0.40272387 -0.2986964   1.49923505
  0.3016118   0.47887804 -0.09628355  0.4357011   0.33144021  1.41756426
  0.17588575 -0.62869132  1.93957252 -1.26998641  0.18898856 -1.25897254
  0.33535795 -1.15579411  1.16367668  0.91779876 -2.28121556  1.016986
 -0.53097973  0.21439706 -1.268435    0.60650441 -0.37053417  0.41125612
 -0.73868878 -0.26304633  0.13851414 -0.81139215 -0.45602513 -0.86362005
 -0.10726301  0.74100329 -0.66028283  0.17019268 -0.16721855  0.64960159
 -0.06985495 -1.57744163 -0.66023527 -1.16955858  1.00021442 -0.36883644
  0.83934301 -0.13316684 -1.03011775 -0.11708597 -0.75774319  0.00783183
  0.14090616  0.66793404  0.38868239 -0.02439006  0.54573937 -1.73008453
 -0.39679989 -0.55061525  0.32364177  0.63961417  0.64269639  1.66643595
 -0.52479896  0.90924776  0.13956699 -0.42845161 -0.49188641 -0.75081846
  0.26490399 -0.36358488  0.33432467]

*** Componentes principais [T] (somente originais):
[ 0.14542463 -0.29688195  0.08326669 -0.02528292  0.32729485  0.32803302
 -0.23016893] [ 0.95270931 -0.32906146 -0.01624302 -0.84807695  0.49862091 -2.40468602
 -0.96400341] [-0.62690681  1.1747073  -1.75669856  1.34998217  0.51743468  1.01120362
 -0.44594787] [-0.18367987  0.72645173  1.40612924 -3.73351326  0.4648201  -1.05810503
 -1.26098294]

*** Contribuições (autovetores) [P] (idem para todos e originais) ###TABLE VI.### Percentages of the contributions from each musical characteristic on the four new main axes.

C1 [13.700865710078764, 18.225695669314703, 0.16136968702625062, 10.581506209816656, 4.88134203266174, 18.571948203111706, 14.277210375789895, 19.60006211220028]
C2 [1.5129519851180784, 9.2661293328626897, 22.994710085953667, 24.600934132796624, 22.290423982351577, 3.9365133807767836, 14.835483724583323, 0.56285337555726567]
C3 [33.325558466979913, 13.519337891851297, 11.003786523020251, 4.7701883361684878, 8.1571441925404695, 12.601572381808069, 13.038702101343331, 3.5837101062881849]
C4 [2.9451078314577708, 6.3971509503143498, 22.417636350144221, 8.9265420037733527, 26.241717520548381, 9.8643483798490408, 13.53805210744336, 9.6694448564695268]
princ_orig [[ 0.14542463  0.95270931 -0.62690681 -0.18367987]
 [-0.29688195 -0.32906146  1.1747073   0.72645173]
 [ 0.08326669 -0.01624302 -1.75669856  1.40612924]
 [-0.02528292 -0.84807695  1.34998217 -3.73351326]
 [ 0.32729485  0.49862091  0.51743468  0.4648201 ]
 [ 0.32803302 -2.40468602  1.01120362 -1.05810503]
 [-0.23016893 -0.96400341 -0.44594787 -1.26098294]]
princ [[ 0.14542463  0.95270931 -0.62690681 -0.18367987]
 [-0.29688195 -0.32906146  1.1747073   0.72645173]
 [ 0.08326669 -0.01624302 -1.75669856  1.40612924]
 ..., 
 [-1.28146777 -0.48308191  0.92609366  0.26490399]
 [ 0.07850908 -1.02420105  0.16874462 -0.36358488]
 [ 0.01823302  1.54090288  0.33031652  0.33432467]]

###TABLE VII. TABLE VIII###.


*** Oposição:
[1.0, 0.84887768283522502, 1.1370652447520608, 0.58652676073513177, 1.159459172600809, 0.41646662719341637]

*** Inovação:
[0.0, 1.0368727275296408, 1.5334815053622544, 0.72738914524643228, 1.5683047724734283, 1.0698679855821485]

*** Dialéticas:
[0.93576203169285666, 2.7066283623109344, 1.144034377986622, 0.13018362312562404, 0.27219904000147804]
[ 0.31267056  1.          0.39350767  0.          0.05512069]
