*** arquivo_notas: notas_compositores.txt qtd_aleatorios: 5000000 std: 1.1

*** Dimensões da tabela de notas: (821, 8)

*** Tabela geral de notas:
[[ 3.          8.          5.         ...,  5.          3.          7.        ]
 [ 2.          6.          9.         ...,  2.          1.          5.        ]
 [ 6.          4.          1.         ...,  7.          2.          2.        ]
 ..., 
 [ 6.57624743  8.03846667  2.82393415 ...,  5.36592455  3.36625818
   7.75014547]
 [ 4.40026827  8.20138906  4.51346274 ...,  4.08731248  3.5579904
   6.83114667]
 [ 7.18173673  8.11433482  2.87609874 ...,  4.47270008  2.99958865
   5.8281001 ]]

*** Matriz de covariância:
[[ 1.   -0.14 -0.06  0.68 -0.19  0.09  0.51 -0.12]
 [-0.14  1.   -0.08 -0.16  0.21 -0.49 -0.17  0.39]
 [-0.06 -0.08  1.   -0.24  0.28  0.12  0.47  0.03]
 [ 0.68 -0.16 -0.24  1.   -0.38  0.12  0.4  -0.03]
 [-0.19  0.21  0.28 -0.38  1.   -0.27 -0.   -0.21]
 [ 0.09 -0.49  0.12  0.12 -0.27  1.    0.23 -0.12]
 [ 0.51 -0.17  0.47  0.4  -0.    0.23  1.   -0.  ]
 [-0.12  0.39  0.03 -0.03 -0.21 -0.12 -0.    1.  ]]

*** Pearson (igual matriz covar.):
 ###TABLE III. Pearson correlation coefficients between the eight musical characteristics.
['1.0', '-0.14', '-0.06', '0.68', '-0.19', '0.09', '0.51', '-0.12']
['-0.14', '1.0', '-0.08', '-0.16', '0.21', '-0.49', '-0.17', '0.39']
['-0.06', '-0.08', '1.0', '-0.24', '0.28', '0.12', '0.47', '0.03']
['0.68', '-0.16', '-0.24', '1.0', '-0.38', '0.12', '0.4', '-0.03']
['-0.19', '0.21', '0.28', '-0.38', '1.0', '-0.27', '-0.0', '-0.21']
['0.09', '-0.49', '0.12', '0.12', '-0.27', '1.0', '0.23', '-0.12']
['0.51', '-0.17', '0.47', '0.4', '-0.0', '0.23', '1.0', '-0.0']
['-0.12', '0.39', '0.03', '-0.03', '-0.21', '-0.12', '-0.0', '1.0']

*** Autovetores (raw):
[[ 0.49 -0.15  0.3   0.28 -0.09 -0.75  0.07  0.  ]
 [-0.35 -0.28  0.5   0.01 -0.44  0.08  0.03 -0.6 ]
 [ 0.02  0.62  0.32 -0.27  0.31 -0.07  0.52 -0.25]
 [ 0.5  -0.33  0.16  0.16 -0.03  0.57  0.51  0.12]
 [-0.29  0.42  0.24  0.45 -0.44  0.06  0.12  0.52]
 [-0.13 -0.29  0.37 -0.67 -0.06 -0.13  0.04  0.54]
 [ 0.33  0.24 -0.39 -0.39 -0.71 -0.04  0.1  -0.11]
 [ 0.42  0.3   0.44 -0.09 -0.    0.3  -0.66 -0.02]]

*** Autovalores (raw):
[ 2.42  1.62  1.43  1.14  0.49  0.37  0.29  0.25]

*** Autovalores prop (raw):
[ 0.3   0.2   0.18  0.14  0.06  0.05  0.04  0.03]

*** Autovalores (var. %) ###TABLE IV### New variances after PCA, in percentages for scores on III.:
[30.0, 20.0, 18.0, 14.000000000000002, 6.0, 5.0, 4.0, 3.0]

*** Dados finais:
[[-2.09862847 -2.88405535 -1.09124385 ...,  0.93321791  0.02899143
   0.68134229]
 [ 1.02555564  3.06302093 -1.88243339 ..., -1.48742167 -0.48881695
  -1.72405293]
 [ 0.43088393 -0.42298248 -1.45105255 ...,  0.90998424  0.39696926
   0.5200601 ]
 ..., 
 [ 0.53481901  0.34705054 -0.82837192 ...,  0.83220568  1.45608055
   0.49955926]
 [-1.15208758  0.20384315  0.46281391 ..., -0.59918137  0.01453346
   0.2830608 ]
 [-0.53331192 -0.91609773  2.00728379 ..., -0.73131101 -1.23888796
  -0.85751674]]

*** Componentes principais [T] (todos):
[ -2.09862847e+00  -2.88405535e+00  -1.09124385e+00   7.99013634e-01
   7.60772161e-01   5.54469931e-01   1.64499821e+00  -2.05939672e+00
   4.45920332e-01   1.29313193e+00   1.65456929e-01  -6.50501746e-01
   1.31020332e+00   3.64659916e-01   1.60722629e-01   7.40171845e-01
   7.80403009e-01  -2.16211979e+00   8.23052473e-01   5.47258924e-02
  -9.00902813e-02   9.01784813e-01   1.54374696e+00   4.30458211e-01
   6.11687007e-01   7.34528908e-01  -3.31600272e-01  -2.03183035e+00
   4.82055228e-01   9.58482986e-01   1.47861311e+00   1.12994733e+00
  -2.24875002e+00  -2.25551171e+00   2.23353621e+00   1.26009496e+00
   1.22418031e+00   9.89619463e-01   1.58232598e+00   3.43476128e-01
  -9.17663979e-01   4.30734292e-01  -1.66472003e+00  -1.61438040e+00
  -1.77581047e+00  -1.39075889e+00   6.83919612e-01   2.87656965e-01
  -2.48282752e+00   5.13330866e-01  -2.89548905e-01   1.12098213e+00
   8.90110039e-01   1.37455620e+00   2.10276943e-01  -1.54443508e+00
   4.46499268e-01  -3.21327870e-01   2.95638755e-01  -2.02307012e+00
   2.29891199e+00   1.27226189e+00   4.24919030e-01  -1.58546424e+00
   6.36389953e-01   7.16133471e-01  -2.46290281e+00  -2.85046745e+00
   4.04818132e-01  -6.34179342e-01   2.28935925e-01   6.37831200e-01
   1.50884855e+00  -1.40129688e+00   8.83929414e-01  -2.51976427e+00
  -1.92022844e+00  -1.14535372e+00   7.08299092e-01   6.57701790e-01
   1.24374338e+00  -9.33398589e-01   8.33799698e-01   2.92343264e-01
   8.76611745e-01   4.55727541e-01   7.65712616e-01  -2.06142519e+00
  -1.74784775e+00  -1.45700643e+00  -1.94384200e+00   1.90103705e+00
   1.37068443e+00   6.70517964e-01   1.02233708e+00  -2.16048138e+00
   6.99114149e-01  -1.14938780e+00   1.15293133e+00   1.18402982e-01
  -9.69196859e-02  -6.22618274e-01   9.32014793e-02  -4.82479807e-01
   1.75599656e+00   7.59736197e-01   1.10507532e+00   1.15524868e+00
   6.29603380e-01   1.08869158e+00  -1.97811892e+00   1.37543419e+00
   5.44780914e-01   5.34827242e-01   2.89932432e-01   6.61167595e-01
   1.45678981e-02  -9.22784307e-01  -1.50242073e+00   1.48381165e+00
   2.74432700e-01   2.04644907e+00   1.45751028e+00   4.16828000e-01
   1.44817472e+00   2.50422826e-01  -9.38892444e-01   1.60104925e+00
  -2.34907664e+00   4.62070966e-01   1.38275079e+00  -8.65845968e-01
  -1.28417436e+00  -1.54948928e+00   1.31475735e+00   4.99784303e-01
   1.84362154e-01   1.68476146e+00   1.48896932e-02  -1.39363807e+00
   1.36507111e+00  -1.65826347e+00  -1.00501692e+00   3.11745990e-01
  -1.45131279e+00   9.78812590e-02   4.04383036e-01  -6.24585459e-01
   1.31145088e+00   1.22770487e+00  -1.05052713e-01   1.87934895e-01
   1.71806588e+00   1.83639999e+00  -2.27208576e+00   3.84469960e-01
   1.59922676e+00  -2.00419097e+00  -4.86295793e-04   8.25143213e-01
   1.24190160e+00  -2.41327781e-01   1.87062692e+00   3.35237014e-01
  -2.01930965e+00   6.37187447e-01  -5.91016509e-03   5.72861714e-01
  -1.67461599e+00   7.73767017e-01  -3.24772159e-01  -1.38293685e+00
   1.31063956e+00  -5.86239991e-01   7.97806421e-01   6.63157326e-01
   1.52915495e+00   8.69044573e-01  -2.51921780e-01   8.35974635e-01
   1.66012504e+00   2.08626003e+00   1.50255921e+00  -1.69562702e+00
  -3.06726083e-01  -1.17524356e+00  -1.48274022e-01  -8.51072662e-01
   5.83404699e-01   7.26621852e-01   1.37835932e+00  -2.80712982e+00
   1.61728700e+00   5.78367899e-01  -3.63177441e-01  -4.84368887e-02
  -5.00286225e-01  -2.94361173e+00   5.95537089e-01  -5.56223308e-01
   2.86240436e-01  -1.39323411e+00   1.00466405e+00   1.07919134e+00
   4.06097925e-01   4.09664224e-01   1.15410897e+00   6.33206541e-01
   6.22491471e-01   1.18511386e+00  -2.49085809e+00   6.25505586e-01
  -1.29424203e-01   5.45688118e-01  -1.58168978e+00  -2.47413960e+00
  -1.15591029e+00  -1.43347851e+00   1.27788361e+00   5.72456022e-01
  -1.46607356e-02  -1.15446648e+00   1.92272143e+00   1.23806685e+00
   1.19643591e+00  -1.13600699e+00  -1.84357433e+00   1.14254931e+00
   5.20483464e-01   1.01413991e+00  -1.19682561e+00  -2.26685588e+00
   8.13165709e-01  -2.03425577e-02   6.16264947e-01   9.38747285e-01
  -4.23179620e-01  -1.37843059e-01   8.60079204e-01  -3.39212706e-01
   1.05029780e+00  -1.01907274e+00   1.53959116e+00  -2.34046324e-01
   8.89386400e-02  -2.00897943e-01   1.37680785e-02   3.88719060e-01
   1.74259814e+00   7.51837206e-01  -1.41562331e-01   4.31494175e-01
   6.47095501e-01   1.72688003e+00  -5.34475105e-01   5.29888043e-01
   1.64639096e+00   1.42748929e+00   5.40280609e-01   3.73439746e-01
   1.09848159e+00   1.87543419e+00  -1.06813973e-01   4.44464899e-01
   1.46867990e+00  -1.53866107e+00   6.07753926e-02   7.41004928e-01
   1.46908256e+00   4.07397762e-01   1.94427417e+00   1.00377115e+00
   1.10935364e+00  -1.67053021e+00   2.11174656e+00  -2.12122078e+00
   2.88832713e-01  -1.71444159e+00   7.08156844e-01   1.20633162e+00
   1.18460314e+00   5.25568697e-01   1.40246820e+00  -2.13987745e+00
  -1.92784167e+00  -1.69117620e+00  -1.69103312e-01   9.72390729e-01
   8.35701912e-01   8.57653630e-01   1.54468556e+00   1.60850706e+00
  -2.04326953e+00   1.39785993e+00   4.82846483e-01   1.94394659e+00
   5.24907446e-01  -2.30211788e+00   4.84394575e-01   1.14078685e+00
   1.02293023e+00   1.65020111e-01   9.41329531e-02  -2.69380162e+00
  -2.32903236e+00  -2.21843896e+00   9.24616551e-01   1.49303142e+00
   5.40033087e-01  -3.21621462e-01   1.60672409e+00   5.21329089e-01
  -1.76256778e+00   9.29356760e-01  -2.65886104e+00  -1.31491501e+00
  -2.72438673e+00   1.19006586e-01   2.42189297e-01   8.00314099e-02
   5.99216054e-02  -2.26659687e+00   1.10357303e+00   8.35182717e-01
   2.43791729e-01  -1.41339971e+00  -2.73144927e+00  -3.20872142e+00
  -1.33586860e-01  -6.45153843e-01   1.03165977e+00   2.88999066e-01
   7.52826264e-01   2.53855593e+00  -6.69530731e-01   9.57137601e-01
  -2.04757014e+00  -2.40169913e+00   8.96720536e-02   4.62028564e-01
   2.08553111e+00  -2.51744647e+00   1.05338562e+00   9.58600706e-01
   9.00930916e-01   1.23903175e+00   1.74377617e+00   5.43517325e-01
   4.30144984e-01   1.07929323e+00   5.56745487e-01   6.87077581e-01
  -9.23817989e-03   1.37157499e+00   1.10290676e+00  -4.76553599e-01
  -1.26718729e+00   7.96224952e-01   1.18469594e+00   1.29456454e-02
   8.93684936e-01  -1.52452391e-01   5.31321336e-01   1.13088379e+00
  -1.90506311e+00   1.61266723e-01  -2.51477677e+00   3.75272161e-01
  -3.18295021e-01  -1.55323822e+00   3.36519890e-01   4.15735748e-01
   4.44635439e-01  -3.55292922e-01  -2.55151752e+00   1.28675570e+00
  -2.53604253e+00  -1.70815378e+00  -1.98208816e+00  -5.73863326e-02
   1.02456454e+00  -1.91408765e+00   6.89303505e-01   8.17267048e-01
   3.98469871e-01  -8.31054965e-01  -2.08916169e-01   2.65999363e-01
   5.60874004e-01  -2.04400401e+00   3.45150311e-01  -2.11412341e+00
  -1.36976397e+00  -1.34318895e-01   9.64027737e-01   1.81941662e+00
  -2.42007317e-01  -2.14316054e+00  -3.86441433e-01  -2.33464445e+00
   3.24835968e-01  -1.80181247e+00  -2.12322709e+00  -9.82520802e-01
   8.06660738e-01  -9.39315890e-02   8.19841980e-01   1.22991832e+00
  -1.43160893e+00   1.55101721e+00  -1.56832886e+00   3.36849126e-01
   9.25904489e-01   9.48239848e-01  -2.58662340e-01   1.34200488e+00
  -1.68942667e+00  -2.97962714e-01   7.74942440e-01  -2.28614481e+00
   9.55991245e-01   1.76219644e+00   1.08389214e+00   6.63380241e-01
  -1.92418881e+00   7.11408127e-01  -6.26558142e-01  -2.75549078e-02
   7.06383354e-01   1.28377461e+00  -2.18082388e+00   1.39236434e+00
  -1.78635768e+00   1.27870603e+00   1.38935808e+00  -2.37103374e-01
  -1.78245255e+00  -8.55987265e-01   6.81782312e-01   1.20168939e+00
   7.55135998e-01   6.17208866e-01   2.79068231e-01   1.21699262e+00
  -1.96378481e+00  -1.10069135e+00  -3.09989799e+00   1.10112903e+00
   1.51076407e+00   2.09951151e-04   1.49262216e+00   1.71004732e+00
   6.31591460e-01   4.69480975e-01   5.54924094e-01   4.77252471e-02
   8.18248899e-01   1.51955009e+00  -4.38067040e-01  -1.83172290e-01
   1.24651425e+00   7.03670182e-01   9.67782738e-01  -2.68582150e+00
   1.94178913e+00   4.39158612e-01   6.99903135e-01   1.92183274e+00
   4.86255515e-02  -1.22430161e+00   1.15264218e+00  -2.53113924e+00
   7.94105152e-01   2.63105247e-01   7.53426061e-01   1.06455333e+00
   1.36962644e+00   1.38689202e+00   7.32485099e-02  -2.01756860e-02
  -2.41785842e+00  -3.38185374e+00  -2.84357021e+00   1.07195770e+00
  -2.22335572e+00   1.84953100e+00  -1.50826950e+00   4.24021608e-02
  -2.33508489e+00  -1.74586315e+00   4.41334562e-01  -4.30583237e-03
  -2.68527389e+00   2.29829915e+00   5.05469197e-01  -1.65632625e+00
   1.22908639e+00   1.31165514e+00   8.20734819e-01   1.37654399e+00
   4.82757055e-01   1.41309233e+00   1.37293562e+00  -1.02776531e-01
  -1.72500802e+00   5.00310022e-01   1.61458711e+00  -2.15486172e+00
  -2.07875590e+00   9.78634830e-02  -1.57866955e-01  -2.78076514e+00
  -2.20052355e+00   6.43654889e-01   1.14227817e+00   8.93976986e-02
  -2.14921679e+00  -2.04923029e+00   7.49343013e-01  -2.67000011e+00
   6.48877192e-01  -1.74757456e+00   5.78523440e-01   2.00017259e+00
  -1.26219166e-01   1.76266708e+00   3.48676237e-01   3.48550928e-01
   6.77661398e-01   1.38757405e+00   1.11033407e+00   9.18552268e-01
  -6.69708939e-02   1.35632055e+00   5.25861534e-01   3.10324934e-01
   1.49198517e+00   1.60850579e+00   7.41058719e-02  -2.22936335e+00
   1.69746706e-02   2.70534409e-01   1.29524511e+00  -3.02946562e+00
  -1.41560718e+00   1.33766689e+00  -3.63029283e-01   1.13570378e+00
  -2.78433953e+00  -2.83715722e+00  -3.24855739e+00   5.36931004e-01
   3.30018964e-01  -2.20766771e+00   4.01422911e-01   1.63299230e+00
  -1.32518954e+00   2.02299094e+00  -7.23594285e-01  -1.74611826e+00
   1.90224606e+00  -2.01786874e+00  -1.68997040e+00   7.31110283e-01
   6.40798661e-01   3.36641431e-01  -1.24088861e+00  -3.81488189e-01
   6.88416332e-01   7.11007148e-01   8.90615814e-02   4.80355984e-01
   8.60803177e-01   2.49692021e+00   1.12396290e+00  -1.20178537e+00
   1.36183183e+00  -1.73874616e+00   5.36139537e-01  -1.60364626e-01
  -1.76767286e+00  -1.59190290e+00  -1.45449654e+00   4.09344337e-01
  -1.43088802e+00   3.92897002e-01   2.93754221e-01   1.21914985e+00
  -1.39284342e+00   1.52348041e+00   5.39926441e-01  -3.31038366e+00
  -1.55586300e+00   2.29002124e-01   8.88707698e-01   1.06381447e+00
   4.12433401e-01  -4.15394309e-01   4.06590993e-01   9.80245924e-01
   1.76984497e+00   1.93389710e-01   2.10385679e-01   9.05716962e-01
   5.62387606e-01  -7.69484008e-01  -1.87002156e+00  -2.13640135e+00
   1.03026861e+00   8.97742866e-01   1.94145614e+00   3.44384833e-02
  -2.29115442e+00   4.36204210e-01   5.59619736e-01  -1.08028001e+00
  -3.13734026e+00  -5.19812671e-01  -3.85339802e-01   7.35222453e-01
  -1.77877443e+00  -2.43137527e+00   8.00160029e-01   4.27278226e-01
   1.74120621e+00   2.53568033e-01   5.65320784e-01   1.37520614e+00
  -2.11794313e+00  -7.38327411e-01   1.40048215e+00  -1.56719875e+00
   1.51629724e+00   4.97735064e-01   4.70226727e-01   9.35499199e-01
   4.73196050e-01   1.79665072e+00   3.12044680e-01   8.37067896e-01
   8.09027567e-01   1.79809244e+00   9.40391627e-01  -2.02311113e+00
  -4.72724197e-01   2.74012579e-01   3.92268664e-01  -2.20969822e+00
   2.42714958e-01   1.27392645e+00  -2.95595190e-01  -2.27139406e+00
   2.33183327e-01   1.37224654e+00  -2.43886904e+00  -8.48060640e-01
   4.92185723e-01   7.14973507e-01   9.62536403e-01   6.09815666e-01
   1.60268239e+00   1.19432233e+00  -9.23232737e-01   2.75320045e-01
  -2.45801764e+00   3.35626507e-01   1.72465419e-01   5.44756235e-01
  -1.15858306e+00  -1.35476253e+00   1.40380041e-01  -9.40463178e-01
   5.17359756e-01  -2.68140492e+00   2.07665804e-01   1.08436859e+00
   3.47470203e-01  -1.16873742e+00   1.05889580e+00   8.11835025e-01
  -1.21637146e+00  -2.04480256e+00   3.09753597e-01   1.23884605e+00
   9.01100478e-01  -1.50302049e+00  -2.59854630e+00   6.26924576e-01
   2.05893195e-01  -2.88485570e+00   9.82688274e-01  -7.29531418e-01
  -9.62710899e-01   2.18954620e+00   3.43462249e-01   5.41703648e-01
   1.37184797e+00   9.12406021e-01   4.42152353e-01   1.05981337e-01
   7.50555598e-01  -2.34228162e+00  -1.68080504e-01  -2.03526173e+00
   1.96459608e+00   2.40886527e-01  -1.20824656e+00   7.62100815e-01
   1.69250639e+00   1.03036924e+00   1.19911905e+00  -1.88820375e+00
  -2.04217473e+00   7.19431841e-02  -2.74348713e+00   7.95396887e-01
  -1.64089630e+00   1.29182618e+00   1.70276401e+00  -2.98654431e+00
   5.01635418e-01  -1.86324887e-01  -9.25156574e-01   4.96736161e-01
   1.67807542e+00   1.35139230e+00   3.71718136e-01   1.37030412e-01
   1.35998857e+00  -1.07758068e-01   9.48035682e-01  -1.26079591e-03
  -1.82496117e+00  -2.94969624e-01   8.74794185e-01  -1.06922107e+00
   1.01196254e+00  -1.93030741e+00   5.14564285e-01   1.95319318e+00
   8.75448952e-02   1.49358488e+00   1.23809474e+00   1.48849250e+00
   3.54165212e-01   7.41855753e-01   5.25229695e-01   3.37188595e-01
  -6.26804450e-01   1.36745102e+00  -9.00668736e-01   4.91687510e-01
  -5.36983338e-01   1.69890448e+00   1.28565769e+00  -3.19356159e+00
   2.16207997e-01  -1.56793659e+00   7.95351416e-01  -2.35494285e+00
   6.19578929e-01   1.94635498e-01  -1.79823552e+00  -3.33564357e+00
   7.48748249e-01   1.06861307e+00  -2.22329723e+00   8.44184422e-01
  -1.63326364e+00   8.68708353e-01  -5.35619840e-01   1.41908414e-01
   7.42643414e-01   1.54726051e+00   5.92355461e-01  -1.56576508e-01
   3.50679397e-01   2.53408514e-01   1.54573082e+00  -2.13208049e+00
   1.46120355e+00   8.12372789e-01   1.83941144e+00   3.31352109e-01
  -1.74116067e+00   2.78448893e-01  -2.00040577e+00  -2.82525370e+00
  -5.90868927e-01  -2.37387641e+00  -4.37926304e-01   3.53137937e-01
   1.12372426e+00  -2.31504331e+00  -7.46703150e-01  -2.20146579e+00
   5.60990806e-01  -7.47843915e-02   1.09485931e-01   2.19386060e+00
   1.87503972e+00  -3.62300381e+00   4.95339915e-02   8.48540909e-01
  -3.63248618e-01  -1.61836750e+00   9.42814375e-01  -1.05195849e+00
   6.61896468e-01   7.84910027e-01  -2.01333361e+00  -2.01881804e+00
  -5.07145159e-02   8.26351447e-01   1.49543365e+00   2.16238433e-01
  -1.01869707e+00   3.92017572e-01   9.33217907e-01   2.89914269e-02
   6.81342287e-01] [  1.02555564e+00   3.06302093e+00  -1.88243339e+00  -1.13879849e+00
  -5.62286713e-01   9.09760629e-01   1.06309684e+00   7.77542085e-01
  -6.31981977e-01   4.13704483e-01   1.36297929e+00  -2.16603157e+00
  -6.73692846e-01  -5.18306564e-01   3.89667071e-01  -8.87583437e-01
  -1.18940762e+00   1.18253791e+00  -7.79521783e-01  -9.79335003e-01
  -2.08329774e+00  -7.25512997e-01  -8.82182877e-01  -9.61973193e-01
  -1.44450375e+00  -1.43194322e+00  -1.65278985e+00   1.74260957e+00
   7.10576530e-01   7.40630805e-01   2.33315016e-01   1.57948448e-01
   1.63295627e+00   7.10793220e-01  -1.52285685e+00  -1.59373573e+00
  -6.93749203e-01  -1.53265138e-01  -1.42435839e+00  -5.00583851e-02
  -2.10650040e+00   1.50273082e+00   1.05591754e+00   1.00554412e+00
   1.27045297e+00   1.12073746e+00   1.15415297e+00   3.91446853e-02
   7.71589698e-01  -5.68725432e-01  -1.03103368e+00  -1.27045915e+00
   9.66531126e-01   1.19759597e+00  -1.04857497e+00  -1.12304627e+00
  -1.35148927e+00  -3.98615408e-01  -6.70780200e-01   9.69584410e-01
   6.06614550e-01  -5.35061613e-02  -1.72509114e+00   4.25814642e-01
   6.46510509e-02   1.13691088e+00   1.43785545e+00   1.38218515e+00
  -6.61237617e-02  -1.26488844e+00  -1.18409594e-01   1.85911437e+00
   1.30569928e+00   2.06336339e+00  -1.22563262e-01  -1.10704491e-01
   1.25813709e+00   7.02340905e-01  -1.00874734e+00  -2.45446867e-01
   5.12516461e-01  -1.55020613e+00  -1.16529868e+00   1.15640850e+00
  -5.12037737e-01   7.17057091e-01   1.50408548e+00   8.68425015e-01
   2.05554117e+00   1.27084887e+00   8.63129650e-01   9.67608835e-01
  -1.08494372e+00  -1.82063619e+00  -1.03991163e+00   2.54402119e-01
  -1.16937398e+00   8.94939246e-01   5.88906682e-01   6.29404769e-01
  -6.61978035e-01  -2.26887989e+00   7.25385832e-01  -1.35663463e+00
   1.46268578e+00  -1.73853460e+00   5.71432278e-01   9.61838510e-01
  -1.01075861e+00  -1.34997992e+00   1.75892784e+00  -1.45875979e+00
   9.34581275e-01   2.25663588e-02   5.11621933e-01   9.44953227e-01
  -7.28845699e-01  -1.26076993e+00   1.49056128e+00   1.17897802e+00
   1.50172450e+00   3.10710132e-01  -1.92557735e-01   1.63592970e+00
  -1.24317291e+00   7.41630557e-01  -1.87281951e+00  -8.53498845e-01
  -7.86589905e-02   1.71289045e-01   8.48081250e-02  -1.08292347e+00
  -1.97914815e+00   1.59103746e+00   8.17913662e-01  -1.65133356e+00
   3.36772393e-01   1.06068631e-01  -1.61981478e-03  -1.71616946e+00
  -3.82151746e-02  -1.39136465e+00  -1.18155616e+00  -9.11775200e-01
  -1.10777912e+00  -1.01011526e+00  -1.02853090e+00  -1.14487945e+00
  -5.77818867e-02  -9.46745612e-01  -9.28571264e-01  -1.91973747e-01
   9.75171590e-01   1.09568456e+00   1.16731987e+00   1.65771719e+00
   8.40586183e-01   1.71630790e+00   4.39623436e-01   3.50508516e-01
  -2.15905620e+00   4.55306651e-01   5.41783004e-01  -3.97953515e-01
   1.57345796e+00  -9.80143290e-01  -9.99431958e-01  -1.19198717e+00
   8.81691406e-01  -1.08147713e+00  -1.62629630e+00  -1.34217263e+00
  -1.54470047e+00  -9.54834117e-01  -1.16979038e+00  -1.19554608e+00
  -2.78332394e-01  -4.40854631e-01   4.57974905e-01   2.69627020e-02
   2.11253709e-03  -1.21269631e+00  -8.91844231e-01   1.52079945e+00
  -1.67604909e+00   8.87148623e-01  -1.14727727e+00  -1.06325100e+00
  -6.64580694e-01  -5.15595902e-01  -9.07714157e-01   1.35141416e-01
   1.02610199e+00  -9.12528950e-01  -1.67045636e+00  -8.04978334e-01
  -2.18845410e-01   2.57836724e+00  -9.55667719e-01   1.59521086e+00
  -7.18715451e-01  -1.24257094e+00  -1.24776499e+00   1.48416464e+00
   1.14601424e+00  -5.46824727e-01  -2.59592084e-01   1.63080622e+00
  -9.02724833e-01   1.24964534e+00   1.14370622e+00  -1.23198773e+00
   6.95973490e-02  -7.61373723e-01  -1.11443593e-01   1.86965513e-01
   7.65875664e-01  -1.59433938e+00  -1.09768877e+00  -1.02896284e+00
  -1.01347845e+00  -2.35037093e+00   3.33851973e-01  -1.33993773e+00
   1.20035516e+00  -1.95557578e+00   6.15122764e-01  -6.05583094e-01
   2.24857267e+00  -6.69426357e-01   8.81940455e-01   1.29692677e+00
   1.19499987e+00  -7.38860227e-01  -1.06899017e+00  -8.31642218e-01
  -2.77901191e-01  -2.87586243e-01   8.91326318e-01  -7.88372000e-01
  -1.39795726e+00   1.82257663e+00   1.64438988e+00  -1.86491130e+00
   6.94010979e-01   6.54746201e-02  -9.80933499e-01  -3.97836441e-02
  -2.11751782e-01   1.68600493e-03   4.47454761e-01   8.91173007e-01
  -1.15555820e+00  -3.15299634e-01   4.38103243e-01  -6.40288310e-01
   9.98863163e-01  -2.91439035e-01  -1.29152698e+00  -1.40500116e+00
   6.81520773e-03  -1.31013496e+00  -1.98509660e+00  -8.64338479e-02
   1.43908711e+00   1.67004407e+00   4.17965952e-01  -7.16808701e-01
   1.05994151e+00  -1.47785655e+00  -6.78821418e-01   2.94952248e-01
  -7.67711004e-01   1.27926480e+00  -1.28513391e-01   1.40170385e+00
   1.98943722e-02   1.16597703e+00  -3.98626396e-01  -6.61342638e-01
  -7.93047333e-01  -1.20790724e+00  -4.36374493e-01   8.01145104e-01
   1.77296261e+00   2.36542015e+00   5.78124930e-01  -1.18066275e+00
  -6.59456076e-01  -9.96082903e-01   5.53607673e-01   7.68874702e-01
   1.00333596e+00  -8.31498598e-01  -4.31947840e-01   1.05750298e-01
   1.51750921e-01   1.59894624e+00   1.62263178e-01   1.28679167e+00
  -1.37553332e+00  -6.19576453e-01   1.92032642e-01   1.56398859e-02
   7.24243453e-01   1.19826082e+00   1.01198872e+00  -1.42165639e+00
  -9.14581614e-01  -8.79481439e-01   9.67648539e-01  -1.88422373e+00
   8.38534669e-01  -2.04897465e+00   1.26711032e+00  -2.38245648e+00
   3.20059770e+00   7.05985477e-01   4.94052037e-01  -6.59951763e-01
  -3.28091000e-01   1.20822038e+00  -1.08694671e+00  -2.20695535e+00
   2.53050834e-01  -2.40739818e-01   3.03049435e-01   2.19730858e+00
   3.22345738e-01  -2.07472096e+00  -6.51416985e-01   6.56080267e-01
   2.35853707e-01   1.85240790e+00  -1.76115909e+00  -6.66241477e-01
  -1.53052933e-01   3.30440450e+00  -1.69857868e+00  -1.04832707e+00
   1.28883277e+00   6.73696113e-01  -1.83927273e+00   7.23354530e-01
  -1.38707944e+00   1.21512663e-02   4.40279644e-01   2.60067246e-01
  -1.39389725e+00   6.93300912e-01   1.68366415e+00  -4.74660461e-01
   1.19096570e+00  -1.86975862e+00  -8.58077018e-01  -2.20486890e+00
   9.43523675e-01  -1.15206090e+00   1.30909226e+00  -7.53355500e-01
   2.17928436e-01  -6.90965670e-01  -1.02364024e+00   2.24334593e-01
   1.15275937e+00  -5.09999975e-01   1.79107658e+00  -6.63168661e-01
   8.97690814e-01  -1.30387084e+00  -2.15057860e-01  -9.90370697e-01
  -8.30516510e-01   1.12085607e+00   1.80273756e+00  -2.88310444e-01
   8.52987396e-01   1.17191640e+00   2.75987035e-01   1.23505636e+00
  -3.75657556e-01   6.23022244e-01  -5.22373150e-01  -1.19282915e+00
  -3.43202318e-01  -1.39515438e+00   2.94731654e-01   8.44746778e-01
  -7.59844779e-01   1.72549559e+00   1.23228246e+00   2.76331645e-01
   1.16841024e+00  -1.33448474e+00  -5.04126936e-01  -4.88729163e-01
   5.19380438e-01   1.85637382e+00  -1.74719754e+00   3.39639082e+00
   2.12012416e-01   1.09634008e-01   1.29797999e+00  -4.43676067e-01
  -1.01591185e+00  -1.60772100e+00  -3.36844819e-01  -2.58819164e-01
   1.71368300e+00   6.95647457e-01   4.01156592e-01  -2.90990910e-01
  -1.63679118e+00   1.93893287e-01  -1.84381460e+00  -9.43623251e-02
   9.79683038e-01  -8.75553147e-01   1.02113162e+00   1.36616994e+00
  -2.05963543e-01  -5.17383280e-01  -1.56911019e+00  -1.40622214e+00
  -1.47278658e-01   8.90105201e-01  -2.32538239e+00   9.05438253e-03
  -1.28229805e+00  -1.78839741e+00   1.56046460e+00   5.43551898e-01
   1.78603938e+00  -1.42845719e+00  -1.79086529e+00   8.53623992e-01
   9.65987470e-01   1.14834091e+00  -8.48267588e-01  -1.36618282e+00
   3.50081520e-01   3.74258239e-01   6.01976344e-01   1.13381728e+00
   1.67783966e+00  -2.67469285e+00   1.99093095e+00  -9.16281644e-01
  -5.79939603e-01  -3.17060861e-02  -1.14572200e+00   7.41795704e-01
   1.03624719e-01  -1.36606609e+00  -8.17333621e-01  -3.59034184e-01
  -5.26222821e-01   1.63682182e+00  -1.10252873e+00   3.15287763e-01
   1.07644635e+00   8.82975851e-01  -1.65897757e-01   1.11536459e+00
  -1.15820430e+00   1.21954430e+00   9.40231499e-01   4.05165077e-01
   1.97185440e+00   1.31606944e+00  -1.57300546e+00   1.36032608e+00
  -7.06879988e-01  -2.09048935e+00   7.57941103e-01   2.31267526e-01
  -1.34555015e+00   1.49077682e+00  -1.05766392e+00  -1.11457342e+00
   9.05337398e-01   2.66388127e+00   5.75696842e-01  -3.65806209e-01
   9.07060171e-01   8.73221151e-01   1.12161625e+00   2.00057933e+00
   1.22218445e+00   2.66578723e+00  -4.31671652e-01  -1.13432918e+00
   9.68973918e-01  -8.77197952e-01  -1.75675894e+00   9.29683100e-01
  -1.00906131e+00  -5.62402916e-01  -4.26699801e-01  -8.27990214e-01
   9.30757558e-01   9.35394799e-01  -1.83796680e-01   7.28273462e-01
   1.74981911e+00   7.00778374e-01  -8.71945659e-01   1.65814315e+00
  -2.40134983e-01   4.63576473e-01  -4.43153233e-01   6.29123779e-01
   6.36031057e-01   1.13444436e+00   8.17327598e-01  -7.34280507e-01
   6.37449128e-01   7.75058910e-01  -9.45004141e-01   1.42807192e+00
  -2.75243949e-02   9.72386784e-01  -7.70579705e-01  -1.01554433e+00
   2.59107361e-01  -9.92176342e-02  -2.44364000e-01  -7.01733213e-01
  -8.32548518e-01  -4.85422115e-01   1.17935284e+00  -8.04258573e-01
   9.25597565e-01  -4.37300832e-02  -6.30968523e-01   1.11261372e+00
  -1.22191463e+00   3.81540300e-01  -6.89436641e-02   2.44708285e-01
   5.30577318e-01  -7.02445177e-01   9.49681390e-01   1.20190180e+00
   1.00731405e+00   1.16861546e+00  -8.33220640e-01  -1.62887538e+00
   1.47562542e+00   1.18105488e+00   1.14764856e+00   5.79946668e-01
  -3.13769886e-01   3.99297516e-01   3.79370946e-01   8.00521669e-01
   3.86130474e-01   1.09712886e+00  -1.80293006e+00   1.29199354e+00
  -2.01258962e+00   4.22272076e-01  -2.11626696e-01   4.20065560e-01
  -6.33675876e-01   7.16323827e-01   6.24767960e-01  -1.78497881e+00
   4.07608468e-01  -6.65310981e-01   1.02409623e+00  -1.25870353e+00
  -9.08235904e-01   1.11979576e+00  -5.13758153e-01  -1.31359074e+00
   1.27614030e+00   1.38646282e+00  -8.30344554e-01  -1.44185010e-01
  -1.33059565e+00   1.26201782e+00   4.91543739e-01  -6.73778695e-01
   1.15686652e+00  -9.73121410e-01  -7.26254864e-01   5.67801362e-01
  -1.03131871e+00   8.99518513e-01   1.30849941e+00   2.57196582e+00
   4.28817882e-01   2.03939413e+00   5.42910509e-01   4.42828458e-01
   1.02711503e+00  -2.26246989e-01  -9.28046989e-01  -8.39632621e-01
   8.75315125e-01   2.98117610e-01   1.94763153e-01   5.18726412e-01
  -1.42913380e+00  -1.27200527e+00  -1.32863743e+00   1.79153812e+00
  -8.48341383e-01  -1.14549092e+00   8.53768205e-01   1.40433874e-02
   9.46263770e-01  -1.28356096e+00  -6.66160076e-01   1.45393515e-01
   2.18837685e+00   3.93558858e-01  -1.96941005e+00  -1.32698609e+00
   1.34663859e+00   7.78108434e-01  -1.21544928e+00   5.38273184e-02
   6.47738771e-01  -1.06791147e+00  -2.13547917e+00  -1.41792599e+00
   2.15307936e+00   1.58514427e+00   1.00603884e+00   1.23861330e+00
   2.17382841e+00  -2.92651598e-01  -9.18785414e-01  -8.32490572e-01
  -1.42934174e+00   7.84018339e-01  -2.40215852e-01  -3.31492427e-01
   1.82489914e+00   1.34313015e+00  -4.33521745e-01   4.77173748e-01
  -5.24430679e-01   1.04245828e+00  -9.68437343e-01   1.08642548e+00
   2.15485042e-01  -1.11838053e+00  -7.91097778e-01   9.97386026e-01
  -9.16628698e-01  -1.50652003e-01   3.54587167e-01   7.36667290e-01
   4.66369447e-01  -1.72975644e+00   2.35368234e-01   8.67023532e-01
  -7.15436373e-01   8.29053768e-01  -1.64272682e+00  -4.55390951e-01
   1.46063585e+00  -7.52027734e-01  -1.26245921e+00  -9.00280469e-01
  -1.69001737e+00   9.46814132e-01  -3.64701454e-01  -1.05806422e+00
   3.38977316e-01   1.42562297e+00   8.76285399e-03   3.60824697e-01
  -1.37995006e+00  -7.88596840e-01  -9.06567905e-01  -2.05330217e+00
  -1.51756859e+00   8.85354805e-01  -8.50272780e-01  -4.80828980e-01
  -1.10619049e+00   7.67197573e-01   1.12455011e+00  -4.26653218e-01
   7.10927368e-01   1.27077176e+00  -1.31455724e+00  -2.36214089e+00
  -2.27757718e+00   4.42674074e-01  -4.89546893e-01   1.23992677e+00
  -1.14252144e+00  -9.22405707e-01   4.56961636e-01  -1.50387082e-01
  -7.80045929e-01   1.39684357e+00   7.27545047e-01   1.04786181e+00
   9.10689528e-02   1.01509866e+00  -1.28227614e+00   1.05706282e+00
   7.13437641e-01  -3.10557285e-01   1.18169614e+00   3.28918455e-01
   3.09389901e+00   1.60896364e+00   1.20274149e+00   6.02386840e-01
   1.51859329e+00   8.68426242e-01  -2.95583380e-01   2.93854364e+00
  -8.92063771e-01   6.17894661e-01   1.10870458e+00  -1.61357398e+00
  -8.01206542e-01   1.15349609e+00  -1.23047671e+00  -1.23307128e+00
  -1.17611462e+00  -1.35520295e-01   1.26414224e+00   2.76266929e-01
   1.40722970e+00   5.55017897e-01   1.45033930e+00   1.28149654e+00
  -1.24827077e-01   1.47229852e+00  -1.10264132e+00  -1.23944753e+00
  -1.15453889e+00   4.22240657e-01   1.23021419e+00  -1.07527195e+00
   2.89230865e-01   2.51191216e-01   1.49534212e-01   9.99599093e-01
  -2.69347169e+00  -3.64359604e-01  -1.75687522e+00   7.87777306e-01
  -2.01356421e+00  -1.00212689e+00   1.36326065e+00   3.01008294e+00
  -1.06544743e+00  -1.38712256e+00   7.30682015e-01   1.31264910e+00
  -1.77372635e+00  -1.10839349e-01   1.07657483e+00   1.46296351e+00
  -5.09306898e-01  -2.71836961e-01   9.93445698e-01  -1.16286011e+00
   1.85878497e+00   2.45749552e-01  -2.64247997e+00  -1.43850642e+00
  -6.67350378e-01   1.26561000e+00  -1.22757576e+00   7.46452714e-01
  -9.92797678e-01   5.30360635e-01   1.86094225e+00  -2.24441766e-01
   1.13134864e-01   8.28247980e-01   8.69951508e-01  -5.70459175e-01
  -1.39070916e-01   1.25772867e+00   8.93771687e-01   1.80660313e+00
  -2.03819142e+00   1.39789828e+00  -1.16213943e+00  -1.10760898e+00
   8.35798647e-01  -1.55918798e+00  -8.80983750e-01   5.43466433e-01
   5.85495337e-02  -2.02835547e+00   1.44336668e+00   1.54280903e+00
   7.52298647e-01   2.54372432e+00  -2.18460539e+00   3.93240734e-01
   3.06433349e-01   6.58759175e-01   7.76131899e-01  -1.89665995e+00
  -1.57164403e+00  -3.22248807e-01   6.79807916e-01   1.17569589e+00
  -2.14461298e+00   5.39517222e-01  -6.43822906e-01   6.92896500e-01
  -2.30077798e-01  -5.49814401e-01  -1.48742167e+00  -4.88816950e-01
  -1.72405293e+00] [  4.30883931e-01  -4.22982478e-01  -1.45105255e+00   3.78005850e-01
   8.70704584e-02   1.52734566e-01  -2.76947158e-01   1.07896315e+00
   5.53335179e-02   3.40593352e-01   7.33632029e-01  -1.25579150e+00
  -5.69963756e-01   4.23426345e-01   2.78836509e-01   7.78187054e-01
   4.81061878e-01   4.04591001e-01   8.18963914e-01   1.00484237e+00
  -4.32211122e-01  -3.91361695e-01   6.84801393e-01  -7.14591115e-01
  -3.78715876e-01   2.56733375e-01  -1.89775471e+00   1.84190901e-01
   1.91962724e-01  -4.24476715e-01  -2.48563882e-01  -1.13285722e+00
   5.51307383e-01   1.54485101e+00  -3.94588029e-01  -5.70832219e-01
  -7.22940354e-02   5.39734113e-01  -1.74022461e-01   1.15568980e+00
  -1.74163737e+00   5.89812484e-01   6.60218316e-02  -3.10638891e-01
   2.54390293e-01   3.40899825e-01  -7.64727658e-01  -1.11805150e+00
   5.53333103e-01  -2.82103302e-01   9.58121856e-01   1.53292454e+00
  -6.74357019e-01  -1.51532310e-01   2.19546463e-01  -1.66658990e+00
   6.90023814e-01   7.24192275e-01   4.24093210e-01  -1.36872424e-01
  -5.60405630e-02  -4.12789964e-01  -4.14998686e-01  -1.06460075e+00
  -1.67359522e-01   7.77663997e-01   7.70842828e-01   5.96751187e-01
  -8.94114236e-01  -1.65518613e+00   3.42151823e-01   9.88773167e-01
  -8.14172647e-01   2.00445934e-01   1.43215924e+00   2.33574086e-01
   2.80817197e-01  -2.14489225e-03  -2.39102986e-01   4.46291036e-01
  -2.19134271e-01  -1.19416078e+00   5.45895846e-02   5.91519311e-01
   5.09686496e-01   3.43163389e-01   5.70044572e-02   8.49807035e-01
   3.96050637e-01   1.02537217e+00  -6.92705064e-01  -1.29679049e-01
  -2.60449280e-01   4.88660868e-02   8.63175158e-01   3.96252670e-01
  -6.72952420e-02  -5.81895131e-01   1.91387855e-02   6.22705840e-01
   7.24887381e-01  -9.32743032e-01  -1.04313589e+00  -5.71264163e-01
   4.53337394e-02  -6.41402694e-02   4.24239249e-02  -5.91303418e-01
   8.21399281e-01   1.15258986e+00   2.45671804e-01   5.61527680e-01
   5.65670040e-01  -4.79695845e-01  -3.61374869e-01  -4.94821710e-01
  -1.30686023e-01  -2.09536879e+00   1.29712350e+00   2.99456414e-01
   6.25622375e-01  -1.12907241e+00   6.17826184e-01   1.02736816e+00
  -4.61513512e-01   1.43254384e-02  -5.28231359e-01  -2.39495093e-01
   7.27666972e-01  -9.67857334e-02   1.46544871e-01  -1.22268222e+00
  -1.67083149e+00   1.21431420e+00  -1.08546525e-01   2.79409233e-01
   3.63960375e-02  -1.23970764e-01   4.10649829e-02  -9.76593113e-01
   4.78520351e-01  -1.14141711e+00  -2.37051194e+00   8.48923727e-02
  -2.52466054e+00   2.23434210e-01   3.44810991e-01  -4.66075556e-01
  -4.91003323e-01  -6.28881163e-01  -1.94670135e+00  -2.64910304e-01
  -7.19455169e-01   2.67598421e-01  -7.53517437e-02  -4.93703455e-01
   2.79705616e-01   3.16486778e-01   7.70446154e-01  -5.64582627e-01
  -1.32966424e-01  -6.00225509e-01   6.48602816e-01   2.23703861e-01
   5.23931756e-01  -5.56757632e-01   5.01122170e-01   9.67434874e-01
   4.96956052e-01  -5.08992147e-01  -1.50109671e+00  -1.20730362e+00
   8.33243753e-01  -7.04309973e-01   1.35822068e+00  -1.55516005e-01
  -1.14827144e+00  -6.58955972e-01   2.98289662e-01  -1.15345828e-01
   3.62817425e-01   3.83010800e-01  -8.32919215e-02  -6.24057762e-01
  -1.08305822e-01   7.47320849e-01   9.01767628e-01  -9.79358113e-01
   6.67836158e-02   6.35209912e-01  -5.42041256e-01  -7.56702657e-01
   6.12531915e-03  -8.41672513e-01  -9.45011321e-01  -9.95339116e-01
  -3.93039026e-01  -1.70262458e+00   8.24756766e-01   9.00079619e-02
   9.09520551e-02  -1.07809436e+00  -2.48923405e-01   1.70223273e-01
   1.34269042e-02  -1.28018613e+00   4.63913028e-01  -3.78475765e-01
  -1.03570555e+00   7.50068934e-01  -6.67302604e-01   1.26802888e+00
   5.51590783e-02   1.01151871e+00  -1.56997015e+00   1.29233956e+00
   3.71525408e-01  -2.45338677e+00   9.95952330e-01  -3.19855258e-01
   7.03983916e-01  -5.91213673e-01   5.64349920e-01  -6.20996387e-01
  -5.85677639e-01  -9.55319781e-01  -8.74005366e-02   9.12123194e-01
  -4.56968508e-01  -5.25826378e-01  -5.01154330e-01   5.99272215e-02
  -3.10155830e-01   8.39603475e-02   1.06147244e+00   4.23937781e-01
  -5.94446288e-01  -2.79687647e-01   8.31419786e-01  -7.19314500e-01
   2.64513904e-03   6.53314297e-01  -6.97863079e-01  -2.17614829e+00
  -4.03663113e-01  -4.86991921e-01  -1.87890954e-01   1.37187050e+00
   1.69611754e-01   2.67974784e-01  -2.42735332e-01   6.31468886e-01
  -5.83364746e-01   6.53178114e-01  -1.66340114e-01   1.08885187e+00
  -1.43311434e+00  -1.19679139e-01   2.95887893e-01   1.41495894e-01
   4.37121056e-01   5.97129325e-01  -8.11495537e-01  -9.74206505e-01
  -1.21994705e-01   1.34923797e+00   7.24062812e-02   9.71917219e-01
   3.16160943e-01   9.69403492e-01   2.59001464e-01   9.72520903e-01
   4.78412980e-02   8.20624534e-01  -1.85253909e-01   1.75497607e-01
  -7.63493127e-01   3.20035990e-01  -7.20148204e-01   7.24228471e-01
   1.71406559e-01   1.13894578e+00   8.34316587e-01  -7.14066283e-02
   7.91429361e-01   8.62140988e-01   7.85503619e-01   4.61946717e-01
   9.03772000e-01   2.39879598e-01  -4.71460418e-01   5.46226380e-02
   1.07248850e+00   1.89058886e-01   4.36648120e-01  -8.74947751e-01
   2.35679686e-01   4.27515010e-01   5.64147241e-01   2.41393193e-01
  -9.27821911e-02  -2.28577594e-02   1.68331539e+00   8.69760883e-02
   1.40312230e-01   6.05762005e-01  -2.51025934e-01  -2.57856025e-01
  -1.21415429e+00  -1.86943462e-01  -5.78851306e-01  -3.72985917e-01
   5.08251679e-01  -1.85139210e-01   4.33315741e-01  -5.68825250e-01
  -1.09402392e+00  -2.11301829e-01  -6.95646666e-01  -2.18776687e-01
   1.00212971e+00   9.70033172e-01   5.04889414e-01   1.33051495e-01
  -8.33203028e-01  -8.78084446e-01   2.69009815e-01  -1.35975384e+00
   6.61326062e-01  -1.27903108e+00   4.98726494e-01   4.78564515e-01
  -9.31001082e-01  -3.92101939e-02  -1.41253013e+00   7.04822853e-01
   4.22801496e-01  -8.67645627e-01   1.30658353e+00  -1.82765302e+00
   3.12303399e-01   3.16732986e-01  -4.94393711e-01  -3.17364105e-01
   3.20125785e-01  -1.47594755e-01  -9.16406520e-01   3.24775007e-01
  -1.51557693e-01  -5.89645234e-01   1.65036229e+00  -5.56491391e-01
   5.13089366e-01   4.65266775e-01   5.51862972e-01  -1.47446496e+00
   1.45807977e+00   6.43800557e-01   1.21078603e-01  -1.06525916e+00
   1.56358569e+00  -1.88669878e-01  -9.96736954e-02   4.92446577e-02
   1.42556712e-01   5.13196869e-01   4.34332572e-01   8.02118338e-01
   4.70479809e-01  -2.33495081e+00   2.95061537e-01  -5.85555868e-01
   4.47484910e-01  -1.82625578e-01   1.18427840e+00  -9.27641900e-02
   1.08952237e+00  -3.52387897e-02  -2.71755699e-03   4.42459958e-01
   3.46849421e-02   3.78466716e-01   1.29877349e-01   4.17042680e-02
  -3.55516013e-01  -1.67415292e+00   2.52109588e-01   2.72813727e-01
  -2.56104391e-01  -9.31171756e-01   6.22910957e-01   3.32867845e-01
   2.51100204e-01   1.31014682e+00  -1.16156033e-01  -5.75494795e-01
   3.91105562e-01   9.44882234e-01   3.22516450e-01  -9.76530656e-01
   8.73429417e-02   8.54136825e-01  -6.37190743e-01  -2.07460182e+00
  -1.03053549e+00  -9.98660541e-01  -8.40814624e-01   8.66705293e-02
  -1.11962471e-01  -4.13326433e-01   1.82207645e+00   2.25855230e-01
   3.53463854e-01   3.55927829e-01  -1.43413557e+00  -2.93003675e-01
   2.90262962e-01  -1.25420690e+00   1.56932801e+00   1.10068725e+00
   3.40529254e-01   4.94320982e-01   3.18963064e-01   6.51510038e-01
   1.32240219e+00   4.22430768e-01  -1.82394414e+00   8.43453210e-01
   7.91340757e-01  -2.81541320e-01   6.76638827e-01  -7.65923953e-01
   8.32546265e-01  -8.02302335e-02   9.64621290e-01   2.18629739e-01
  -1.68379147e-01  -2.51825028e-01  -2.51656648e-01  -3.85710924e-01
   5.03976130e-01   2.63367382e-01   1.72382168e-01  -5.39171210e-01
  -5.60133762e-01   7.58339343e-02  -6.13204155e-01   4.64907752e-01
  -8.19526436e-01  -2.66890048e-02   1.96919504e-01   3.70621149e-01
   1.05402710e-02   3.46974127e-01   8.68224233e-03   8.91003963e-01
   7.14355373e-01  -6.58268631e-01  -1.94100985e+00   1.09435593e+00
  -1.28919594e-01  -2.86302649e-01  -7.86477448e-02  -4.80089137e-01
   4.99736636e-01   2.75434214e-01  -2.10254486e-01  -7.89009620e-01
  -2.82151590e-01   5.87632276e-01   8.91382809e-02  -3.31351030e-02
  -1.59663566e+00   4.64561761e-01  -3.43770915e-01  -3.25360279e-02
   1.73558274e-01   7.11099868e-01  -1.15507232e-01  -2.50373461e-01
  -9.44994911e-01  -9.92538703e-01   1.33135048e-01   1.17586848e+00
   1.42556728e-01  -1.34048400e+00  -4.42936050e-01   4.82989002e-01
   1.58817443e+00  -7.59403018e-01  -5.00386744e-01  -1.14990231e+00
   4.70249827e-01  -2.19260154e-01   4.80599478e-02   1.51741877e+00
   1.05238404e+00  -3.77980369e-02  -8.85342143e-01   3.84411317e-01
   1.27848775e-01  -4.28710535e-01   4.40374207e-02  -6.63659066e-01
   1.04519040e+00   6.40801903e-01   6.11029075e-02   6.50211227e-01
  -2.37465841e-01  -1.95252968e-02   3.18783178e-01  -1.36631810e-01
   1.02904081e+00   1.69610633e+00  -4.29969602e-01   1.50633763e+00
   3.13898029e-01  -3.00674663e-01   9.39618432e-02   4.07149023e-01
   4.18616028e-01   1.10857566e+00   3.80185145e-01   9.23288171e-02
  -6.88579395e-01  -1.03868826e-01   1.24123937e-01   6.00126935e-01
  -5.47561478e-01   1.37474200e+00   4.09085898e-01  -4.26567671e-01
   4.91209380e-01  -3.44241659e-01  -8.90111035e-01   5.18690287e-01
   1.26278922e-01   7.94020334e-02   1.04541752e-01  -1.53945765e-02
   8.46277379e-01  -1.20009483e+00   2.57494237e-01   1.43529949e+00
   6.96640156e-01  -1.66051475e+00  -6.15504780e-01   4.73112729e-01
   8.84168472e-01   1.55993425e-02   2.32733097e-01   2.27711128e-01
   2.00910624e-01  -1.84937274e-01   3.13880054e-01   9.02022701e-02
   5.89857332e-01  -2.00770139e-01  -9.65880253e-01  -7.91432571e-02
   2.42315721e-01  -4.23262014e-01  -1.00624157e-01   7.50767720e-01
   7.84358319e-01   2.93514529e-01  -4.42028251e-01  -1.82694682e-01
  -1.17633962e+00  -1.15859282e-01  -2.76105871e-01  -3.42426688e-01
   2.05250856e-01  -5.81809890e-01   5.19404592e-01  -8.18021542e-01
   8.03233626e-02   4.78405226e-01  -4.91381597e-01  -8.46552536e-01
  -1.72420590e+00   4.83235716e-01   1.01706115e+00   3.63173618e-01
   9.00491768e-01  -5.52306529e-01  -5.81667605e-01  -2.01899411e-01
  -1.48789764e+00  -4.30654187e-01  -1.47079567e+00  -8.91329680e-01
  -2.41646360e-01  -1.02748299e+00  -3.82698336e-01  -6.35651220e-01
  -1.71712464e+00  -4.93571061e-01  -8.27397438e-02  -1.21447508e+00
   3.63007450e-01   7.30458194e-01  -3.75383994e-02   7.50749761e-01
   3.59331016e-01  -7.91077148e-01  -1.06816603e+00   2.38364070e-01
   7.82300770e-01  -1.79584538e-01  -1.72172528e+00   1.13932901e+00
   5.66232169e-01   1.12222331e+00   1.41515344e+00   5.25728493e-01
  -1.25896032e+00  -2.95804731e-01  -1.63314290e+00   7.95303880e-01
   1.92531066e+00  -1.07090564e-01   3.70458282e-01  -4.13800218e-01
  -3.17466824e-02   5.07590242e-01   1.31691935e+00  -2.68094306e-01
  -1.42134507e-02  -1.05603764e-01   1.43900142e-01   4.86477103e-01
  -1.94490724e-02  -1.50893215e+00   6.23417919e-01   1.86845161e-01
  -4.26373384e-02  -9.09825592e-01   1.76652058e-01  -4.12860000e-01
  -1.34875136e+00   5.95333130e-01   6.08722008e-01   4.77065633e-01
  -1.54816479e+00   9.38326223e-01  -1.11305161e+00  -6.88491664e-01
   9.01363470e-01  -4.87550718e-01  -5.26046055e-01  -3.29798387e-01
   3.01777180e-01  -1.56123648e+00   1.25129373e+00  -1.33718073e-01
  -5.21261451e-01   3.77925531e-04   7.26220422e-01   1.31338837e+00
   2.64593574e-01   5.19174162e-01  -5.96937002e-01  -2.05789813e-01
   9.53381471e-01   1.56432884e-01   6.04543083e-01   5.15175866e-01
  -1.43607570e+00   7.15837001e-01   1.04491976e+00  -1.08703338e+00
   4.11232341e-01  -5.57085010e-02   8.59390238e-01   6.91290039e-01
   9.68937803e-01  -1.34388411e+00   8.61287585e-02  -5.12982900e-01
  -1.26992988e+00   6.89999060e-01   3.44070636e-01   1.04163474e+00
  -3.22917821e-01   1.18711125e+00   6.76492738e-01   4.58079813e-01
   2.52254644e-01   7.35383558e-01   7.34872204e-01  -1.42554777e+00
  -1.23966508e+00  -1.15267071e-01  -1.54954621e-01  -1.31755622e-01
  -8.37408746e-01   2.27027723e-01   1.22090097e-01  -1.13910159e-01
   5.31826737e-01  -1.28265275e-04   1.17422710e+00  -6.16835845e-01
   1.82384120e-01  -3.53649068e-02  -1.11696109e+00  -4.14088719e-02
   1.36419986e+00   3.98686756e-01  -9.38945283e-01   3.99496422e-01
  -4.91000815e-01  -8.03110066e-01  -3.81057148e-02  -1.50466787e+00
   8.04705519e-01   1.26017765e-02   1.18779452e+00  -7.42958973e-01
  -1.85139187e-01   3.43854340e-01   5.05293660e-01  -4.50208021e-01
   5.09944040e-01  -4.38041527e-01  -5.40959410e-01   9.15014248e-01
   3.43345433e-01   1.00006514e+00   4.65030000e-01   5.23690981e-02
   6.74446551e-01  -2.51584266e-01   2.38965481e-01  -1.78915175e-01
  -3.22548492e-02   8.67851675e-01   8.51849700e-01   6.04265878e-02
   1.35427039e+00  -4.26147905e-01  -1.07092409e+00   3.81494334e-01
   1.91281228e-01   5.00898925e-01   5.07041237e-01   1.31688163e-01
  -4.03207966e-01  -2.83588754e-01  -1.50445559e+00   6.75711038e-01
  -5.15379266e-01   4.36619010e-01   1.32463159e-01  -1.05471198e+00
   1.04536999e+00  -1.69810915e+00   1.75158012e-01   6.80394530e-01
   6.99093047e-01   8.03640966e-01   8.84696818e-01  -2.64380258e-01
  -5.88031686e-01   1.24596484e+00   7.23650283e-01   1.35221033e+00
  -3.22437831e-02   1.09689123e+00  -1.24791653e+00   2.55846780e-01
  -6.08481985e-01  -7.14084898e-01  -1.63211557e-02  -1.72874286e-01
  -1.39247305e+00  -1.31609057e+00  -2.05195784e-01   1.05143485e+00
   6.11409704e-02   6.75601844e-01  -2.42523582e-01   1.13362734e+00
   1.21627179e+00  -9.22870523e-01   1.10430981e+00   8.72444979e-01
  -1.90430162e+00   2.66792073e-01  -1.57169952e+00   5.72152451e-01
  -1.45453360e-01  -1.12569338e+00  -2.05683749e+00   1.00135745e-01
   3.89472680e-01  -7.20549955e-04   3.76543150e-01   8.68372349e-01
  -5.21194586e-01  -8.56645116e-01  -1.13243743e+00  -1.74202527e-01
   5.89117538e-01   1.41559887e-01   1.34286508e-01  -1.48254572e+00
  -7.38365731e-02   5.04930163e-02   1.02357782e+00  -2.27160475e-01
  -6.32293333e-01  -6.08969282e-01  -1.14358929e-01  -3.86149864e-01
   8.81955751e-01  -3.00245937e-01   9.09984242e-01   3.96969262e-01
   5.20060100e-01] [  1.05015830e-01   1.29811189e+00   6.50596546e-01   1.11759632e+00
  -6.79585892e-01   5.07984944e-01  -2.24147678e+00  -2.81597775e-01
  -5.52937064e-01  -3.33665485e-01   3.68709969e-01  -3.67631436e-01
  -7.20042994e-01  -2.79492235e-01  -6.72768404e-01   1.38505008e-01
   1.76156210e+00   8.07197736e-01   7.07775785e-01  -2.14467626e-01
   5.76563646e-01  -1.20407821e-01  -1.29967064e+00  -6.07940020e-01
   3.04184773e-01  -8.15265696e-01   1.18043561e+00  -2.36421238e-01
  -1.37396940e+00   3.49367546e-01  -2.30007528e+00  -8.63721212e-01
  -5.88772383e-01  -2.74645494e-01  -9.64820184e-01   5.05043916e-01
   3.22469188e-01  -7.13950279e-01   7.82422509e-01  -1.01776297e+00
  -1.28015654e-01   3.86941958e-01   2.38619980e-01  -2.03766246e-01
  -6.19124593e-01   1.19875833e+00   6.56910676e-01  -8.49907274e-01
   1.23454917e-01  -1.79971513e+00   4.59211765e-01   2.80702033e-02
   1.20509010e+00  -1.97632907e+00  -5.80516582e-01   5.23037508e-02
   8.26517877e-01  -6.64818083e-01   2.22185075e-01  -2.17066568e-01
  -2.24135785e+00  -1.81960583e+00   1.87420720e+00  -9.24024842e-01
  -8.30742519e-01   8.39815861e-01  -1.27045026e+00   5.48474340e-01
  -1.76161251e-02   6.03229269e-01  -9.09844823e-01  -1.20558673e-01
  -1.34367329e+00   1.15407975e-01   1.43894871e+00  -8.60440363e-01
  -3.61872057e-01  -5.44903046e-01  -9.61965825e-01   5.93944748e-01
   1.54662954e-01   1.25628898e+00   7.54631232e-01   8.35036706e-02
  -8.70736651e-01   2.34353380e-01   4.61962957e-01   8.28055443e-01
  -1.85515073e-01  -1.46776705e-01  -4.52513004e-02  -1.88114031e+00
  -1.30992498e+00   3.49200870e-02  -4.89781790e-02  -1.13398100e+00
   1.11309074e+00   8.37936073e-01   1.39059685e+00   4.68872222e-01
  -7.65148687e-01  -4.15477202e-02   1.39587288e-01  -1.41914911e-01
  -2.21657344e+00  -9.74341417e-01  -1.00276486e+00  -2.25226600e+00
  -1.10531984e+00   1.44728985e+00   3.68006457e-01   5.75601713e-01
  -1.03438610e+00  -4.95552283e-01   6.28983924e-01   1.29502918e+00
   1.06964033e+00   1.08463339e-01   2.28876173e-01  -1.21150826e+00
  -1.65235621e+00  -1.78371283e+00  -1.49788882e+00   6.93706790e-01
   1.37381122e+00  -2.72650757e-01   6.93519561e-01   9.58466768e-01
  -6.25775306e-01  -3.48668939e-01  -8.82951259e-01   5.96374370e-01
   4.88937561e-01  -6.71540513e-02   2.69997450e-02   3.68308430e-01
   3.69109815e-01  -9.81607892e-01  -1.02438392e+00   1.79416253e-01
   4.79148346e-01   1.33658534e+00   9.04999447e-01  -2.44426114e-01
  -5.27884519e-01   4.53795303e-01   1.66189171e+00   1.05939406e+00
   4.80817656e-01  -1.16868635e+00   6.66392277e-01  -8.24071932e-02
  -1.50971838e+00  -2.54655087e+00  -6.43530860e-01   1.36566900e+00
  -1.93912085e+00   1.03900719e+00  -1.27565984e-01  -8.39122818e-01
  -1.28734457e+00  -5.46855845e-01  -2.27525166e+00  -1.13488051e+00
   3.06262289e-01   1.52601870e+00   2.25367985e+00   5.44301526e-01
   6.04218989e-01   2.69738077e-01  -2.51142008e-01   9.20007217e-01
   1.50937152e+00   5.96670266e-01  -1.36460311e+00  -1.29796197e+00
  -1.03640809e+00  -1.22378041e+00  -5.29969491e-01  -1.05491224e+00
  -5.33651253e-01  -1.22728470e+00  -4.63985098e-01  -2.57239909e-01
   1.08831453e+00   1.37994039e+00   4.49744862e-01   3.28540845e-01
   2.06876763e+00   9.66543898e-01  -5.17631629e-01  -4.74786363e-01
  -1.94529030e+00   9.47456084e-01   1.06093908e+00  -1.41060390e+00
   1.90598793e+00   1.56371388e+00   7.79817696e-01  -9.78789734e-02
   2.04663492e+00   6.03712044e-01   9.23538102e-01   7.73513950e-01
   7.17720984e-01  -1.06455225e+00  -4.91839999e-01   1.13056579e+00
  -1.69618166e+00   1.51092931e+00   1.58025305e+00   3.74788337e-01
   8.75849689e-01  -2.03180229e+00   5.16309785e-01  -3.01810707e-01
   2.00874106e-01   7.14842113e-01   4.69966033e-01  -6.90644566e-01
  -4.16281247e-01   2.30165954e-01  -2.92229824e+00   1.00131460e+00
  -1.11903757e+00   1.20844557e-01   1.04905095e+00   2.11073525e+00
  -2.53160769e+00  -1.66400221e+00   4.84602318e-01   3.34683478e-01
   1.56892006e+00  -6.12596924e-01   1.13760909e+00   1.08907153e+00
   7.61354239e-01   3.85038882e-01   1.48665418e-02   9.13403794e-01
   2.33545427e-01   1.41857814e+00  -2.74911245e+00   2.46316927e-01
  -3.66667078e-01   2.10837164e+00  -6.20905017e-01  -1.12571715e+00
   2.33005433e+00  -7.45118050e-01   9.78489301e-01   3.97082122e-01
  -1.47468674e+00  -8.45491645e-01   5.29382720e-01  -5.49073509e-01
  -2.17573019e+00   2.06224167e+00  -3.07811589e-01   6.51424987e-01
  -1.10481437e+00   4.93979249e-01   4.43126368e-01   8.19919049e-01
  -2.25161169e+00   5.97754346e-01   5.69579864e-01   1.34370054e+00
  -1.37121275e+00   2.16163505e+00  -1.59925251e+00   4.84511595e-01
  -1.27442304e+00   2.69656994e-01  -1.19983346e+00   6.94839024e-01
   4.58615464e-01   2.90880455e-01  -1.22195180e+00   7.05477928e-01
   6.44221059e-02  -7.83713926e-01  -1.50483272e+00   2.63314416e-01
   2.02628724e-01   3.32485028e-02   3.59311711e-01   2.14126785e-01
  -4.04078366e-01  -2.55747665e+00  -1.16271302e+00  -2.38556505e+00
   3.08526358e-01  -5.30590416e-01  -1.19408101e+00  -2.01570320e+00
  -3.96348782e-01   1.34272717e+00   8.14006082e-01   4.20163198e-01
  -1.39176289e-01  -1.26683399e-01  -1.24172430e+00   2.52378993e-01
  -6.59419987e-02   3.45803211e-01  -3.56694170e-01  -7.30028463e-02
  -8.24956130e-01  -3.26105827e-01  -1.83376630e+00  -3.70130925e-02
  -3.94659188e-01  -6.52361142e-01   6.22620950e-01   5.93763070e-01
   1.35913659e+00  -2.99805371e-01   2.89276655e-01  -4.01084826e-01
   1.34867184e+00  -5.26332999e-01   8.94197730e-01   2.81602720e-01
   9.49549506e-01  -1.86247203e-01  -3.56483772e-02  -2.39348024e-02
  -1.11020316e+00  -4.84762547e-01  -1.74966321e+00   2.28098146e-01
  -2.15908162e+00  -1.45514839e+00   4.36701823e-01   1.06815861e+00
  -2.94279988e-01   1.08657775e+00   1.46908980e-01   2.08437016e+00
  -8.70377032e-01   2.70577478e-01   6.49411094e-01   1.56025923e+00
   6.71678406e-01  -1.22082501e+00  -2.21960983e+00  -1.53353104e+00
   1.48115427e+00  -1.35579679e+00   1.11902727e+00  -7.84027884e-01
   3.67048000e-01   1.65289665e+00  -7.03530693e-01   8.32912797e-01
   1.09767726e-01   7.81870298e-01  -1.63669622e+00  -5.49889463e-01
   8.25838888e-01  -6.25458274e-01   1.30564687e+00  -9.44646365e-01
   6.59217252e-01   1.09616509e-01   5.08808335e-01   1.36666746e+00
   5.14922719e-01   2.65535460e-01   1.51494779e-01  -4.22166962e-03
   8.43352534e-01   4.91336923e-01  -4.39723860e-01  -2.38234017e-02
  -4.99772577e-01   1.07257852e-01   2.68147412e-01   3.59749071e-01
   1.24233235e+00  -9.65752562e-01   1.92675802e+00   3.90436512e-01
  -1.55891439e+00   2.09798715e+00   2.37476914e+00   7.43576971e-01
  -1.13269858e+00   1.35271081e+00   1.15561328e+00   5.29924549e-02
   4.51839232e-01   1.27360557e+00   1.83122427e+00  -6.43293907e-01
   3.26869811e-01   2.82079553e-01  -1.06707302e+00   1.79154676e+00
   2.36661187e-01  -8.31382210e-01  -1.90553478e-02   7.60262297e-01
   2.10903921e-01  -2.42873758e-01   2.21213334e+00  -1.13548108e-01
   6.47375620e-01  -2.55813450e+00  -2.68992774e-01   2.01975620e+00
   1.50628438e+00   6.77229049e-01   6.89425625e-01   1.57016990e+00
   1.59553934e-01   1.18748921e+00   1.26654243e-01   6.22263778e-01
  -1.25464523e+00   1.66932612e+00   7.97184546e-01   1.26505361e+00
   3.52387941e-01   5.10242452e-01  -7.29487295e-01  -1.52438544e+00
   7.19469031e-01   1.00995368e+00   2.55813659e-01  -1.40808978e+00
  -6.31688229e-01   9.36321145e-01  -1.62940075e+00  -7.07708495e-01
   7.23665065e-01  -8.92113812e-04  -5.64950234e-01  -1.09512786e+00
  -8.45543948e-01  -1.71165360e-01   1.92051717e-01   6.42038108e-01
   5.31356903e-01   4.87746671e-01   9.28142079e-01   1.85857948e+00
   1.22693714e+00  -1.06925198e-01   1.29807735e+00  -2.48759221e+00
   6.03126564e-01   1.67687898e+00   5.54457864e-01  -7.53973393e-01
  -3.86864258e-01  -1.01530466e+00   1.42307470e+00   3.26940341e-01
  -1.16685187e+00   4.58093675e-02  -1.96515890e-01   4.50257920e-01
   3.52329864e-01   8.91263313e-01   1.45363127e+00  -2.05503948e+00
   6.95349035e-01   1.33785715e+00   6.63142471e-01   5.96828819e-02
   6.10686480e-01   6.56289276e-01  -2.60437857e-01  -6.78271965e-01
   1.35817598e+00  -1.55648173e+00  -1.04705610e+00   1.81242778e+00
   6.43249527e-01   1.02290720e+00   1.29115924e-01   1.55034917e+00
   5.96045567e-01  -1.65520876e+00   7.23222429e-01   7.91018011e-01
  -4.72612782e-01   1.12597830e+00  -1.43543675e+00   1.40758625e+00
  -5.94697430e-01  -2.82375663e-01   1.62551560e-01  -9.57811896e-01
   4.69776480e-01   1.03254503e+00  -1.48375166e-01  -3.63421250e-01
  -1.40785724e-01  -1.52694078e+00  -2.13155574e+00   4.10121495e-01
  -1.41522841e+00   2.42705176e+00   1.54895449e+00   2.40748019e-01
   4.22718418e-01   1.35985762e+00  -8.64812624e-01   3.98028431e-01
   1.79214608e-02   4.50883582e-02   1.68199283e+00  -2.19691805e+00
   7.34141025e-01  -4.14633826e-01   1.66916921e+00   5.00532415e-01
  -1.40032654e+00   2.15757202e-01   9.41665338e-01  -9.47194702e-01
   1.50275958e-01  -7.66655106e-01   1.90980576e+00   3.99081269e-01
  -4.88382462e-01   1.28912034e+00   7.05011398e-01  -2.66469122e-01
  -1.27710191e+00  -4.29679088e-01  -4.26238204e-01   9.03590956e-01
   1.12891281e+00  -2.55660823e+00  -1.38885391e+00   5.82401387e-02
   1.48989862e-01  -1.06072030e+00  -9.46211415e-01  -4.70480741e-01
   1.13210883e+00  -1.95542220e+00  -8.96742740e-01   1.03935691e+00
   1.22919820e-01  -9.85111929e-02  -8.88621837e-02  -2.76399522e-01
  -1.37788077e-01   7.19458411e-02   2.87463364e-01  -9.67562356e-01
  -1.91508417e-01  -2.59798561e+00   7.20473544e-02   1.42960896e+00
   1.09196916e-02  -3.15834525e-01  -2.95236019e-01  -4.83034376e-01
   4.61773021e-01  -5.17389310e-01  -5.20349382e-03  -7.36380815e-01
  -1.29029949e-01  -4.71107031e-01   1.27112962e+00   9.96306631e-01
  -4.82661462e-01  -1.62464469e+00   1.11133928e+00   1.51281542e+00
   1.85853896e+00  -6.48033294e-02   2.13251089e+00   6.68322756e-01
   5.99109114e-01   1.42784841e+00  -6.66759723e-02  -1.09442884e+00
  -7.24199445e-01  -8.43049922e-01   1.29046331e+00   6.15746527e-01
   7.64258419e-01  -1.98114213e+00   2.31839289e-01   1.58230638e+00
   2.27855066e-01   1.36135792e+00  -1.94435690e+00  -9.17765386e-01
  -3.49545065e+00  -6.22756736e-01   1.45872022e+00   2.50955512e-01
  -2.01538105e+00   1.36516760e-01   2.99318032e-01   8.17830045e-02
   1.02055311e+00   8.90579221e-01   7.17522945e-01   1.35682875e+00
  -1.98703152e-01   1.31295372e+00  -1.64646538e+00  -3.34506530e-01
   4.89512306e-01   5.56284471e-01   1.96857489e+00  -5.34728925e-01
   5.48282244e-01  -4.43246738e-01   7.75046143e-01   5.64825690e-01
  -1.14035675e+00  -4.17032609e-01   4.55779572e-01   9.49133968e-01
  -2.12061626e+00   3.52809070e-01   3.39406541e-01  -1.69074608e+00
   7.80586355e-01  -1.90879926e+00  -2.12906401e+00   1.34981918e-01
  -1.86547431e+00  -6.66694639e-01  -2.19076410e+00  -6.47689399e-01
   1.22564995e+00  -2.33397775e+00  -3.39437367e-01   1.49698209e+00
  -6.63904548e-01  -2.08548469e+00  -4.22642638e-01  -1.14286275e+00
   2.82364051e-01   5.33789665e-01   9.16733905e-02   3.87273592e-01
  -6.47862521e-01   1.72877136e+00   8.65342649e-01  -7.22013724e-03
   1.75336981e+00  -3.04135004e+00   2.80786250e-01   1.13919269e+00
   1.84460345e+00   1.83459503e+00  -3.74416284e-02   3.70977187e-01
  -2.45449829e-01  -2.33670836e+00   3.66928079e-01   2.08178103e-01
   2.95741172e-01   1.46021328e-01   1.44291252e+00   2.02859070e-01
   4.24435590e-01  -2.89065450e-01   1.82753787e+00   1.21746366e+00
   1.19256476e+00   3.97823189e-01  -1.72262429e+00   1.11423849e+00
   1.50084150e+00   1.18859606e+00   1.64640933e+00   1.02330014e+00
   3.93986334e-01   1.02026924e-01  -1.16412434e+00   7.08558105e-03
  -3.56433000e-01   3.38275446e-01  -1.55704971e+00  -1.75541297e+00
   6.82785844e-01   6.14019810e-01   5.22869990e-01   1.29243910e-01
  -1.00602969e+00  -2.77134452e+00  -1.53638460e+00   5.41933572e-01
  -7.88121114e-01  -1.30405944e-01  -5.41346611e-01  -6.84244664e-02
  -6.29178154e-01   1.62989005e-01   1.06419845e-01   2.19399133e-01
  -4.76044073e-01   1.45987570e+00   2.99959381e-01  -6.08068412e-02
  -1.86555284e+00  -7.78934015e-01  -2.64454568e+00   4.64735753e-01
   9.11086375e-01   1.06320024e+00  -2.53612084e-01   1.20571509e+00
   1.32361769e+00   1.37569557e-01   5.59026838e-01   1.47008079e+00
   3.87451151e-01  -5.40864689e-01   4.95078788e-01  -3.02854472e-02
  -1.47825551e+00   5.19203201e-01  -1.46286116e+00  -6.74798738e-01
   5.96982106e-01  -1.59096350e-01  -1.02739074e-01  -5.75924085e-01
   5.20081016e-01   8.26602686e-01  -1.33831605e+00  -2.03125648e-01
  -2.60764759e-01  -1.90507123e-01  -5.90894813e-01  -1.04594775e+00
   1.99228847e+00  -8.72796899e-01  -2.05576730e+00  -7.84615543e-01
   4.62419954e-01  -2.63332125e+00  -3.95335874e-01   7.84603871e-01
   5.62405719e-01   1.36818289e+00  -2.47674470e-02   1.51539892e+00
  -2.20668774e-01   5.78256709e-02  -1.73380359e+00   9.95155856e-01
  -1.15021854e+00  -1.38060119e-01   3.96391864e-02  -5.31920622e-01
   7.93397140e-01  -2.84676960e-02  -1.22920552e+00   1.01674281e+00
  -1.37860682e+00  -5.14456551e-01  -4.85984053e-01   1.42264321e+00
   1.55144051e+00  -2.80425881e-01   8.60530218e-02  -1.82978959e+00
  -4.10244003e-01  -1.01280423e+00   8.24557356e-01   1.26767879e+00
  -1.60231311e+00  -4.80226362e-01  -1.02211990e+00  -8.48504567e-01
  -1.03252466e+00  -1.21237443e-01  -2.13993512e+00   8.23879453e-01
  -4.02205892e-01   1.47683556e+00   2.07002297e-01   2.69790640e-02
   2.85625951e-01  -7.72131308e-01   6.82137187e-01   1.11448172e+00
   4.73121742e-01   7.20215708e-01   3.04358184e-01   1.22466965e+00
  -2.09418550e+00   7.49450473e-01   1.06176748e+00  -1.90094313e+00
  -2.10492961e+00   1.44890109e+00   2.38144169e-01   1.58947416e+00
  -6.29494440e-01  -3.18540264e-01  -1.95821000e+00   5.31865449e-01
   1.28138349e+00  -1.01555113e+00  -2.95127032e-01   9.43441790e-01
  -4.20489594e-02  -6.01922356e-01  -6.95573093e-01   3.69297452e-01
  -5.71016220e-01  -7.69331866e-01   3.47800600e-01   4.77869508e-01
   1.11454440e+00]

*** Componentes principais [T] (somente originais):
[-2.09862847 -2.88405535 -1.09124385  0.79901363  0.76077216  0.55446993
  1.64499821] [ 1.02555564  3.06302093 -1.88243339 -1.13879849 -0.56228671  0.90976063
  1.06309684] [ 0.43088393 -0.42298248 -1.45105255  0.37800585  0.08707046  0.15273457
 -0.27694716] [ 0.10501583  1.29811189  0.65059655  1.11759632 -0.67958589  0.50798494
 -2.24147678]

*** Contribuições (autovetores) [P] (idem para todos e originais) ###TABLE VI.### Percentages of the contributions from each musical characteristic on the four new main axes.

C1 [19.408781723328524, 13.810002356371609, 0.89543463593425121, 19.613044979884414, 11.464622210200075, 5.1780250546894422, 13.026855338802054, 16.603233700789637]
C2 [5.5616362216472632, 10.570829644894159, 23.690601693783346, 12.40260488510185, 16.038606630715506, 11.076806453172713, 9.0827462568724506, 11.576168213812696]
C3 [10.900567093372636, 18.332819509422393, 11.884561198524501, 6.0534937898565646, 8.7367979742986588, 13.503968012890585, 14.361348460885825, 16.226443960748828]
C4 [12.08398078467693, 0.38295013778201581, 11.755621403565579, 6.8838663347167746, 19.377231558772348, 28.941045325134628, 16.82645714865648, 3.7488473066952563]
C5 [4.3817677837658131, 21.027556343166278, 14.894288030125269, 1.5284923588905883, 21.14035396899866, 2.833674234206232, 34.108656652315531, 0.085210628531641935]
C6 [37.635345087530062, 3.9403232834046404, 3.7589244778921658, 28.529797313612342, 2.8374879113352653, 6.3751802499965082, 1.7810924128753087, 15.141849263353709]
C7 [3.2329354994719237, 1.5182758833084418, 25.353408892130879, 24.736063824954133, 5.8086690042555862, 2.1689070859922319, 4.9115670016253867, 32.270172808261407]
C8 [0.099172889646841955, 27.66886293402618, 11.552216443589364, 5.7067193307518247, 24.024801550801548, 24.945400162501645, 5.2163774365188411, 0.78644925216376593]
princ_orig [[-2.09862847  1.02555564  0.43088393  0.10501583  0.15506238  0.53481901
  -1.15208758 -0.53331192]
 [-2.88405535  3.06302093 -0.42298248  1.29811189  1.85445559  0.34705054
   0.20384315 -0.91609773]
 [-1.09124385 -1.88243339 -1.45105255  0.65059655  0.92882933 -0.82837192
   0.46281391  2.00728379]
 [ 0.79901363 -1.13879849  0.37800585  1.11759632 -0.24835093  0.52066478
  -0.46722427 -0.92725448]
 [ 0.76077216 -0.56228671  0.08707046 -0.67958589  0.28737094  0.24305159
  -0.33804943  0.13583694]
 [ 0.55446993  0.90976063  0.15273457  0.50798494 -1.6629371  -0.72316095
   1.3872489   0.04149445]
 [ 1.64499821  1.06309684 -0.27694716 -2.24147678 -0.13472855 -0.72629403
   1.33959588  0.80588558]]
princ [[-2.09862847  1.02555564  0.43088393 ...,  0.53481901 -1.15208758
  -0.53331192]
 [-2.88405535  3.06302093 -0.42298248 ...,  0.34705054  0.20384315
  -0.91609773]
 [-1.09124385 -1.88243339 -1.45105255 ..., -0.82837192  0.46281391
   2.00728379]
 ..., 
 [ 0.93321791 -1.48742167  0.90998424 ...,  0.83220568 -0.59918137
  -0.73131101]
 [ 0.02899143 -0.48881695  0.39696926 ...,  1.45608055  0.01453346
  -1.23888796]
 [ 0.68134229 -1.72405293  0.5200601  ...,  0.49955926  0.2830608
  -0.85751674]]

###TABLE VII. TABLE VIII###.


*** Oposição:
[1.0000000000000002, 1.0180289287435127, 0.49262092118232192, 0.26261313533785863, 0.44504231664080557, 0.23607631872738805]

*** Inovação:
[nan, 1.9211161912595134, 2.9526837195747846, 1.8116591690202895, 2.8168483357174168, 3.2294473029911099]

*** Dialéticas:
[3.0100665282308672, 2.2416543810662866, 1.0204819794251827, 0.2760772149616218, 0.77774115591269066]

*** Dialéticas 2d:
[4.1675146056359038, 2.5753055288535949, 1.191106400133795, 1.7713633764676844, 0.74371431899517237]

*** Dialéticas Todos (8d):
[2.2052864708480264, 1.2985255902978414, 1.0913706326684713, 0.27681792296023511, 0.22293582112261592]
dados [[-2.40184    -0.12167119  1.73562686 ..., -0.40303291  2.00298804
   1.12867674]
 [ 0.05807158  1.35683434 -1.31230336 ...,  0.02088241 -0.25019952
   1.61660718]
 [ 0.42722521  1.51105633 -0.53870813 ...,  1.99951145 -0.15292644
  -1.72132586]
 ..., 
 [-1.67737871 -0.81836299  0.50429923 ...,  0.29658128  0.40983429
  -0.28421101]
 [-0.98972973 -0.71485566  1.10422722 ...,  0.9114724   1.28389421
  -0.11447122]
 [-0.51151939 -1.19125985 -1.36283131 ..., -0.36231612 -0.5284266
  -0.87687471]]
###TABLE V.### Average and standard deviation of the deviations for each composer and for the 8 eigenvalues.
main_means [3.864851180229937, 5.5725609813498655, 4.5245478624727715, 3.4737996029234255, 3.0474657164398797, 3.7553567000978827, 4.3636645672213783]
main_stds [0.833375162636386, 0.94256093814757269, 0.87222649847217404, 0.78881257926111004, 0.66804353703938013, 0.81770439632031167, 0.88289234672540817]
eigenvalues means [-0.15877073 -0.06581405 -0.04716435 -0.01516662  0.06189979  0.07203306
  0.07727432  0.07570858]
eigenvalues stds [ 0.00475074  0.00317709  0.00252389  0.00231778  0.00253068  0.00269229
  0.00312597  0.00345715]
