*** arquivo_notas: notas_diretores.txt qtd_aleatorios: 8000000 std: 1.1

*** Dimensões da tabela de notas: (886, 8)

*** Tabela geral de notas:
[[ 9.          9.          6.5        ...,  8.5         3.5         3.        ]
 [ 9.          8.5         7.         ...,  8.5         3.          3.        ]
 [ 8.          8.          5.         ...,  7.          4.          8.        ]
 ..., 
 [ 6.19390244  9.09763386  3.37391739 ...,  8.34200996  2.01905545
   8.35037101]
 [ 3.03206549  8.79299522  5.56196856 ...,  2.57781494  3.60900458
   7.90611791]
 [ 7.77806917  6.44005551  5.28556405 ...,  5.30130117  3.84274964
   7.90156235]]

*** Matriz de covariância:
[[ 1.    0.04 -0.01 -0.1   0.01  0.44  0.21 -0.62]
 [ 0.04  1.    0.39  0.42 -0.21  0.55 -0.38  0.07]
 [-0.01  0.39  1.    0.39 -0.05  0.34 -0.25 -0.12]
 [-0.1   0.42  0.39  1.    0.42  0.51 -0.2   0.24]
 [ 0.01 -0.21 -0.05  0.42  1.    0.22  0.09  0.21]
 [ 0.44  0.55  0.34  0.51  0.22  1.   -0.18 -0.28]
 [ 0.21 -0.38 -0.25 -0.2   0.09 -0.18  1.   -0.07]
 [-0.62  0.07 -0.12  0.24  0.21 -0.28 -0.07  1.  ]]

*** Pearson (igual matriz covar.):
 ###TABLE III. Pearson correlation coefficients between the eight musical characteristics.
['1.0', '0.04', '-0.01', '-0.1', '0.01', '0.44', '0.21', '-0.62']
['0.04', '1.0', '0.39', '0.42', '-0.21', '0.55', '-0.38', '0.07']
['-0.01', '0.39', '1.0', '0.39', '-0.05', '0.34', '-0.25', '-0.12']
['-0.1', '0.42', '0.39', '1.0', '0.42', '0.51', '-0.2', '0.24']
['0.01', '-0.21', '-0.05', '0.42', '1.0', '0.22', '0.09', '0.21']
['0.44', '0.55', '0.34', '0.51', '0.22', '1.0', '-0.18', '-0.28']
['0.21', '-0.38', '-0.25', '-0.2', '0.09', '-0.18', '1.0', '-0.07']
['-0.62', '0.07', '-0.12', '0.24', '0.21', '-0.28', '-0.07', '1.0']

*** Autovetores (raw):
[[-0.11 -0.63  0.18  0.17  0.05  0.43 -0.58  0.  ]
 [-0.49  0.05 -0.3   0.24  0.46  0.15  0.17  0.58]
 [-0.41  0.01 -0.19 -0.8  -0.18  0.35  0.02 -0.06]
 [-0.47  0.26  0.32 -0.11  0.08 -0.56 -0.53  0.03]
 [-0.1   0.17  0.74  0.06 -0.34  0.29  0.27  0.38]
 [-0.52 -0.24  0.19  0.23  0.11 -0.06  0.45 -0.61]
 [ 0.29 -0.21  0.39 -0.44  0.7  -0.08  0.17  0.06]
 [ 0.05  0.63  0.09  0.13  0.35  0.51 -0.22 -0.37]]

*** Autovalores (raw):
[ 2.5   1.9   1.42  0.73  0.7   0.32  0.25  0.19]

*** Autovalores prop (raw):
[ 0.31  0.24  0.18  0.09  0.09  0.04  0.03  0.02]

*** Autovalores (var. %) ###TABLE IV### New variances after PCA, in percentages for scores on III.:
[31.0, 24.0, 18.0, 9.0, 9.0, 4.0, 3.0, 2.0]

*** Dados finais:
[[-2.15033947 -2.72368524 -1.32290711 ..., -1.41381548  1.07364816
  -0.40084594]
 [-2.04096497 -1.56327646  0.15911791 ...,  0.77379396  0.80911212
   0.17147843]
 [-0.84211059  0.2933969   1.12648891 ...,  0.41400839 -2.89671874
   0.7677654 ]
 ..., 
 [-0.31739917 -0.07472427  0.45545193 ...,  0.49614983  0.61264979
   0.74629399]
 [ 0.07843359  0.08998035 -0.32390202 ...,  0.60820063  0.73314959
  -0.41666564]
 [-0.07987285  0.34414222  0.00501925 ..., -0.12816566  0.18579143
  -0.00931056]]

*** Componentes principais [T] (todos):
[ -2.15033947e+00  -2.72368524e+00  -1.32290711e+00   9.84693944e-02
   9.47055356e-01  -2.11040673e+00   1.99144245e+00   2.54859326e+00
  -1.71899303e+00   1.19573603e+00   1.72854502e+00  -1.31662932e+00
  -8.16366867e-01  -3.05803704e-01  -1.98821044e+00  -1.23860003e+00
   9.87049972e-01  -1.47488439e+00   7.88110476e-01   3.46937458e-01
   2.26369194e+00  -2.49894727e+00  -1.70082289e+00  -1.66668866e+00
   6.97549311e-01  -2.64076620e+00   2.16366613e-01  -1.62838757e+00
  -2.93329455e-01  -2.22550953e+00   2.37389953e+00  -1.89462615e+00
  -1.24015360e+00  -3.20413078e+00  -9.83923243e-01  -7.44293396e-01
   9.47182171e-01   1.60597909e+00  -2.32716825e+00   2.39486602e+00
  -1.25906065e+00  -3.16335102e-01   9.40860862e-02   5.92054522e-01
   4.86798203e-01   1.88499675e+00   1.67799419e+00   1.94803486e+00
   2.39758672e+00  -2.71955242e+00  -2.79764383e+00  -8.32691858e-01
   8.42823801e-01  -2.99989305e+00   3.68779919e-01  -1.84713206e+00
  -8.42542292e-01   7.16382865e-01   1.03195959e+00   2.10283907e+00
   1.05542139e+00  -1.55274964e-01  -1.45250324e+00   1.48691142e+00
   1.65278746e+00  -1.57140472e+00  -1.38490435e+00   2.14331948e+00
  -3.08295077e+00   3.20428632e+00  -2.58211423e+00  -7.29758774e-01
  -2.51416315e+00  -2.16816818e-01  -6.18552838e-02  -2.33808309e+00
  -3.71720869e-01   6.13457019e-02  -1.70834850e+00  -2.96350246e+00
  -1.16319577e+00   7.45389908e-01   1.35099891e+00  -8.87850318e-01
   6.06968580e-01   1.12137556e+00   3.22246157e-01   1.22004170e+00
   2.58252644e+00   7.64371051e-01  -9.45151525e-01  -8.87433659e-01
  -1.44953251e+00   1.03547223e+00  -7.22775121e-01   1.88913438e+00
   6.34796102e-01  -4.22481030e-01   1.60605136e+00   9.16150770e-01
  -2.24481503e+00  -1.66909573e+00  -5.03287501e-03  -3.47431879e+00
   2.54966816e-01  -2.31312297e-03   2.33234659e+00   1.66110881e+00
   1.36063054e+00  -2.00840206e+00   2.83282728e+00  -1.82528042e+00
   3.00535558e+00  -2.94462131e+00   6.85048968e-01  -1.61944710e+00
   1.08189686e+00  -9.04880432e-01   2.21241448e+00   7.43677392e-01
  -2.99649090e+00   1.96435525e+00   1.57861189e-01   2.25287370e+00
  -2.10477100e-01   2.48406393e+00   1.35047383e+00  -1.12415465e+00
   1.43641096e+00   1.19714590e+00  -6.15149244e-01  -2.67348543e+00
   1.46646755e+00  -1.33407047e+00   7.15604960e-01  -2.57294601e+00
   2.23715393e-01   1.43382595e+00   2.49804566e+00  -1.81869398e+00
   6.67934053e-01   5.25918653e-01   8.02331205e-01  -2.19785890e+00
   1.03472699e+00   1.99102366e+00   1.79599704e+00   2.35232767e+00
  -4.81251361e-01  -1.80525391e+00   8.27745157e-01  -1.92154173e-01
   1.95590653e+00   1.80333592e+00  -7.79005188e-01  -2.56195406e-02
  -2.12596681e+00   2.12042061e+00   8.96908232e-01  -2.80103032e+00
   1.82860485e+00  -3.19644012e+00  -1.53697769e+00  -2.77140385e+00
   2.10927108e+00   3.11209087e-01  -1.66829463e+00  -1.09146673e+00
   2.92342602e+00   1.43720854e+00   2.08357695e+00   9.61328352e-02
   2.75255932e+00  -4.91799670e-01   4.06230637e-01  -1.21479276e+00
   2.65023510e+00   8.53089656e-01  -2.37600228e+00   2.16634770e+00
   2.00404399e+00  -1.57417540e-02  -1.68240866e+00  -1.46909695e+00
  -1.62840635e+00  -3.07907981e+00   6.54453759e-01   2.27941974e+00
   1.90811986e+00  -1.24398564e+00   4.90564431e-01   5.94463866e-01
   8.75921197e-02   9.41924614e-01   1.79066318e+00   2.07053330e-01
   9.34821473e-01  -2.35812331e+00   6.30982381e-01  -2.07522989e+00
  -1.49823923e+00   1.41963145e+00  -5.72723724e-01   5.07246019e-01
   2.16075345e+00  -1.22147909e+00   7.34813694e-01   7.22164001e-01
   1.59787797e+00  -1.63224474e+00   2.08719502e+00   3.18946723e+00
   5.25479861e-02   6.87636401e-01   9.10057941e-01  -1.34779331e+00
  -1.98031524e+00   7.66983235e-01  -1.88546560e+00  -4.07168634e-02
  -2.48041291e+00  -1.44954185e+00   1.51210483e-01   2.58752909e+00
   1.94671395e+00   9.54285904e-01   1.58688836e+00   1.43797214e+00
  -2.56452534e+00   1.90031035e-01  -2.05113127e+00  -1.63411074e+00
  -1.63285247e+00   2.92218596e-01  -2.01668221e+00  -1.36438701e+00
  -3.16571924e+00   1.75634110e+00   2.30718993e-01  -1.81423304e+00
  -2.55218861e+00   2.00468130e+00  -2.82949755e+00  -2.18886534e+00
  -2.08873193e+00  -6.71243706e-01   6.50149587e-01  -1.47275706e-01
   2.89008336e+00   1.08752978e+00   2.55857255e+00   2.80276680e+00
   2.61040336e+00   5.82561763e-01   3.18323571e+00   1.13823220e+00
   1.80101804e+00  -1.72044007e-01   1.71542490e+00  -1.12900478e+00
   1.22963965e-01   3.17530006e-01   1.28637883e+00  -1.44968781e+00
  -4.38191496e-01   1.60571161e-01   4.14577539e-01  -9.60772390e-02
   6.35557260e-01   6.45898933e-01   4.08516225e-02   1.40274235e+00
   6.47707081e-02  -1.49541145e+00   5.94678098e-01  -1.99176087e+00
  -1.99650422e+00   1.17494234e+00  -7.12633271e-01   2.01542609e+00
  -1.28714940e+00   1.66806498e+00   1.98209643e-01  -2.06482176e+00
  -2.23270523e+00   8.27670858e-01  -2.67684285e-02   1.05096446e-01
  -9.03609062e-01   1.50206241e+00   2.09800602e+00   5.20577170e-01
   2.55646994e+00   4.44824765e-01  -2.00528730e+00  -1.85467503e+00
  -6.54430955e-01   7.94036732e-01   7.39464347e-01  -9.20237647e-01
   4.56216324e-01   3.71371738e-01  -1.04226036e+00   1.42552685e+00
   2.59056468e+00  -3.03667778e-01  -3.62195731e-02  -2.24326430e+00
   1.23153702e+00   1.36392882e+00   2.76256405e+00   2.29108766e+00
   1.80281889e+00  -1.70745069e-01  -1.28345961e+00  -1.15324444e+00
   1.96420181e+00   2.44617319e+00   8.61637005e-01   2.67910001e+00
  -1.40135363e+00   2.97808179e-01   3.23837420e-01  -1.16983661e+00
  -1.05869200e+00  -8.38336570e-01  -1.38183454e+00  -1.34275154e+00
   1.54362836e+00   2.91069635e+00  -1.16547929e+00   8.42913128e-01
   1.95114494e+00   7.73543812e-01   1.03005684e+00   2.14385616e+00
   1.13427793e+00  -1.50717960e+00   2.26550368e+00   3.15680204e+00
  -5.40924905e-01   1.69530396e+00   6.90605365e-01  -1.27679829e+00
   9.69615082e-01   9.03609428e-01   6.97550215e-01  -1.61486885e+00
  -8.81425485e-01   3.61841584e-01  -7.50618048e-01   1.44522812e+00
   1.28524078e+00   2.06496919e+00   2.02214778e+00  -1.43706294e+00
  -1.11195068e-01   1.12634818e+00   9.43853903e-01   2.66553292e+00
  -5.53747450e-01   1.16765633e-01  -1.01176545e+00  -1.61759242e+00
   6.74346258e-01   2.05228201e+00   1.67770361e+00  -1.58834752e+00
   9.47814876e-03  -1.57410352e+00  -1.34369152e+00   1.01127141e-01
  -1.83487188e+00   2.14039756e+00  -2.13057457e+00   1.52367074e+00
   1.65319701e+00   1.29871341e-01  -1.94417043e+00  -7.86419456e-01
   2.30397768e+00   4.76858510e-01   6.99302272e-01  -1.57541046e+00
  -1.96996711e+00   1.54196982e+00   8.50230289e-01  -1.73725530e+00
  -1.72218195e+00   2.65594491e+00  -1.89823716e-02   1.14224449e+00
  -1.82628889e+00  -1.33548805e-01  -2.55722498e+00  -1.45851707e+00
   1.82787670e+00  -8.45046473e-01   8.16548877e-01  -2.20462967e+00
  -2.88054640e+00   2.98436148e-01   7.06237002e-01  -1.78383680e+00
  -1.04131557e+00   2.50869124e+00   5.34629500e-01   1.70446801e+00
   2.26367124e+00  -8.70839509e-01   5.61221751e-01  -1.27376828e+00
  -1.39161037e+00   8.89879977e-01   3.02131274e+00   7.21678627e-01
   1.36726409e+00   2.09147904e-01  -1.39777509e+00   1.68895869e+00
   1.13441663e+00  -1.55092222e+00  -1.59498158e+00  -9.33034395e-01
   7.73030682e-01   6.60865957e-02   2.33300524e+00   8.12062669e-01
  -7.55845693e-01  -1.56337411e+00  -8.61953381e-01  -1.00178274e+00
  -1.87203567e+00   6.56070533e-01   3.77149745e-01  -1.59198560e+00
   4.62516014e-01  -1.48722693e+00   2.04640505e+00   9.37741201e-01
  -3.54991077e-01  -2.10304590e+00  -1.89085770e+00   8.98947334e-01
   2.41649725e+00  -1.45344800e+00   2.32775065e+00  -1.13456487e+00
   2.34338273e+00   1.15205470e+00   8.53607909e-01  -1.63584776e+00
  -1.85233962e+00  -2.79448632e+00  -2.27163735e+00  -1.76212978e+00
   6.39807217e-01   1.37943789e+00  -2.16635017e-01  -2.20091374e+00
   7.26072534e-01   2.64764307e+00  -1.68635068e+00   7.80389037e-01
  -1.58567651e+00   1.02706159e+00   2.10139052e-01  -2.33252235e+00
  -1.20411201e+00  -3.02904973e+00  -1.36579064e+00  -1.30166692e+00
   6.33822460e-01  -1.53185152e+00   1.08870596e+00  -1.76870155e+00
  -8.35455474e-01   3.82337283e-02  -1.32910086e+00  -1.89590664e+00
  -1.01156641e+00  -1.06209889e+00   2.78749568e+00   2.39489685e-02
   1.35111422e+00   1.43657126e+00  -2.11570142e+00   1.68226314e+00
  -1.49125161e+00  -1.88541833e+00   8.43933486e-01   3.82019003e-01
   6.00552863e-03  -2.18003824e+00  -1.32224306e+00  -1.37646110e+00
  -1.63286406e+00   2.85179127e-01   1.15680473e+00  -1.95803607e+00
  -3.62656682e-01  -2.98002563e+00   1.93323829e-01  -7.69848549e-01
  -8.93763216e-01   9.59754951e-01  -1.72248058e+00   6.93349440e-01
  -2.20177097e+00  -1.57795927e+00  -1.34183340e+00   9.46027055e-01
   1.88997360e+00  -1.60461521e+00  -1.95352250e-01   2.38867431e+00
  -2.30976314e+00  -1.20269429e+00  -4.52528270e-01  -2.09956466e+00
   1.22235587e+00   2.41496692e+00  -1.91505261e-03   2.28346083e+00
   2.05111182e+00  -6.56858673e-01   1.04796929e+00   1.77884658e-02
   7.65551414e-02  -7.83895722e-01  -1.31469704e+00  -2.30888632e+00
   1.53266217e+00  -1.33773416e+00   2.83140290e+00   1.73159714e+00
   2.19431474e+00   3.37985215e-01  -9.71569565e-02   1.74974861e+00
   1.37997989e+00  -1.21721627e+00  -1.93895800e+00   1.79186562e-01
   2.31831726e+00   2.54404876e+00   2.66321049e-01   1.69030248e+00
   1.09955545e+00   2.06671435e+00   1.17434556e+00  -1.79298632e+00
  -2.84269351e-01  -1.51922214e+00   2.27478742e+00   1.89155893e-01
  -2.17067173e+00  -1.58215876e+00   1.47651063e+00  -2.96520897e+00
   4.30237657e-01   1.41039602e-01  -9.27526025e-02  -8.77105758e-02
   4.85357172e-01   1.87554631e+00   5.75401756e-01  -8.09795737e-01
   1.68848174e+00   1.96079147e+00  -1.69871054e+00  -6.25882445e-01
  -8.02761988e-01   2.05559712e+00   1.05539510e+00  -2.21138727e+00
   1.90777325e+00  -2.58284621e+00  -1.28336514e+00   3.21762836e+00
  -3.09421594e-01  -5.60197186e-01  -3.83282717e-01   1.66543751e+00
  -1.66347422e+00  -7.89022880e-01  -1.73402332e+00  -8.22847699e-01
  -1.26074704e+00  -1.64257568e+00  -1.36343391e+00   1.19564761e+00
   2.57046245e+00   2.32752404e+00   2.17240934e+00   1.72670671e-01
  -8.84503641e-01  -2.03288016e+00   2.24576626e+00  -1.64823647e-01
   6.27717519e-01   3.65945343e-01   4.28930891e-01   1.79294115e+00
   1.70013228e+00   1.45354137e+00   2.11933849e+00  -2.46255924e+00
  -1.33253862e+00   1.09272370e+00  -1.45007816e+00  -8.55589597e-01
  -3.41090470e+00   1.40360086e+00   6.22831435e-01  -2.42842869e+00
   1.43007658e+00   2.09621379e+00   2.02027260e-01   9.04215876e-01
   1.60933181e+00   1.41840989e+00  -1.05837487e+00  -1.33644540e+00
   1.99657507e+00  -6.78084055e-01   1.11684851e+00  -1.70126025e+00
  -5.11033894e-01  -7.59884373e-01  -7.36415592e-01  -1.10358975e+00
  -2.39601791e+00   8.62377866e-01   2.43190663e-01  -1.08880874e+00
  -2.00365253e+00   2.66178833e+00   2.88192897e-01   2.85335946e+00
   1.38298174e+00  -2.26926320e+00   1.19729393e+00  -1.05666135e+00
   7.73752247e-01  -2.62260475e+00   1.07570688e+00   1.48188271e+00
  -9.05693746e-01  -1.82125261e+00   2.98655064e+00  -1.76755507e+00
   1.18916577e+00   3.78056312e-01   1.72495369e+00   3.36185666e-01
  -4.68886137e-01   3.93040025e-01  -1.46444907e+00  -2.05999385e+00
   1.54648846e+00  -1.26796181e-01   1.64070977e+00   2.06514737e+00
  -1.69579175e+00   2.86255295e-01   2.68382686e+00   6.00488619e-01
  -6.91195401e-01  -1.98132967e+00  -1.64899468e+00  -2.76061814e+00
  -2.13261245e+00  -1.11881873e+00  -2.56158296e+00   1.25055724e+00
   1.33597716e+00  -6.44635212e-01  -1.52393162e+00  -2.02922469e+00
   1.37711443e+00   2.59382142e+00  -1.40216115e+00   4.79595697e-01
  -1.19581923e+00  -1.55865913e+00   2.36282478e+00   1.42450081e+00
  -8.48572005e-01  -1.92155234e+00  -1.24773035e+00  -3.79527688e-01
   2.37154073e+00   1.63589048e+00  -2.97966351e-01  -9.38081797e-01
   1.72236219e+00  -1.10773674e+00   1.16018911e+00  -1.34375514e+00
   2.00305974e+00  -1.48505190e+00   1.44598598e+00   3.35027921e+00
  -8.99906830e-02  -1.08331481e+00  -9.05990951e-01  -1.44900162e-02
   2.06700485e+00  -1.39918859e+00   2.48901667e+00  -3.16412032e-02
   2.83938885e+00   1.60714577e+00   2.11504464e+00  -1.14864634e+00
   9.76618161e-01  -3.39800821e-01   7.00681025e-01  -8.68329601e-01
  -2.27864501e+00   1.25880449e+00   2.60514896e+00   1.64508888e+00
   1.47159596e+00   1.16802959e-01  -1.29511760e+00  -1.56285777e+00
   6.99937618e-01   1.80931132e+00  -6.97127949e-01  -2.41215048e+00
   8.24587475e-01   1.73313322e+00   1.65221284e-01  -8.87343789e-01
  -1.39549490e-03  -2.83374841e+00  -1.15552371e+00  -2.15048134e+00
   5.93982978e-01  -1.65281207e+00  -6.55406933e-01   4.01115898e-01
   4.06162455e-01  -1.22006727e+00  -8.47254467e-01  -6.28595933e-01
   2.84785287e+00   1.79277241e+00  -1.68270292e+00  -2.91363684e+00
   1.67111238e+00  -2.02948606e+00   2.30543946e-01  -2.71378633e+00
  -1.40275691e+00   2.95539486e+00   5.55892906e-01   6.38738025e-01
   1.53168635e+00   5.43835038e-01  -7.50373153e-01   2.19830976e-01
   4.89148577e-01   1.26374948e+00  -1.30440367e+00   2.64903019e+00
   2.27739588e-01   1.13121145e+00  -5.63285142e-01  -1.74967291e+00
  -2.52280518e+00  -2.39193629e+00  -1.72850481e+00   4.11685203e-01
   1.71044901e-01  -1.98009861e+00   2.44997168e+00   8.72377128e-01
  -2.73016705e+00  -4.67413892e-02  -5.59511340e-01  -1.52668595e+00
  -4.49922091e-01  -1.30780033e+00  -2.94555284e+00   2.74855267e+00
   1.18773089e+00  -2.42958981e+00  -1.44833437e+00   1.12617522e+00
  -9.26768006e-01  -1.39712497e+00   6.75159794e-01  -1.96237626e-01
  -3.55385176e+00   2.55628486e+00  -1.76593531e-01  -1.29240971e+00
  -9.14954053e-01   1.62384025e-01  -1.33021504e+00   1.46730387e+00
  -8.63537843e-01   6.86599622e-01   2.61049521e+00   8.01692355e-01
   1.98751644e+00  -2.43133113e+00   3.56251643e-01  -6.32055757e-01
   1.57165545e+00  -1.69014638e+00   6.30448484e-01  -2.00836535e+00
  -1.41531905e+00   5.14310653e-01   2.81089613e-01  -1.85714626e+00
   2.34556677e-01   9.18366547e-01   6.80178085e-01   9.30240425e-01
  -2.13394222e+00  -2.06961249e+00   9.60916641e-01  -6.47752222e-02
   9.13346154e-01  -3.97330010e-01   6.82451542e-01  -3.62284959e-01
   8.97543665e-01  -3.66491736e-01  -4.59008870e-01   1.10248879e+00
   1.66251999e+00   9.65460428e-01  -1.56825313e+00  -2.41630457e+00
  -1.76961340e+00   1.23120384e+00  -2.49000503e-01   8.50319686e-01
   1.71524424e+00   5.78239671e-01  -1.58721159e+00  -1.80600081e+00
   2.10495010e+00  -6.57267260e-02   2.85185581e+00  -2.39319643e+00
   2.10365211e+00   1.61769950e+00  -1.53438757e+00   6.43836665e-01
   2.39116675e+00   2.85972223e-02  -1.31867167e+00   7.96076411e-01
  -8.71634859e-01   1.98676041e+00   5.51623044e-02  -1.01243544e+00
  -8.65397229e-01  -6.36528281e-01   1.61905190e+00  -2.79679034e-01
  -1.75885218e+00   1.12023670e+00   4.51182532e-01  -2.77740211e+00
  -1.84124347e+00   1.14629224e+00   1.44919229e+00   1.17460364e+00
  -3.74179268e-01   6.83444191e-01   1.98449117e+00  -2.98102354e+00
   1.06695455e+00  -5.84404239e-01  -1.18158665e+00  -1.41381548e+00
   1.07364816e+00  -4.00845943e-01] [-2.04096497 -1.56327646  0.15911791  1.03751892  1.95209406  2.01149407
 -1.70525542 -2.091077    1.55551839 -1.31512388 -2.5068535  -0.1212386
 -0.29644136  1.50552621 -1.7188556   2.0348883   1.86794029 -1.22639258
  1.73857587  0.56375001 -0.51261752  0.75464411  0.96234707 -1.6318689
  0.52152271  2.0669258  -0.45317954  1.90260581  0.96361545  1.57174658
  1.20916725  1.85887781  0.07230557 -1.84779536  0.21946085  1.11724845
  1.93963534 -1.58385398  0.26889055 -1.18425356 -0.51164963  0.83982662
 -0.39304268  1.81069515  0.81429697  1.44612684 -1.05831921 -1.60690447
 -1.4611444  -1.69280441 -1.77383038 -0.1952389   1.42699981 -1.08390286
  1.41920678  0.36262964 -0.02192439  1.8225518   0.95720324 -1.63067067
  1.49531061  1.19189165 -1.23359055  2.08473113 -1.75324511  2.00276825
 -1.79918155  1.42692819 -1.17156216 -1.27123686 -0.45659243  0.30442829
 -1.6388185   1.1779309   0.2413494  -1.58806177  1.08723816  0.20737088
 -1.72675189 -1.06282852 -0.15954011  1.32794969  1.64151881  0.06840828
  1.09012972  1.90867706  0.65154614  1.15856824 -1.95499528  2.19367713
 -0.56500276  0.49894837 -0.48993417  0.49222749 -0.04935076  1.5562297
  0.8853391  -0.65264643  1.40754221  1.27640296  1.17321016 -2.13245922
  0.19161149 -1.17247567  1.42643234  1.21364512 -0.97501349  0.79250329
 -1.31404959 -0.81634958 -1.54101966  1.02389979 -1.76591326 -1.99036243
 -1.05532258  0.63414412  2.03078337 -0.08049972 -1.21767454  1.56658186
 -1.19197751 -2.07784761  1.27548168 -1.60152555  0.25704518 -1.70795248
 -0.91622726 -0.12783659 -2.33700655  1.72043     0.47867186 -1.37235346
  1.23843248 -0.87873681  1.6244308  -1.28475171  1.11377659 -1.78109691
 -1.86846891 -1.52780456  0.72904606  1.06090467  1.74361436 -1.03293304
  1.09306654 -0.92498382 -0.37449837 -2.11445818 -0.4655806   0.17980604
  1.26756936  0.68265316 -1.7259403  -1.32107217  1.84631477  2.5360928
  0.27066755 -1.32082278  1.57560288 -1.00815677  0.62814608 -1.45912905
  0.02353774 -1.4859848  -1.68730961  1.46677348 -2.44256809 -0.35972618
 -2.95043908 -2.40231023 -2.14190978  1.7899466  -1.73915902  0.76272945
  0.7979188   0.72833257 -2.01480799 -0.89345042 -1.73880049 -1.04848881
 -2.05210397  1.78323497  0.46894702  1.50584685 -1.69300976 -1.80433861
  1.06761378 -0.80992151 -0.9698829  -0.57759067 -0.04950618  1.08140573
  0.40022851 -0.93801013 -1.43886558  0.8475934  -1.09351359  0.63708662
  2.31664047 -2.04612303  0.99077854  0.42026563  1.00361328  0.42302074
 -1.76470554  0.30606879  2.12458182  1.37918382 -2.24608361  0.49211028
 -1.29212782 -1.08821013  1.50312133  1.90361176  2.21043454  0.32637571
 -1.22247751  0.66071972  0.33210467  0.4843339  -1.18799993 -2.06723605
  2.07044736 -1.68308143  2.31825179  0.59425912  1.74712582  0.88802983
 -2.43123252 -0.21662359  0.08770438  2.24498723 -1.38191397  0.97275571
 -1.94874339 -0.0540229  -1.41825527  1.34644413 -1.05712859  0.42525643
 -1.40422213 -1.14766529 -0.74362902 -1.58272462 -1.92356431 -0.51934327
  1.63102202  1.08600223 -2.21847378  0.29016561 -1.64794919 -1.51606422
 -1.64870632  1.10301483 -1.52584631  1.16825034  0.55741301 -0.02226455
  2.00246259 -0.38315957  0.54562508  2.16433528  1.2512859  -0.36807751
 -0.3151078   0.37578256  0.8658877  -0.29200558  0.77252547  1.49676662
 -0.22003406  1.60406316 -0.20521623 -1.67438049  1.84066248  1.3987632
  0.36319569  2.03768736  0.65278818 -1.16141378 -2.10805705 -1.7258979
  0.74061778 -0.80683471  1.21674337  1.29684163  1.08545341  0.21959215
 -2.26780834 -0.21948426 -1.78994359 -0.57875252 -1.6848025   1.21598729
 -0.4939441  -1.59134641  0.56671103  0.02856388  0.92043877 -0.1904154
  0.88407644  0.80448971  1.23410562 -1.72903391 -1.49332763  0.30916025
  0.40415394 -1.12030114 -1.70749786  1.0407038  -1.60937099 -1.60768056
  1.17821998 -0.86992862  0.35304013  0.42928725 -1.3925511  -1.24233869
  0.71737756 -1.71663707 -0.50648779  1.72875488 -0.26907273  0.25497391
 -0.2844811   0.92336652 -1.47895549 -1.8419654  -1.44388878 -1.87028695
  0.36821752  1.68754341 -1.8579008   0.74980339  1.40059191 -1.23228348
  1.99044376  0.88475515 -1.10895031 -1.22816056  1.59552089 -1.53366738
  1.71970837  0.57886205  1.91436311  1.48020368  1.12295353 -1.73418545
  0.56960695  1.04141032  0.81247133  1.78930974  0.02561619 -1.5318698
 -1.77480928 -0.42441725  0.6343882  -1.70892497  0.89980056 -1.16963306
  0.52986471  0.36856298  0.10587959 -0.35337438  1.20421677 -1.45258084
  1.35590425 -1.68202783  2.54973261 -1.93931887 -0.32583555  0.09294202
  1.42560991 -1.72420864 -1.14418369 -1.43344255 -0.98024651  1.33996046
 -1.72946727  0.09984417 -1.33566196  0.33168126 -1.68860882 -1.71017799
 -1.78663206  1.65812335  1.05220022 -1.10310763 -1.43422515 -1.77665314
  1.4052384   1.81559354  0.14158487  0.25849226 -1.06757597  1.5405607
  1.51178775 -0.43471175  2.18484664 -1.37538941 -0.49069296  1.36888064
  2.30296419 -1.93899915 -2.72959723 -2.04312845  2.58205352  1.5989241
 -1.89726276  0.64267575  1.78113731  0.45612023 -1.15133246  1.65743629
 -1.1731218   1.62975382  1.69989567  2.0458393  -0.75775633 -0.79940133
  0.78280798 -0.12786746  1.06887249  1.09049461  1.90117395  0.96795147
 -0.93897174  1.03903903  0.31521715 -0.04363609  0.40118047 -2.09904802
 -1.60436871  1.70848503  1.57037894  0.62283276  2.1068898   1.57971609
  1.75675472  0.97892378  1.38083739 -0.80403621  1.71964727  1.57220066
 -1.90110481  1.9455975  -2.29644569  0.3027977  -1.2680924  -1.38293103
  1.08684786 -0.02375443 -1.36345691 -1.54913692 -1.06084753 -1.18539372
  0.63208045  1.20402695  0.81616241  2.08652433  0.86160706 -1.1339428
 -0.08112866  1.56700598  1.95530256  2.33531818  1.18363287 -0.95932106
 -0.21848218 -1.15593723 -0.03959326  0.32903964  1.29026707 -0.08791583
  1.82013628  0.61179775  1.27789693  1.66226587 -0.18913344  0.64481594
  0.0604695   1.50891077 -1.56376807  0.45971081 -1.03915841 -1.50352355
 -0.37232063 -0.7787723   0.70943094  0.11476035  1.52962944  0.53577165
 -0.09870925 -1.49868755 -1.75943923  0.72531533 -2.12346908  2.20135052
  1.28350914 -0.15581372  0.88184335 -1.62348588  1.86770395  0.34101569
 -0.80391244  0.96025667 -0.32036473  3.03331012 -1.81915903 -2.62966507
  1.22556827 -0.86746445 -0.68397035 -1.61222902  1.82481868 -1.93969899
 -1.80036301 -0.27959526  0.68222397  1.83890699 -1.20124086 -1.58167225
 -0.11939617 -1.64713363 -1.55045545  0.99424751  2.20327137  0.19096257
  0.97898207 -2.01526066 -1.86838138 -1.46544747 -1.26089593 -0.42541036
 -1.10719502  1.20413789  1.05650528  2.11274286  1.41534698 -2.02730912
 -1.19421338  0.17599761 -1.89686505  1.15840836 -1.85015581 -2.12526029
  1.34541045  1.89691712  2.08998442 -1.31783175  1.24013891  0.61883569
  0.48072524 -1.59711485 -1.38476229  1.65290675 -1.80308362 -1.37857649
  1.86584834 -1.3830252   0.79990511  0.96741287  2.31915907  1.78384824
  0.76503324 -1.479704    0.67378782  0.02405783  1.95279517 -1.43653464
 -0.05405876  0.97709368  0.35709812 -2.82265175  0.80752628 -0.70707024
 -1.33422817 -1.18653922 -0.18377999 -1.82695032  0.49694896  0.52865789
  0.18558276 -1.30054866  1.54940647  0.16976112  0.18930354  0.23748689
  0.05581551  0.62826307  0.14361502  1.53104246 -1.65431873 -1.31222919
 -1.47150341  1.62268166  0.96394234  2.37850392 -1.36808415  0.95742496
  1.52388073  2.06519795  1.69685087 -1.73326417 -1.01829543  1.24707321
 -2.29723578  1.14261862 -2.16660821  1.3411639  -1.26502898 -2.16217735
 -1.22125052 -0.59182455  0.15888892 -1.42493258 -1.50250092 -1.59708887
  0.77520344  1.80721688 -0.85732212 -1.97391557  2.01370637  0.39013694
 -1.52893019  0.63723305  2.12688579 -2.12620425  0.91368419 -0.47527687
 -0.87696352  1.37231865 -0.56242598  1.84915993  0.59594011 -0.06259152
 -1.71402215 -1.65223964  1.84754238 -1.36834061 -1.95785592 -1.82623866
 -1.27874374  0.12806349  1.7383432  -0.90818038 -1.94379406 -1.36898852
  2.14027375 -0.29639023 -2.3453398  -0.16625538  2.30598875  0.39894798
 -1.65213308  1.02600622 -0.41822312  1.40852265  1.69747297  1.0331163
 -1.19941693  1.42597889  1.37717082 -1.37783641  0.3420715   1.04223162
 -0.74557524  1.58246456  1.38329766  1.65754775 -1.0292064  -1.68466403
 -0.83872628  0.03516192 -2.09406459  0.6632968  -2.5379419   0.30963194
  2.25681382  0.13591484  1.46484973 -1.47459976 -1.77773782  0.85202428
 -0.32497396  1.80109077 -0.48758711  0.74691237  1.66113452 -0.61134358
 -0.3559343   0.35224273 -1.13972694  1.17942578  1.08219022 -1.73491137
 -1.94701029 -0.57817577  1.08773764  0.22212343 -1.5065724   1.2173998
  1.17828856 -1.43293298 -0.03028284  0.24458377 -0.09775786  2.02223357
 -1.49133963 -0.60173657 -2.26277422  0.30474926 -1.80176745 -1.48084553
 -1.24158888 -1.1279381   0.92118064 -0.07721922  1.13738908  0.54690901
 -1.46970692  1.71667842 -2.02760835  2.47364503 -0.99319501  2.02271398
 -0.44719298 -0.50784879  1.52044807 -0.8661327   0.17420562 -0.31123708
  1.90277012  1.25180371  2.09229823  0.54700205  1.93360057 -0.60140924
  2.1117734  -2.18385694  2.00104768 -1.74008346 -0.0224203  -0.90277518
  0.81603448  2.00272976  0.15781296 -0.1017953  -1.90140105  1.62689946
 -1.91878891 -1.20537467  1.43571163 -2.29534461  0.77176603 -1.31810036
 -2.40087911 -2.07428948  1.77895293  1.42782779  1.46922255  1.64473942
  0.55905342  1.96342955  1.00872461 -1.19666517 -1.45798592 -2.08090565
  2.22855722 -1.44766646  0.57361689 -1.24544708  1.34955347 -2.32002585
 -1.78671427  0.82331273  1.18798235 -1.3112599  -1.9001046   1.93925192
 -1.55196604  0.26396734 -0.71025183  0.42353362 -0.32993188 -2.54037471
 -1.07763152 -1.57671062  2.24950801 -1.48792687  1.32490733  0.94763636
 -0.27908299 -2.43222538  1.28525725  1.38181655 -0.59569782 -1.19834821
  1.68467021 -1.842173    0.96180337  0.69634532  0.00432943  0.83199738
 -0.14483047  1.94560195 -3.02620109  2.038274   -1.72301182  0.53028566
  0.98102281 -0.12358279  1.82386977 -0.10421498  1.21417961 -1.92857352
  0.51149254  1.76369044 -0.40693124  0.70764189  2.47990979  1.28059239
  0.89086599  1.55714445 -1.48211887 -1.62105142  1.87378151  0.58740238
  1.6894979   1.10732154  1.65243519  0.84737137  1.84563478  1.13791241
  1.09109307 -0.46826916  1.39056862 -1.45929637 -1.78959325 -0.26025905
  1.6417542  -1.6933348  -0.36698273  1.11756659 -2.07080158  1.87664611
 -2.6100508   2.0188523  -1.49783018  1.62033848 -1.63476406 -1.47113863
 -1.86334501  1.0112653   0.23262713  1.67278481 -0.55947752  1.02000678
 -0.80816224 -1.40088053  0.39414788 -2.11352709  1.0293447  -0.22036914
  1.32651223  0.47351472  1.89726792  0.72250611 -2.34413355  1.50093779
  0.74966703 -0.91606697  0.60483766  1.76372453  1.90968267 -1.49686285
 -0.10792811  1.48223093 -1.29465058 -1.08125723 -1.15485173 -0.1596026
 -2.59694745  0.77379396  0.80911212  0.17147843] [ -8.42110586e-01   2.93396896e-01   1.12648891e+00  -2.04993900e+00
   7.95256456e-01   9.84360283e-01   2.41132671e-01   1.84319517e-01
   1.20425415e+00   4.19569833e-02   3.24100173e-01   8.80264924e-01
   7.24321134e-01  -1.76298803e+00  -8.83015344e-01   1.04863993e+00
   1.68661013e-01   4.73070383e-01   6.98463932e-01  -2.57181845e-01
   5.13138162e-01   5.79193780e-01   4.29912923e-01  -2.61018448e-01
  -1.86370560e+00   6.32455131e-02   1.51136309e+00   4.92532022e-01
  -1.64442996e+00   7.92805824e-01   9.06905668e-01   3.60695160e-01
   1.72823260e+00  -1.78040894e+00   1.98972174e+00  -2.30509275e+00
   1.40843096e+00   6.20540306e-01   1.01762328e+00   5.69226863e-01
   1.51691435e+00  -2.91266650e+00   1.21270949e+00   2.72105239e-01
  -1.75162513e+00   1.48301897e+00  -5.41464475e-02  -3.57444335e-01
   2.21354246e-01  -1.15953885e+00   3.50344329e-01   1.96333758e+00
  -1.61132217e+00  -8.51729889e-01   1.35948037e+00   9.87098222e-01
   9.17909995e-01   1.73579782e+00   9.97168524e-01  -7.30827530e-01
   8.30450365e-01  -7.77629960e-01  -4.86270863e-01   5.55478872e-01
  -3.57299171e-01   4.44226059e-01  -1.01990660e+00   8.47383044e-01
  -5.78810549e-01  -1.12833775e-01   9.59303750e-01  -2.27781779e+00
  -9.48710760e-01  -2.24898040e+00  -1.43604143e+00  -7.88793699e-02
  -2.94020158e+00  -1.52766773e+00  -9.50773393e-01  -5.63291117e-01
   7.88083533e-01  -2.60841726e+00   6.84416098e-01   1.32466147e+00
  -2.58331099e+00  -4.24180209e-01  -2.46252118e+00  -1.72825887e+00
   7.29936786e-01   6.19361706e-01   1.09365817e+00   1.04314509e+00
   8.71888802e-01  -1.73509002e+00   7.86120562e-01   8.54634282e-01
  -3.02851225e+00   1.84913963e+00   1.25902176e+00   1.91117769e+00
   9.75302212e-01  -1.86152839e+00  -1.48954745e+00   2.58263366e-02
   6.23415987e-02  -1.26786871e+00  -2.46318306e-01   1.81750015e+00
  -8.90140392e-01   2.03462727e-02   4.03667143e-02   1.07154415e+00
  -2.43930742e-01  -1.54208378e+00  -8.31878289e-01   7.25402447e-01
   1.67590286e+00   1.36037274e+00   1.43228381e-01  -2.04592154e+00
  -4.30757296e-01   1.48704420e-01  -1.58338534e+00   6.22253258e-01
   1.07028294e+00   2.87402575e-01  -7.17443915e-01   1.10429502e+00
   6.53862230e-01   3.64973231e-02  -1.18896577e+00  -4.71731322e-01
   1.12944245e+00  -4.44502549e-01  -6.41403990e-01   4.52419680e-01
  -1.17600952e+00   3.02976609e-01   7.83806824e-02   5.35646008e-01
  -1.76596444e+00  -2.28227094e+00   8.85869876e-01  -4.22709331e-01
   3.61706359e-01  -1.52203528e-01  -4.88747729e-02  -7.90188138e-01
   6.79711298e-01   1.88586564e+00   8.24068332e-01  -2.51175214e+00
  -8.19838665e-01   1.46578815e-01  -2.37723606e+00   6.75479445e-01
   8.26105317e-01   8.60750306e-01  -1.29615687e-01   2.13333860e-01
   7.53391049e-01  -9.23685352e-01   1.52756040e+00  -1.14531356e+00
   1.65557454e-01  -2.17614909e+00  -3.12162613e-01   6.95108875e-01
   1.17780791e+00  -4.22920150e-01  -7.05941431e-01   5.98736092e-01
   1.33084234e+00  -2.83208801e+00  -1.46919597e+00   1.57667723e+00
  -2.31328573e-01  -1.03812324e-01   5.60262613e-02   4.12000184e-01
   5.35375806e-01   6.82516856e-01   1.33594838e+00   7.10861190e-01
  -3.45850216e-01  -1.22932330e+00  -2.16452392e+00  -1.52194239e-01
   3.02647632e-01   9.79488925e-01  -1.32028310e+00  -2.47467715e+00
  -1.62364032e+00   9.52050684e-01  -3.49078131e-01  -1.45314551e+00
   1.01442159e+00   1.19546201e-01   1.26926585e+00  -1.69257377e+00
   8.89892877e-01  -1.63289754e+00   1.71669346e+00  -2.20985302e+00
  -1.62602674e-01   1.14122560e-01   1.48752443e+00  -2.12459629e+00
   2.75453278e-01   3.31871051e-01   4.18581884e-01   2.14300476e-01
  -2.39673191e+00   5.18578296e-01   4.63878451e-01   1.58477007e+00
  -1.52265714e+00  -1.81479767e+00   1.22624711e+00  -2.75413542e+00
   5.94950782e-01  -1.20185204e-01   5.72829605e-01   7.48523199e-01
   1.69043666e+00  -1.67619762e+00  -4.50593407e-01   1.14943232e+00
  -1.05665116e+00   1.91620403e+00   1.04353949e+00  -5.03316416e-01
  -7.45023836e-01  -2.87149189e+00  -1.18075056e+00  -1.53802826e-01
  -1.49108202e-01   1.17891861e+00   1.14245635e+00   6.05818205e-01
  -9.32392026e-01  -7.36286662e-01  -1.44085394e-01   3.90091817e-01
  -6.46693948e-01   1.18878096e+00  -2.37139139e+00  -2.11792550e+00
  -1.21953526e+00  -9.40681259e-01   1.01667222e+00  -1.08562368e-01
   3.97256500e-01   1.77458130e+00   1.93551654e-01   5.91529657e-01
   1.18174416e+00   1.98798715e+00   2.10364706e-02   7.44036021e-01
  -1.76208434e+00  -7.19612749e-01   2.43241761e-01   1.51895968e+00
   2.68899273e+00   1.68618676e+00  -2.44163409e+00   9.18474638e-01
  -1.31673648e+00   4.71628351e-01   1.01751968e+00   1.32673227e+00
   9.35200678e-01  -9.42157730e-01   4.50716202e-01   7.23177974e-01
   9.78282468e-01   9.34965714e-01   1.93447044e+00  -4.19484462e-01
  -1.67208602e+00  -1.61093924e-01  -2.01607246e+00   1.13385853e+00
   5.56758477e-01   1.51856791e+00  -2.86319432e+00  -1.52847096e+00
   1.00775754e-01  -7.16542584e-02   1.29940918e+00   9.59538936e-01
   4.77367929e-01  -1.98050563e+00   1.43060648e+00   1.12098623e+00
   4.93364417e-01  -1.68987501e+00  -1.39993490e+00   8.68652996e-01
  -1.68662425e+00  -1.89731712e+00   9.65392710e-01   1.86643876e-01
  -4.72512639e-01   1.50662990e+00  -2.86191879e+00   3.00423131e-01
   5.12447671e-01   1.70465969e+00  -1.42975535e-01   1.26534559e-02
   3.46333845e-01   1.72695168e+00   8.70975583e-01   2.38592944e-02
   1.30980229e-01   4.08888600e-01  -1.43291043e+00   6.75668951e-01
   5.51474319e-01   1.28635057e+00   1.09512837e+00   4.22869820e-01
   1.43729782e+00  -2.05846465e+00  -2.00459700e-01  -3.38625216e-01
  -1.83273008e-01  -4.83554994e-01   1.37785125e+00  -1.92704055e+00
   4.65763738e-01  -2.11902446e+00   2.12088618e+00   1.79888808e-01
   1.33210175e+00   2.62148876e-01   5.64255237e-02   1.04913784e+00
  -2.57996338e+00   6.07334859e-01   1.70407102e+00   1.51736478e+00
   7.28140185e-01  -8.50730860e-01  -2.10294445e-02  -8.63810890e-01
   9.01860222e-01  -2.31079798e+00   7.59400744e-01   1.77126698e+00
  -1.35697108e+00   5.28087079e-01  -4.65169818e-01   6.72211004e-01
  -1.56578002e+00  -5.23692306e-01   1.37882026e-01   9.17860685e-01
   1.06872160e+00  -2.41829498e+00   2.79780072e-01   1.70115041e+00
  -2.55266243e-01   8.38499324e-01   7.27814182e-03  -1.80679146e+00
   4.02591066e-01  -5.89974171e-01   1.64759678e+00  -2.83314115e+00
   2.78689632e-01   4.16826621e-01  -1.11270791e+00  -1.01260785e+00
  -6.24903538e-01  -2.05546187e+00   2.68928770e-01   5.78330577e-01
   1.22197750e+00  -2.03088090e+00  -6.52766872e-01  -1.32114646e+00
   7.54206051e-02   9.30172610e-01  -9.95478633e-01   6.02298124e-01
   1.91620893e-01  -9.82431844e-01  -1.94835279e+00   1.50799450e-01
   9.39488962e-01   2.00223153e+00   2.03196881e-02   1.12027137e+00
  -1.63282032e+00   1.51895945e+00   3.98753672e-01  -9.13388070e-01
  -1.46807866e+00  -1.47472821e+00   7.88793939e-01  -1.63163472e-01
  -2.08556583e-01   1.20208245e+00   4.69760507e-01   1.22899294e+00
   2.87704566e-01   3.80946946e-01   1.38672383e-01   9.56175031e-01
   4.44200352e-01   6.89562114e-01   1.06874748e+00   6.96891039e-01
   9.90395168e-01   4.61200364e-01   5.99405323e-01  -8.31695433e-03
  -2.15766053e-01   6.83481618e-01   1.44908288e+00   3.11094436e-01
   1.48693598e+00  -2.43033885e+00   4.36852905e-01  -2.10131499e+00
   4.27514622e-01   1.05187563e+00   1.15032230e+00  -6.03622438e-01
  -1.35288305e-01   5.55495207e-01  -1.06555156e+00  -1.03877426e-01
   7.17202149e-01   1.37489205e+00   7.55561775e-01  -1.49335748e+00
  -6.91190878e-01   4.56890394e-01   2.97543870e-01   4.31652923e-01
   6.16668155e-01   5.89038656e-01   3.69666187e-01   9.35167772e-01
   2.40309716e-01   8.91277059e-01  -2.43665548e+00   1.19656026e+00
  -4.36478280e-01  -1.21108713e+00   5.27602136e-01  -4.63814153e-01
   1.13529936e+00   2.08503742e+00   1.84601467e+00   1.02407327e+00
  -1.95777520e+00   3.15859643e-02   8.68160729e-01  -2.72159361e+00
   7.94712717e-01   1.60532671e-01  -1.21044667e+00  -1.57700449e+00
   1.07457616e+00   1.31933144e-01   1.37852275e+00  -2.92962547e-01
  -1.90601595e+00   4.78407474e-01   8.90964418e-01   3.76351093e-01
   6.39500355e-01  -2.18950365e+00   1.63601644e+00   1.76736822e-01
   1.91751635e+00   8.85579876e-01   1.18948115e+00  -2.54318807e+00
   2.35453312e-01   5.84053484e-02   8.38904942e-01  -9.64605838e-01
   6.59365112e-01   4.75938710e-01   7.62805568e-01  -1.90900401e+00
   1.82099256e+00  -1.02569995e+00  -6.88790213e-01   3.03157595e-01
  -6.77335656e-01  -8.63793403e-02  -1.29556566e+00   5.73784507e-01
  -1.12583271e+00  -7.12159090e-01   7.38752870e-01   2.90637240e-01
   1.46564857e+00   5.95053131e-01   6.85003897e-01   3.28832635e-01
   6.83244160e-01  -1.57027838e+00   8.03540210e-01  -9.49747079e-01
   6.14365777e-01  -1.48325715e+00   3.70817472e-01   3.93884462e-01
   4.61850062e-01   4.28238749e-01  -1.69934081e+00   1.44092808e-01
   9.31709556e-02  -8.39779922e-01   2.14604868e+00   1.15932840e+00
  -9.42872120e-01  -2.59713059e+00   1.13427287e+00  -1.42767194e+00
  -2.41911251e+00  -5.54389668e-01  -1.75214386e+00  -6.53333025e-02
  -3.72344811e-01   5.11698820e-01   2.12904697e-01   3.43816914e-01
   7.11489180e-01  -4.98166729e-01  -1.93426958e+00   5.28272881e-01
  -9.78812099e-02   1.51198215e+00   3.55251759e-01  -3.09549894e+00
   5.48079708e-01   5.05073505e-01   3.68238495e-01   3.50467413e-01
   8.57125458e-01   6.01127112e-01  -3.40744519e+00  -5.12670416e-01
   1.82573700e+00  -9.46624759e-02  -6.87516629e-02   1.31932028e+00
  -1.42401877e+00  -1.57911827e+00   1.32268242e+00  -5.97692198e-01
  -2.05376592e+00  -2.22553931e+00   7.63193511e-01  -1.91924237e+00
  -2.17984185e+00   5.00182337e-01  -8.58010299e-01   1.24028717e+00
   7.82250763e-01  -4.12080291e-02   1.90273579e-01  -2.56620253e+00
   1.02388735e+00  -2.64550191e-01   1.55116972e+00  -5.53233659e-01
  -1.43283234e-01  -5.54583396e-01   1.09629067e+00  -1.72376264e-02
  -2.13203884e+00  -2.66626506e+00   1.94313349e+00   9.75914386e-01
   5.31696741e-01   1.25884170e+00   1.24842175e+00   3.99821146e-01
   1.86054700e+00   1.19772767e+00   2.01654182e+00   2.02029885e-01
   3.50343876e-02  -1.18875881e-01   5.77195904e-01   7.16103012e-01
   1.25559700e+00   6.74550308e-01   8.32332742e-01  -1.42828559e+00
  -2.21735211e+00   5.02967733e-01   7.94777325e-01  -2.92322941e-01
   9.81824460e-01  -1.58511926e+00  -3.98540214e-01   1.27172850e-01
  -1.65795057e+00   8.62841679e-01  -6.10436407e-01  -1.30596402e+00
  -3.19247424e-02   4.61466237e-01  -1.89111977e+00   9.15718428e-01
   4.77355604e-01   8.33377860e-01  -1.45783548e+00   9.85064600e-01
   1.25518677e-01  -3.12611719e-01  -4.06394459e-02   1.51010216e+00
  -1.87190311e-01   1.60299417e+00  -3.66235236e-01  -1.76937277e-01
   1.29078684e+00   6.36002682e-01   9.24547767e-01   4.76021728e-01
   4.66413834e-01   1.72606386e+00  -1.31512374e+00   1.62683827e+00
  -1.37962592e+00   1.07516514e+00  -8.70838596e-05   5.05919298e-01
  -1.79706564e-01   5.78672562e-01   2.72067212e-01   6.25679306e-01
   4.31092468e-01  -8.07781709e-01   5.09076465e-02  -3.35254575e-01
  -2.39257930e+00   3.80970458e-01   6.39068409e-01   1.08181357e+00
   5.09932858e-01  -1.52270678e+00  -5.44383313e-01  -1.10708574e+00
   6.44788516e-01   6.68217626e-01   7.58633258e-01   5.01992477e-01
  -1.24643221e+00  -2.12904498e+00   1.60947292e+00  -1.02007314e+00
   1.06221169e+00  -3.15368556e+00   9.08267279e-01  -2.48665631e+00
  -3.23004609e+00   5.31335429e-01  -2.54427996e-01  -1.86666797e-01
   6.63705246e-01   1.30508874e+00  -9.98880814e-01   1.48655314e+00
  -2.67414762e-02   2.04422543e+00   4.51088241e-01   6.44889485e-01
   1.85500620e+00   2.57571883e-01  -2.50438360e-01  -2.12187559e+00
   8.61420699e-01   8.68425722e-01  -1.88204761e-01   8.25083842e-01
   1.07477884e+00   7.23589407e-01   1.14008231e+00   9.14379871e-01
  -9.61370459e-01   1.27614259e+00   1.19475634e+00  -1.11542655e+00
  -5.86186375e-01   5.09167535e-01   1.41154564e+00   7.55469651e-01
   1.61498750e-01  -4.89896629e-01   8.84614862e-01  -8.33910443e-02
  -1.58009700e+00   5.09863383e-01   1.42460399e+00   4.71156093e-01
   1.25170861e-01   9.63913566e-01   4.10972090e-01  -2.70322087e+00
   4.96361610e-01   2.47790671e-01   9.06572692e-01   5.27274607e-01
  -1.54887586e+00   5.75845199e-01  -1.07665743e+00  -2.34081340e+00
   3.07844143e-01   3.83933220e-01   5.05058953e-01   1.21752840e+00
   2.80012640e-01   6.88976804e-01   1.25272375e+00   9.26411241e-01
   1.54559058e+00   6.26011732e-01   8.78254563e-01   7.41411760e-01
   2.31196330e-01   1.33658675e+00   7.99378824e-01   8.16330461e-01
  -2.34531870e+00  -8.43735692e-01   6.38372235e-01   7.58454204e-01
   1.20489086e+00  -1.39100336e+00   1.16214208e+00  -5.68851238e-01
  -2.69417230e+00   1.64266210e-01   1.64656715e+00   1.41452509e+00
  -2.29445349e-01   7.71573145e-01  -6.38399481e-01   2.10833641e-01
   1.14259455e+00  -8.32570856e-01  -2.41704402e+00   3.84563572e-01
  -1.56695612e-01  -4.55566828e-01  -2.37321079e+00  -2.46966857e+00
   1.23213702e-01  -1.74740090e+00   2.12256697e-01  -7.12724229e-01
  -1.94485232e+00  -5.08522709e-01  -4.21251822e-01  -6.47886889e-01
   1.78942784e-01   3.57742308e-01   7.19657569e-01  -9.07504496e-01
   8.06883171e-01   5.00393286e-01  -9.72605619e-01  -1.22685317e+00
  -5.49659545e-01   7.56550455e-01  -8.12267697e-01   6.64109269e-01
  -7.74779919e-02  -1.93461358e+00   1.43792354e+00   2.06717979e+00
   9.92317300e-01  -7.48192282e-01  -1.49103936e+00   8.33814271e-01
   1.58208322e+00  -1.41974728e-02   8.76662499e-01  -1.49031055e+00
   5.25196457e-01  -6.43081508e-02   5.27655215e-01  -2.70207211e+00
  -1.27400595e-01   9.41311393e-01  -1.82287060e+00  -4.45428871e-02
   4.88912990e-01  -2.47570622e+00   5.23366511e-01  -1.71391770e+00
   1.98848070e+00   1.52758492e-01  -3.59031890e-02  -4.37000118e-01
   5.33099915e-01   7.90726602e-01  -1.81737365e+00   1.66158160e+00
   3.75061247e-01   2.51450155e-01  -2.40233619e+00   6.87065719e-01
   3.20555230e-01   2.30576770e-01   8.82234909e-01   1.55625446e+00
   3.35341798e-01   1.04351168e+00  -2.22376074e+00   8.67178247e-01
  -1.08704036e+00  -4.37826052e-01   8.74233035e-01  -1.16127093e+00
   1.09702759e-01  -1.76460588e+00   9.08316112e-01  -2.43218733e+00
   1.17144199e+00  -1.74584321e+00  -1.65168904e+00  -2.08915495e-01
   9.90569368e-01  -6.51204921e-01  -7.98167135e-01   4.30003793e-01
   8.57025410e-01   3.16501160e-01   1.50441722e+00  -2.21667703e+00
  -1.84240514e-01   3.24568495e-01   2.38737137e-01   5.83737488e-01
   3.29855008e-02  -2.91663190e+00   5.87859942e-01  -3.36289441e-02
   1.63105000e+00   1.52489502e+00   3.96751634e-01   4.19237054e-01
   1.05305191e+00  -1.82616321e+00   1.39263963e+00   1.71695961e-01
   1.44995566e+00   3.05716260e-01  -1.42418062e+00   3.54293829e-01
  -8.11341685e-01  -8.74778103e-03   8.59172136e-01  -1.87789107e+00
   1.10371165e+00   1.08356001e+00  -1.97045897e+00   2.28396762e-01
   9.14269980e-01   4.46090484e-01  -2.27519527e-01  -1.74022324e-02
   1.13442414e+00   9.55989873e-01   7.58228453e-01  -4.09719622e-02
   2.67697784e-01   9.79113215e-01   5.85532932e-01   4.14008389e-01
  -2.89671874e+00   7.67765402e-01] [ -2.70419393e-01  -3.89496518e-01   4.04931812e-01   2.55633904e-01
  -6.42940587e-01   1.25450267e+00   2.87477564e-01   2.40822209e-01
   9.73654700e-01   1.84839762e-01  -3.90321029e-01   1.49331830e+00
   4.91974966e-01   1.00274063e+00  -3.96398226e-01   1.55725716e+00
  -3.14978720e-01  -1.68091793e+00   8.24888544e-01  -8.64683782e-01
  -6.06153454e-01   6.23259326e-01   9.65090666e-01   4.63105586e-01
   1.07382851e+00   7.87396182e-01   1.04004095e+00   2.30247322e+00
   9.92871385e-02   9.27101198e-01  -1.25219764e+00   1.38217173e+00
   1.16785294e+00  -1.20735689e+00  -5.03188707e-01  -1.03028399e+00
  -2.04575850e-01   3.96798670e-01   5.62497563e-01  -6.12012009e-01
   1.38353667e+00  -9.29634936e-01   4.67896743e-01  -1.39810187e+00
   1.62956631e-01  -2.14621855e+00  -8.62595771e-01  -1.36113573e+00
   2.61284098e-01  -9.31568815e-01  -9.03594592e-01   6.31500619e-01
   1.04578636e+00  -2.22670496e-01  -1.64752507e+00   2.57211909e-01
  -9.42678257e-01  -4.05149475e-02  -8.28740652e-02  -5.64706434e-01
  -1.42745886e+00  -4.03065267e-01  -9.91418844e-01  -5.59471025e-01
   9.70302816e-01   1.36313196e+00  -2.57928506e-01   6.05656988e-01
  -5.74041058e-01   1.37448763e+00  -3.77788411e-01  -1.78581239e-01
  -5.63332008e-01   4.03354570e-01  -1.86953254e-01  -7.97272581e-01
  -4.99956017e-01  -1.52243786e+00  -1.30446086e+00  -5.11045374e-01
   3.93433114e-01   8.67014801e-01  -9.53576973e-01  -3.63512886e-01
   1.29485229e+00  -9.48223602e-01   6.90271312e-01   9.44819834e-01
  -9.04106480e-01  -6.01138392e-01   1.06394217e-01   8.64149735e-01
  -5.69859227e-01  -5.01218173e-01   1.73327522e-01   2.72826556e-01
   5.62433568e-01   1.95052708e-01  -6.20358790e-01  -1.92109944e+00
   1.30245545e+00  -1.44718869e+00   4.69280125e-01   1.25257358e-01
  -1.34542570e+00  -1.39171421e+00   7.72365289e-01  -4.10855324e-01
   4.99110373e-01  -2.11479570e-01  -4.60596166e-01   3.89360921e-01
   2.07429350e-01  -1.26845602e+00   8.49532875e-01   1.32727355e+00
  -5.40686780e-01   4.50452339e-01   1.04548547e+00   1.85872784e+00
  -1.25928939e+00  -3.90670984e-01   4.49689651e-01   1.09866567e+00
   5.74852567e-01   1.69836233e+00  -2.64195790e-02   1.36433267e+00
  -7.17367462e-01  -2.32823425e-01  -1.24095042e+00  -1.60351354e+00
   7.27370585e-01   1.03369755e-01  -4.67800631e-01  -1.57232202e-01
   8.38400395e-01   1.40939657e+00   1.09780331e+00   4.54620107e-01
   1.46003769e+00   5.36513335e-01  -7.76563496e-03  -5.25927185e-01
  -8.52021168e-01   5.34319662e-01   5.31561810e-01   5.86833104e-01
   4.28317276e-01   8.42350033e-01  -3.21711941e-01   1.24679383e-02
   1.55691105e+00   8.48114554e-01  -7.10719337e-01  -1.01863494e+00
   1.16800431e-01   8.26416233e-01  -1.09022321e+00  -8.86395641e-02
  -2.41123020e+00  -9.51302348e-01   3.82787289e-01  -5.26070832e-01
  -4.20985700e-01   2.26474727e-01  -1.48067002e-01  -5.41119101e-02
  -3.78292428e-01  -3.46564564e-01   1.01229114e+00   3.62040640e-01
  -5.85389375e-02  -6.68192764e-01   7.25968203e-02  -6.64986681e-01
   1.25396020e+00   3.26956524e-01   7.02223690e-02   4.41079453e-01
  -5.14857497e-02  -7.94700599e-01   1.27264738e+00   1.02141766e+00
   1.11232013e-01  -1.18347263e+00  -9.70745983e-01   7.61471146e-02
   8.75774013e-01   4.75728286e-01   1.29595252e+00   1.45551863e+00
  -3.03317653e-01  -9.33227135e-01  -1.05773798e-01  -2.64039962e-01
  -8.13285969e-01   6.43995964e-01  -8.28346158e-01   3.90387594e-01
  -1.50561398e+00  -4.67530224e-01   1.98969580e+00  -1.83661571e-01
  -7.50880065e-01   4.66528185e-01  -1.42548970e+00   1.09079175e+00
  -5.37024219e-01  -8.50309173e-01   9.81032888e-01   3.80671488e-01
   2.60851632e-01   2.43191775e-01  -1.34491729e-01   1.28568251e+00
  -1.03115135e+00  -4.52572551e-01   3.30333856e-01   9.83990562e-02
  -1.71522403e-02  -7.42169694e-01  -2.74013980e-01   2.87894339e-01
  -4.93541343e-01  -5.33894872e-01  -3.23526052e-01  -5.78063096e-01
  -8.70997255e-01   1.43065171e+00   3.09753634e-01   1.13638823e+00
  -1.09506289e+00  -6.13689196e-01  -5.61049136e-01  -1.13740455e-01
  -1.09043756e+00  -1.69742260e+00  -4.10597130e-02  -6.71727095e-01
  -1.03377747e-01   1.06974613e+00  -7.54618601e-02  -9.75763629e-01
  -1.22140814e+00  -4.04106119e-02   2.41047514e-01  -7.97355089e-01
  -7.48146314e-01   2.04082697e-01  -2.68242679e-01  -4.46261875e-01
   2.47871341e-01  -1.30134027e+00   2.22797000e-01   9.86666699e-02
   6.82811118e-01   6.70466328e-01  -8.98497592e-01   1.84783348e-01
  -1.13573400e+00  -4.74355872e-01  -1.20814191e+00   5.89734505e-01
   1.51319125e+00   1.18174257e+00   1.27896044e+00  -9.55728974e-01
  -2.02770904e-01  -5.32668465e-01   5.54388078e-01  -5.93778271e-01
   1.76555331e+00  -7.02425299e-01  -9.98310548e-01   6.49082767e-01
   4.04007830e-01  -4.74794948e-01   3.64580465e-01   2.47492862e-01
  -8.07403697e-01  -4.02772507e-01  -9.95997364e-01  -1.03246238e+00
  -9.45369849e-02  -2.15943228e+00   4.65074152e-01   4.16714898e-01
  -1.60702509e-01   1.48726278e+00  -7.47972432e-01   6.80755925e-01
  -9.16624634e-02   2.08036225e-01  -9.50689353e-01  -1.23802829e+00
   7.48980198e-01   1.17275526e+00   3.03032060e-01   1.70011759e-01
   7.51379891e-01   3.12343062e-01   6.45685571e-01   1.03166406e+00
   2.57687732e-01   1.38385575e+00   5.46696527e-01   8.34132017e-01
   9.60369109e-01  -1.51982299e+00   4.21052661e-01   9.03488873e-01
  -8.28055709e-01  -2.32991924e-01   1.33509727e-01   1.79775677e-01
   3.44270765e-01   1.27085871e+00   1.06135120e+00   6.71586280e-01
   5.86856789e-01  -2.74353290e+00   4.99905903e-01   1.97957791e-01
   1.29386073e+00  -1.71286885e-01  -7.97824383e-01  -4.59126529e-01
   2.05203556e+00   1.47935007e-01   5.79487351e-02  -4.43529963e-01
  -1.11670867e+00   2.67835539e-01  -9.37517481e-01  -9.53811937e-01
  -6.76655006e-01   1.01621309e+00   3.75275273e-01  -6.26225802e-02
   3.44966163e-01   3.23746586e-01  -1.92080891e-01  -1.86544662e-02
  -1.17157824e+00  -6.31765255e-01  -8.83522235e-01  -1.23410912e-01
   5.36553451e-01  -3.06760400e-01   1.08954656e+00  -3.36441620e-01
   4.95502724e-01   4.21895926e-01   2.61969224e-01   1.40191907e+00
  -2.91419132e-02  -8.76296335e-01  -2.44422104e-01   1.52849570e-01
   6.09097644e-02  -1.57711469e-01  -4.10248840e-01  -4.53201659e-01
   3.22622141e-01  -1.89911047e-01   5.83398811e-01   7.28253211e-01
  -3.34491605e-01  -2.35945373e-01   4.80190033e-01  -4.76731632e-01
   2.78099490e-02  -9.54300670e-01  -4.05216882e-01   6.77913778e-01
   5.67962183e-01  -1.50649020e+00  -5.62614990e-02   1.74026641e-01
   3.95661040e-01  -3.54974737e-01  -2.09595889e-03  -2.56409819e-01
  -4.03548651e-01  -1.02570929e+00  -4.09875220e-01   2.28181076e-01
  -7.10596646e-01   7.27666178e-01   1.26427133e+00  -9.75683058e-01
   1.10584536e-01  -3.13101091e-01  -2.38635075e-01   1.86361684e+00
  -1.41364556e-01  -3.81895820e-02  -9.81132461e-02  -4.75335935e-01
  -1.61314364e-01   2.35057823e-01  -1.03222630e+00  -1.02682894e+00
  -1.65007830e-01   1.92300712e-02   3.21632756e-01  -1.12262150e-01
   9.64805160e-01  -9.79685955e-03  -1.77934621e+00   6.68209522e-01
   1.06835316e-01  -6.29648056e-02   8.97770098e-01  -3.57376748e-01
  -4.65455575e-01  -5.21144589e-01  -3.41698063e-01   1.95077735e+00
  -2.48755551e+00   5.30601410e-01   1.05431195e+00   1.08932261e+00
   2.66588507e-01   1.32615188e+00  -4.23003089e-01  -4.74741167e-01
   1.05277362e+00   9.52415665e-01   9.88023326e-01  -6.59411547e-01
  -1.63931957e-01  -2.12062916e+00   2.16862488e-01   8.60764725e-01
  -7.94317066e-01   1.67176517e+00   1.15910520e+00   1.83021302e-01
  -8.90005552e-01  -8.63147895e-01   1.32552715e+00  -1.07415936e+00
   8.31863898e-01   2.18541633e+00   2.14841481e-01   6.47394674e-01
   1.76594407e+00   8.04004729e-01   2.55885967e-01  -4.08358669e-01
  -8.66082458e-01  -7.46177415e-01  -6.92539156e-01  -5.79838348e-01
  -1.26619230e+00  -6.41034340e-01   3.35795207e-01   1.67630738e-01
   3.09668005e-01   8.45547507e-01   1.37607863e+00  -3.25062529e-02
   1.67306657e+00  -7.62001921e-01   1.49515356e-01  -9.13432040e-01
   1.29578591e+00   6.64635919e-01  -1.11713638e+00   1.38225532e+00
  -3.27826278e-01   9.98933813e-01  -1.38163664e+00   4.96657723e-01
   8.96792275e-01   1.65212271e-01   7.13025763e-02   3.22186967e-01
   1.49037839e+00   1.70875742e+00  -2.10501896e-01   7.96949930e-01
   6.33355120e-01   3.37319743e-01   6.10149755e-01   2.51002897e-01
   2.03792576e-01  -1.35017711e+00  -7.85393852e-01   4.65244816e-01
  -5.88906138e-01  -4.42121769e-01  -9.42125147e-01   5.60551487e-02
  -6.60842038e-01  -3.79396592e-01   1.68960878e+00   8.70554798e-01
   2.75378352e-01  -5.73321416e-01   5.88171709e-01   1.17661867e+00
  -5.44464917e-01  -3.72212276e-02   7.81911312e-01  -8.39384752e-01
  -2.52105168e-01  -8.01223037e-01   1.10243124e+00  -3.56559184e-01
   2.02618480e-01  -3.56314548e-01  -1.53934599e+00   1.57396041e+00
   3.54707710e-01   5.50502547e-01  -5.76104543e-01   1.01513182e+00
   3.73757378e-01   9.98305033e-01   6.69564677e-01  -1.15545439e-01
   6.22653706e-01  -2.23504347e-01  -1.93654509e+00  -3.53319687e-02
   8.83174667e-01   1.32008952e-01   9.01257984e-01   1.18518042e-01
   3.64950955e-01  -8.94024541e-01   7.39916492e-02   5.05393182e-01
  -1.23184889e+00  -7.95022212e-01  -3.25614229e-01  -8.62549768e-01
   1.28214818e-01   4.88339655e-01  -1.09868039e+00   1.00572577e+00
  -1.51751004e+00  -3.80954526e-01  -1.82577598e+00  -1.37498232e+00
   3.76948814e-01  -7.36359902e-01   4.62844383e-01   1.26913295e+00
  -6.16531696e-01  -2.09483627e-01   9.57859154e-01  -6.52257487e-01
  -7.62702878e-01  -3.95602363e-01   1.04126860e-01  -1.44069664e+00
   7.64025564e-01   8.18638048e-01   1.84637211e-01  -7.71295430e-01
   6.93354607e-01  -5.78638882e-01   3.91082062e-01  -1.87675431e-01
   1.53793027e-01   1.20696659e+00  -4.04126287e-02  -1.62631506e-01
   9.87382323e-01   6.24096058e-01  -1.17599352e+00  -5.34854270e-01
  -1.93336387e-01  -1.10248353e-01   6.09081209e-01   6.82481260e-01
  -7.92382897e-01   2.48774015e-01  -9.43852273e-02   5.54151669e-01
   1.87409137e+00   6.15568944e-01   7.80023966e-01   1.20174864e+00
  -1.93773630e-01   9.68367789e-01   1.29192700e+00  -8.58770429e-01
   6.55021243e-01   1.49046791e+00   8.73578154e-01   8.21214223e-01
   8.14326850e-03   6.88636643e-01  -4.11640474e-01   3.91710848e-01
   2.14083141e-01  -5.77457997e-01  -1.40124463e+00  -8.04395382e-01
  -5.08885801e-01   5.71515317e-01   6.07712671e-01   1.07544058e+00
  -1.73121709e+00  -1.65922301e+00  -9.56032957e-01  -5.39292046e-02
  -9.41064837e-01  -9.72686847e-01  -4.21421503e-01  -1.01691110e+00
  -3.73193020e-01   8.43077236e-01   6.81779905e-01  -1.26763078e+00
   5.26389338e-01  -7.17794365e-01  -1.09575550e+00   5.22491912e-01
  -2.11704122e-01   1.56248837e+00  -1.43193550e+00  -3.92693794e-01
  -1.13885588e-02   8.07086637e-01  -8.02824777e-02   2.65177199e+00
   1.22709302e+00   1.10891665e-02  -3.62338410e-01   6.88012402e-01
  -5.26880394e-01  -3.55015375e-01   6.33557975e-01  -4.33391798e-01
   1.12180562e-01  -4.51622847e-01   5.60806230e-02  -1.04157761e-02
  -7.89660403e-01   6.99106896e-01  -8.35228785e-01  -1.27099563e-01
  -9.69290101e-01   1.21314170e+00  -8.50227797e-01  -5.06295733e-01
  -3.48710226e-01  -5.29347961e-01  -2.67208817e-01  -1.22652726e+00
  -5.07330246e-02  -1.07344000e+00   7.39101905e-01   6.66236818e-03
  -9.11868158e-01   1.46511871e+00  -2.23473229e+00   7.29184960e-01
   8.24234423e-01   8.14300735e-01   6.77872108e-01   7.89754451e-01
   6.00405395e-01   1.75820040e+00  -3.23788420e-02  -8.66420140e-01
  -2.14372774e-01   9.88212541e-01  -6.36451031e-01  -1.16132779e+00
   9.17321510e-01   9.58391206e-01   1.04695680e+00  -6.77219807e-02
  -5.14075212e-01  -4.09092818e-01  -5.65792407e-01   4.96019743e-01
  -6.25876548e-02   2.42707956e+00   1.16126450e+00  -8.55634659e-01
   1.95124150e+00  -3.05169566e-01   8.24806689e-01  -2.33002218e-01
   5.65615957e-01  -1.27281405e+00   1.85427119e+00   1.51851553e-01
   1.09401207e-02   3.93347542e-01  -5.93867349e-01  -5.29120716e-01
  -6.70952861e-01  -1.22970062e-01   1.20079119e-01   2.30112792e-01
   2.93662747e-02  -1.15236252e-01   1.51085001e-01  -1.60036740e+00
   1.92615152e-01   2.45128973e-01   1.42372085e-01   8.76326672e-01
   7.15656422e-01   6.85696162e-01   1.66166220e+00  -4.44517196e-01
   8.37888310e-01  -7.31209528e-02  -5.63385258e-01   7.42237952e-01
  -1.67221716e-01  -1.42559496e-02  -5.58241999e-01   4.38974881e-01
   2.70213622e-01  -4.82761046e-01  -1.15797833e+00  -3.77773802e-01
  -1.58241024e+00   4.29378781e-01   3.02649261e-01  -8.05911939e-01
  -1.10238111e+00  -2.18240361e+00  -4.22055804e-01   1.12640204e-01
   1.98218253e-01  -5.89056222e-01   2.57914549e+00  -1.06522085e+00
  -9.84775213e-01  -1.53243389e+00   9.65043613e-01  -6.24369230e-02
   1.44744263e-01   1.93290283e+00  -6.99912632e-01   1.64510860e-01
   1.24035978e+00  -2.03864628e+00   1.18085442e+00  -6.98487807e-01
  -1.05641725e+00  -1.05708901e+00  -1.28800322e+00  -1.14194755e+00
  -6.45541628e-01   3.78714066e-02   3.39028561e-01  -5.51805141e-01
  -3.74937817e-01  -4.11069386e-02   7.13663177e-01  -1.82439654e-01
  -9.14480728e-01   1.86551073e+00   4.37291338e-01   1.00356400e-01
  -1.64595976e+00   2.81583920e-01  -3.12687314e-01  -1.04168881e+00
  -2.54403512e-01  -1.10233423e+00  -2.83493492e-01  -7.61748362e-01
  -7.45408807e-01  -2.68749714e-01  -7.80382279e-01   3.10041098e-01
  -4.82335713e-01   1.42006283e-01   1.24727788e+00   3.75440558e-01
   1.14546890e+00  -9.95903075e-01  -3.80311433e-01  -6.69487654e-01
  -8.02137095e-01  -5.34990264e-01   2.15138445e+00   4.80895318e-01
   9.65258563e-01  -3.41128755e-01  -3.49730462e-01  -1.39385709e-01
  -4.45202545e-01   5.63447350e-01   5.10746842e-01   6.33690013e-01
   8.18256072e-01   6.21979011e-01   2.53918171e-01  -1.09335131e-01
   6.70345308e-01  -7.93426302e-01   5.72139803e-01   2.81617033e-01
  -4.75977459e-01  -4.65241876e-01   3.53385537e-01   1.49742728e-01
  -1.09428793e-01   4.70577883e-01   1.51498332e-01  -1.11815339e+00
   2.97990105e-02  -1.26183184e+00  -3.76484402e-01   6.19766419e-01
  -8.36323675e-01  -2.79783791e-01  -8.59439611e-01  -9.50876449e-01
  -5.43744942e-01   1.54743450e-01  -1.77991354e+00   3.93401186e-01
  -1.78002934e+00   9.85649943e-02  -1.66589413e-01  -5.41801814e-01
  -1.07879057e+00  -1.99922494e-01  -2.54901412e-01   1.23529660e+00
  -3.91936809e-01   8.19602283e-01  -2.71015634e-01  -4.60074973e-01
   4.53080753e-01   1.08737675e+00  -1.89722477e-01  -3.26002986e-01
  -2.68280370e-01  -9.71442131e-01  -1.16381501e+00   4.19368185e-01
   9.17400062e-01   5.02374937e-01   1.12331596e+00   9.26491282e-02
  -8.80626430e-01  -1.42357207e+00  -2.24975226e-02  -1.43175655e+00
   8.49371006e-01   9.13450768e-01  -1.07288343e-01  -8.88728414e-02
  -1.35675051e-01  -9.68607383e-01   1.29564014e-01  -7.14378129e-01
   5.79878788e-01   8.49272241e-01   1.98246947e-01   1.28271576e+00
  -1.99592879e-01  -1.16590761e+00   1.09997873e+00  -9.14529494e-01
  -1.32771025e+00  -9.44946273e-01  -3.70093102e-01  -1.26092676e+00
   4.85670530e-01   8.40132357e-01   2.96476855e-01  -6.85792039e-02
  -1.49175727e-01   3.69368290e-01  -7.42747586e-03   2.26872163e+00
  -3.50160613e-01   1.35955185e-02]

*** Componentes principais [T] (somente originais):
[-2.15033947 -2.72368524 -1.32290711  0.09846939  0.94705536 -2.11040673
  1.99144245] [-2.04096497 -1.56327646  0.15911791  1.03751892  1.95209406  2.01149407
 -1.70525542] [-0.84211059  0.2933969   1.12648891 -2.049939    0.79525646  0.98436028
  0.24113267] [-0.27041939 -0.38949652  0.40493181  0.2556339  -0.64294059  1.25450267
  0.28747756]

*** Contribuições (autovetores) [P] (idem para todos e originais) ###TABLE VI.### Percentages of the contributions from each musical characteristic on the four new main axes.

C1 [4.6278018534628176, 19.973139650383377, 16.913400754050702, 19.136330701097197, 4.0787756440696814, 21.268290589371507, 11.910700673685717, 2.0915601338790073]
C2 [28.590601793529441, 2.3645868459351469, 0.4657009990482292, 11.722554181670143, 7.5113941348497537, 10.922889034685735, 9.6353395014118046, 28.786933508869744]
C3 [7.5481310055230608, 12.723178861259985, 7.7755587351336963, 13.431813066930367, 30.702149048825405, 7.9590760763725523, 16.223257318761387, 3.6368358871935555]
C4 [7.8715146347742344, 11.133259547296545, 36.755524030024517, 4.9958263230386351, 2.7643354520138379, 10.372482984099015, 20.081980472672161, 6.0250765560810535]
C5 [2.3055647177912619, 20.321673807939352, 7.8291277670955424, 3.6417557648784626, 15.011661606963719, 4.9188742913409333, 30.661035276993797, 15.310306766996939]
C6 [17.84844598846351, 6.1369509715306512, 14.296862305828922, 22.871225840787908, 11.750320557526933, 2.5358109723636666, 3.4326236335962266, 21.127759729902195]
C7 [24.069264400157884, 7.1263194086888708, 0.80197992718459155, 22.05933249363606, 11.286306795114125, 18.608087174231958, 6.9803065495257428, 9.0684032514607757]
C8 [0.16485770353558279, 27.84643174729311, 2.9694491896855957, 1.657345566188767, 18.103789637158666, 28.929128542011423, 2.8226250702941242, 17.506372543832729]
princ_orig [[ -2.15033947e+00  -2.04096497e+00  -8.42110586e-01  -2.70419393e-01
    2.82597105e-01  -3.17399166e-01   7.84335940e-02  -7.98728487e-02]
 [ -2.72368524e+00  -1.56327646e+00   2.93396896e-01  -3.89496518e-01
   -6.43027171e-01  -7.47242699e-02   8.99803485e-02   3.44142223e-01]
 [ -1.32290711e+00   1.59117910e-01   1.12648891e+00   4.04931812e-01
    7.11051117e-01   4.55451929e-01  -3.23902018e-01   5.01925464e-03]
 [  9.84693944e-02   1.03751892e+00  -2.04993900e+00   2.55633904e-01
    7.28566176e-01   9.78263932e-02   1.57789622e-02   2.26221489e-01]
 [  9.47055356e-01   1.95209406e+00   7.95256456e-01  -6.42940587e-01
   -2.79933102e-01  -4.46953062e-02  -3.78476166e-03  -1.22884241e-01]
 [ -2.11040673e+00   2.01149407e+00   9.84360283e-01   1.25450267e+00
   -4.72962432e-01  -3.15439400e-01   5.65746267e-01   2.15338680e-03]
 [  1.99144245e+00  -1.70525542e+00   2.41132671e-01   2.87477564e-01
   -2.64575865e-01   1.85607421e-01  -2.60473102e-01   3.47204070e-02]]
princ [[-2.15033947 -2.04096497 -0.84211059 ..., -0.31739917  0.07843359
  -0.07987285]
 [-2.72368524 -1.56327646  0.2933969  ..., -0.07472427  0.08998035
   0.34414222]
 [-1.32290711  0.15911791  1.12648891 ...,  0.45545193 -0.32390202
   0.00501925]
 ..., 
 [-1.41381548  0.77379396  0.41400839 ...,  0.49614983  0.60820063
  -0.12816566]
 [ 1.07364816  0.80911212 -2.89671874 ...,  0.61264979  0.73314959
   0.18579143]
 [-0.40084594  0.17147843  0.7677654  ...,  0.74629399 -0.41666564
  -0.00931056]]

###TABLE VII. TABLE VIII###.


*** Oposição:
[1.0, 1.0942580423223851, 0.59128616034751247, 0.33063578613032119, 0.44226384901019516, 0.89702575958847319]

*** Inovação:
[0.0, 1.4309627413026456, 2.885638761853536, 2.9466024835305973, 2.5629838684920991, 2.2648159420638168]

*** Dialéticas:
[1.32057867920317, 1.5459530206326983, 0.12302698978060579, 0.47074296037499824, 2.287454931241097]

*** Dialéticas 2d:
[0.39944733184468295, 2.6883520714099904, 2.0381100511494568, 1.4122299242805505, 2.6442507149700947]

*** Dialéticas Todos (8d):
[0.62569680759534385, 1.5925246504778623, 0.095312965727828866, 0.66909367112163287, 2.362557196702145]
dados [[-1.16037144 -0.08308755  1.41804027 ...,  0.54652191 -0.02644369
  -1.53564241]
 [-1.28898981  1.32443965 -0.03286576 ..., -0.55276928 -0.10262034
  -0.97409511]
 [ 0.75849432  0.10150052 -1.35024687 ...,  0.04855676 -0.59274701
   1.02738508]
 ..., 
 [ 0.21488346  0.29180185 -0.77041136 ..., -1.78493439  1.1351138
   0.54610399]
 [-0.51862201 -0.407251    0.32807387 ...,  2.30835738  0.36262579
  -0.556328  ]
 [ 0.24063205 -1.63800462 -1.33885308 ..., -0.17643061  0.22559536
   1.34520888]]
###TABLE V.### Average and standard deviation of the deviations for each composer and for the 8 eigenvalues.
main_means [4.1237667268544387, 4.1908122619538988, 3.4052591986895879, 3.6874175362459063, 3.6397981651812956, 4.3270458854206542, 3.7112771646708103]
main_stds [0.87366994164925238, 0.91221980250802936, 0.74089401767941532, 0.82016029533558843, 0.8557714651367696, 0.89416872710630235, 0.84330518924099584]
eigenvalues means [-0.17067536 -0.10086379 -0.04601314  0.03582486  0.03585017  0.07894457
  0.08209905  0.08483364]
eigenvalues stds [ 0.004783    0.00337673  0.00257417  0.00228406  0.00227456  0.00269275
  0.00302086  0.00336587]
