*** arquivo_notas: notas_filosofos.txt qtd_aleatorios: 8000000 std: 1.1

*** Dimensões da tabela de notas: (913, 8)

*** Tabela geral de notas:
[[ 3.          3.5         9.         ...,  3.5         5.          4.5       ]
 [ 8.          7.5         7.         ...,  8.          2.5         2.5       ]
 [ 1.5         2.5         9.         ...,  2.5         7.5         7.5       ]
 ..., 
 [ 3.40958728  1.78058966  8.35742856 ...,  1.73419348  5.66788762
   7.6250629 ]
 [ 1.90525584  1.71823176  8.04746497 ...,  2.86128143  7.56762942
   7.45093553]
 [ 8.09434926  1.85670522  1.94274829 ...,  3.20946739  1.63342665
   2.02198363]]

*** Matriz de covariância:
[[ 1.    0.31 -0.23  0.08  0.05  0.47 -0.34 -0.52]
 [ 0.31  1.   -0.51  0.18  0.15  0.74 -0.57 -0.3 ]
 [-0.23 -0.51  1.   -0.36  0.43 -0.28  0.36  0.04]
 [ 0.08  0.18 -0.36  1.   -0.2   0.03  0.2   0.27]
 [ 0.05  0.15  0.43 -0.2   1.    0.35 -0.17 -0.2 ]
 [ 0.47  0.74 -0.28  0.03  0.35  1.   -0.59 -0.46]
 [-0.34 -0.57  0.36  0.2  -0.17 -0.59  1.    0.63]
 [-0.52 -0.3   0.04  0.27 -0.2  -0.46  0.63  1.  ]]

*** Pearson (igual matriz covar.):
 ###TABLE III. Pearson correlation coefficients between the eight musical characteristics.
['1.0', '0.31', '-0.23', '0.08', '0.05', '0.47', '-0.34', '-0.52']
['0.31', '1.0', '-0.51', '0.18', '0.15', '0.74', '-0.57', '-0.3']
['-0.23', '-0.51', '1.0', '-0.36', '0.43', '-0.28', '0.36', '0.04']
['0.08', '0.18', '-0.36', '1.0', '-0.2', '0.03', '0.2', '0.27']
['0.05', '0.15', '0.43', '-0.2', '1.0', '0.35', '-0.17', '-0.2']
['0.47', '0.74', '-0.28', '0.03', '0.35', '1.0', '-0.59', '-0.46']
['-0.34', '-0.57', '0.36', '0.2', '-0.17', '-0.59', '1.0', '0.63']
['-0.52', '-0.3', '0.04', '0.27', '-0.2', '-0.46', '0.63', '1.0']

*** Autovetores (raw):
[[ 0.36  0.02  0.23 -0.73  0.38  0.28 -0.26 -0.02]
 [ 0.45  0.19 -0.31  0.26  0.18 -0.31 -0.48  0.5 ]
 [-0.26 -0.57 -0.16 -0.24 -0.07 -0.49 -0.47 -0.25]
 [-0.    0.54 -0.42 -0.42 -0.57 -0.07 -0.06 -0.14]
 [ 0.13 -0.5  -0.61 -0.07 -0.12  0.52  0.14  0.23]
 [ 0.48 -0.04 -0.3  -0.    0.3  -0.37  0.47 -0.48]
 [-0.39  0.28 -0.39  0.19  0.5   0.31 -0.3  -0.38]
 [-0.46  0.09 -0.19 -0.36  0.37 -0.3   0.38  0.49]]

*** Autovalores (raw):
[ 3.23  1.81  1.03  0.83  0.42  0.3   0.21  0.19]

*** Autovalores prop (raw):
[ 0.4   0.23  0.13  0.1   0.05  0.04  0.03  0.02]

*** Autovalores (var. %) ###TABLE IV### New variances after PCA, in percentages for scores on III.:
[40.0, 23.0, 13.0, 10.0, 5.0, 4.0, 3.0, 2.0]

*** Dados finais:
[[-1.15242951  2.75598821 -2.83086288 ..., -2.36710207 -2.66545322
   0.95794651]
 [-0.94461587 -1.20734964 -0.59858293 ..., -2.09773625 -0.41682415
  -0.29439377]
 [ 0.44506235 -0.51058253 -1.39786154 ..., -0.43498392 -1.8307143
   4.32802115]
 ..., 
 [-0.49007686 -0.09024513  0.06827685 ...,  0.93822144  0.5935681
   0.93438759]
 [-0.22078399 -0.09225481  0.32716739 ...,  0.68903511  0.71753154
   0.54032847]
 [-0.1454496  -0.02374125  0.38610442 ...,  1.25405492  0.24033974
   0.02831721]]

*** Componentes principais [T] (todos):
[-1.15242951  2.75598821 -2.83086288  1.42710281 -1.238338    3.8867949
  0.7196195   0.65846925  3.0342959  -0.07994266  0.66080142 -2.85955107
 -1.40431691  2.4819957  -1.04443747 -0.26452097 -1.51855517 -0.12599892
  0.10462954  0.30240716 -1.36800819 -1.44397293 -0.20910665  0.55757853
  1.52035922  1.61286332  2.78742977  2.96879904  0.42605496  0.25498496
 -2.44118264 -0.71504601 -2.12565371  2.74494803  1.75098731 -1.29049634
 -0.74355045 -1.53881579  2.41865169 -1.95352515 -0.17012646 -2.10278831
 -2.42140735 -1.04334     2.08773812  2.41880397 -1.20210356  2.39568541
 -1.13252075 -1.78650047  1.22888815  2.90274841 -1.62781452 -0.97379032
 -0.3305042  -3.07858995 -1.34897106 -0.49085831  1.07917015 -1.25503349
 -0.68623844  0.72779071  1.24192901  1.40965578  2.38294593 -1.65596497
  2.5117566  -1.46741189 -0.59861123  1.32260709  1.53154593 -1.70244548
 -2.60622513 -0.78995027 -0.12736341 -0.97615992 -1.24139588  0.64396505
 -1.13880605  2.33046118  0.23084099  2.02262413 -1.72649178 -0.64335542
  0.31444527  3.0979234  -2.61643593 -1.16479615  0.4125225   1.86900465
 -1.33632499  2.4958454   0.6797651   0.89867639  0.29211457 -2.10470904
  2.74580009  0.2210353   1.09959311 -1.01894191 -2.33990746 -0.11796917
  1.9320819  -0.26221275 -0.21937164 -1.18188797  1.25073231 -0.85601518
 -1.11646381 -2.03367274 -1.29696002  0.71891076 -0.20258464 -0.94446299
 -0.65348695  0.99540735  0.54804902 -1.58710931 -1.11657767  0.30351224
 -1.20722764  2.4922448   0.67521693 -2.57337097 -2.47584788  1.21091114
  0.264802    0.93022433 -1.38088898  2.69352641  3.04555237  1.13343014
  2.93604027  0.44028141  2.48214772 -0.78174164  3.14835056 -0.28202975
  2.76182881 -1.41959632 -0.78834573 -2.29452805  0.54332419  0.14274507
 -2.50895342 -0.5440649  -0.99634784 -0.55058418 -0.08461387 -1.14355859
  3.05830496 -2.35287709  0.28719192 -1.30427942 -0.92984319 -0.75795319
 -1.08860082  2.40435356 -2.02262311  3.52276875 -1.12741032  2.23196364
 -1.89698879  3.12833892  3.15889136 -0.55425903 -0.15578624  3.05799946
 -1.22847009 -0.70369145 -1.00586992 -1.47329536 -1.42425613  0.65756655
 -2.13265122 -0.48669266 -1.35092449 -0.98461222  2.02315582 -1.47984228
 -2.74798724 -2.11581618 -1.08593534  0.24243343  1.01464605  0.22006267
 -1.37347131 -2.26394001  0.91429245  1.31730568 -2.4318024  -0.67041068
  0.45806338 -0.82835571 -0.14940367  2.08869011 -1.76758852  2.78987966
 -1.0540492  -1.38514377 -2.33269879 -2.42618458 -2.19649716 -0.74091934
  1.93009165 -1.70225295 -1.40652874 -1.36340319 -1.04239424 -0.47413518
 -0.47473256 -1.0037775   0.79417802  2.67135672 -1.09585652 -1.79044518
  0.35462904  3.39330163  0.99784363  0.95251448 -0.83822045  0.3098714
 -1.5645076  -0.22688321  3.12037637  2.22998858  0.89992156  2.74478192
 -2.51634938  2.86162954 -0.9002077   2.97351441 -1.94132552  0.86005485
 -1.75210254 -0.8047989  -0.56271977 -2.07000625 -2.29955848 -1.12472077
  2.82879191 -1.34944514  2.94445288 -1.78622474  2.69418972 -1.86786311
 -0.90283504 -1.54429244 -2.53341829 -1.02859541  0.63084783  1.01864842
 -1.71004838 -0.84595513  2.11238624 -0.85841859 -0.28865342  0.63165064
  1.33250742 -1.93636672  2.60973     2.07755943 -3.03884997  2.58181576
 -0.46595458 -2.1942513  -1.90928552 -1.13749201 -1.51424163  2.46862134
 -2.46362463  0.48708903 -1.49809675 -1.02816162  2.39383697  0.12230737
 -1.0853987  -1.32644313 -1.6844985  -0.79636057 -2.82910309  2.96076909
  2.67111918  2.95244163  0.42893961 -0.3416328   2.35212088  2.5926379
 -1.39981171 -1.0034381  -0.71334182 -0.08572825  3.08337713 -0.88351936
 -1.40364117 -3.42550655 -0.52820663 -0.79885373 -2.82612091  2.64688461
 -1.42830017 -0.8608339  -1.36308358 -2.34507605  0.72762635 -2.43302709
 -1.61315627 -2.79764722  1.45238387 -0.69673988  2.13378847  2.42872259
  0.15970769 -0.59484412  1.18771162 -0.87428174  1.74262796  0.73341954
  2.99432798  3.31917012 -2.32024231 -1.37667396 -0.5427804  -0.31769072
 -1.35485949  0.26119733 -2.40798052 -0.83824548  2.85433137 -1.13175552
  2.36370872 -0.88684726 -0.25848287  2.45900778  0.76267604 -1.58133585
 -1.04482096 -0.66593572  2.1073463   1.34626339 -1.41505761 -0.5400683
 -0.88561356 -1.63649243 -0.57549974 -1.1396319   2.52536734  0.13184767
 -0.78908041  2.11171551  2.5385817  -1.10691222  2.50046766  1.96056788
  3.06448233  1.27597585  0.64929327 -2.57914779 -2.87566242 -1.23531776
  2.37164365  2.65658951  2.70615834 -2.50262309 -0.46512868  3.08088131
 -1.50687273 -1.26806117 -0.17238454  0.89532348 -2.83043555 -0.67900648
  0.97416809 -1.04131302  0.22680503  3.59921209 -0.21517577 -1.65232699
 -0.55753612 -1.36896318  2.42219599 -1.00052052 -0.37841175 -0.95046701
  2.41801118 -0.69631674  2.24127082  2.28010159  0.53992056 -1.15546642
 -1.47326383 -1.52477369  0.64707372 -1.92122068  2.38691581 -2.35234351
  0.22860548 -2.85165466 -1.39191546 -1.33618413 -1.10227451 -1.39075123
  2.56946609  2.25660475 -2.7817638  -1.09908474 -1.16881367 -0.40818358
  3.48438786 -0.53627375 -0.07870838  2.91243835 -0.86126751  3.3125816
  2.77132659  1.38880125  1.74677716  2.48911581 -2.58361366 -1.22531705
 -1.78678926  2.48964763 -1.55886157 -1.14962505  2.96614981 -0.40504311
 -1.28600377  2.70955068  0.62379401 -0.5265337   3.16679182 -0.73562178
  2.71652325 -1.48593943 -0.25786498 -2.3172196   3.61876799  3.16836661
  0.46495611 -1.47351998 -1.13949765  0.30040707 -1.2357656  -1.10669017
 -1.43431947  0.62746318  1.2509909  -2.19845929 -2.0213034  -1.2062201
  1.63682963  2.36313164  2.73112613 -1.74949285 -1.57436613 -1.65466798
  1.84583353  1.93716283  2.82152242 -1.69906153  0.76828598 -1.28500738
 -1.09713072 -0.95150297  1.02870632 -1.48034154 -2.92336036  0.72912918
  3.06098531 -1.05921909 -0.76278208 -0.53365801 -1.16310247 -1.32296773
  2.45498204  2.8703735   1.90715031 -3.14700189  2.00986561 -1.78057326
  2.35835855 -1.3366461   0.65277704  3.30232042  0.34379223 -1.28938027
 -0.60686222  2.39379997  1.50077063 -0.33823356 -2.05599719 -1.64706227
 -1.37159684  3.11058854 -2.61970324 -0.921716   -0.52869064 -2.82182607
  1.21442521  0.3647152  -0.61612658 -2.16607652  2.54816405  1.9370312
 -3.09096076 -2.45297757 -1.299398   -0.21409199  2.84273869 -2.50123612
 -2.37614821 -1.01876485 -0.88589944 -0.45080458  0.84066574  1.67302391
 -0.91649778 -0.06018244 -0.61481416  0.75433309  3.28660275  2.44942461
 -1.23781772  0.60936413  0.73642849  0.53866239 -1.39008038  3.37618563
  0.69303582 -1.86647706  0.33113077  2.03168938 -1.10762951 -1.4051995
 -0.78925009  1.79228445 -1.2491274  -1.32054818 -0.77911234 -0.94103838
  2.25419297 -2.18261501 -0.11080761  0.31225645  2.92009141 -0.79527324
  3.51276622 -2.95622893 -1.15218174  1.26657999 -1.28478913 -1.25334449
  2.90894016 -0.71891853 -1.92927524  2.90250389  3.20468792  1.31245393
  0.51837394 -1.13809627 -1.41519067  3.4645361  -1.08693066 -0.16074037
  2.28834947 -1.37547657 -1.21054404 -1.01286549 -1.05683368  0.81290555
  2.71003369  2.8479925   1.13817296 -2.20863878 -1.78326005 -1.38579444
  2.65682537 -2.7982278  -2.11206984  0.51917759  2.62709081 -1.23724102
 -2.52130841  0.04799652 -1.38065805  2.95833986 -1.45457205 -1.69117257
 -0.31215746 -1.37524908 -1.13313261 -0.85103212 -1.38437481  2.48433527
 -0.69463226 -0.89446772 -1.02738088 -0.71065795  2.63477498  0.89129733
 -1.13345964 -2.12939338 -1.15740435 -1.27175604  0.87198663  1.03956779
 -2.07267477 -1.57257523 -1.48326584 -0.76805132 -0.01331231 -0.98718777
  2.27601428  2.51240705  2.36764578 -1.20160469  3.08290202  2.39827607
  2.68734008 -0.82009558 -0.8743235   2.44845006 -1.27827856 -1.18162431
 -1.81618485 -0.09427642 -0.11412882  1.61168558  3.13838128  1.97266986
 -1.52553681  2.54656482 -1.64987698 -2.85265644  2.7004135  -0.65406041
 -1.6107282  -2.71025883 -1.26843894 -1.53241895  0.82871662 -0.74420283
  0.43729744 -0.04192312  3.073827   -1.38910777 -0.38240141 -1.78286156
 -1.7510225  -1.05777661  2.89370716  2.00899395 -2.47020465  0.95534189
 -1.37171541 -1.06486844 -1.03261668 -1.00148856 -1.19821279  3.05035628
 -1.31145846 -0.97070059 -3.26148171 -2.592395    0.81800862  3.05028263
 -2.5343963  -1.72379662  0.71422133 -1.4087543  -1.61023239  2.30888464
 -1.04676946  0.98231381 -1.47370725  2.81149259  2.9688646  -1.13221366
 -0.81213499 -3.04306688  0.07040474  1.98328254  2.13608241 -1.22122323
  1.16743192 -1.20973669  2.79680392 -1.59860794  3.06595327  0.56485342
 -0.97332274  2.2184986  -0.71523148 -0.96890426 -1.03448874 -1.78280393
 -1.79191628  3.01398202  2.63567986  2.49794134  2.71206714  1.90809122
 -0.90471563 -2.15774971 -0.55418717  2.54765472 -1.4345973  -2.24137169
 -1.03127493 -0.08934115  0.88964205 -2.77304181  2.67743264  0.42183383
  0.17406936  0.58485977  1.30616591 -1.25416402 -0.287944   -0.77723465
 -1.94309049 -0.17313989 -1.29020563 -2.75720335  3.50978007  0.23782261
 -1.64306465  1.75016799  0.26132976 -0.37652272 -0.86644726 -2.78997036
  2.2055469  -2.75505978 -0.65035381  1.8895248  -1.07192529  1.98946002
 -1.77939928 -0.06354592  2.8621217   2.11976356 -1.1468319  -1.6958856
  2.89925654  2.67130949 -2.84188313  1.87033095  0.91378429 -1.52357562
 -2.57571835 -3.13354182 -0.52713203  0.6866414   2.08949732 -1.45802472
 -3.15190265 -0.8263245   2.05508098 -1.44790376 -1.11434527  1.31094892
 -0.44277352 -1.30159917  2.09808288  2.40646329  1.03161187 -1.11441725
 -2.81557582 -1.82381995  0.53821686 -1.31646576  2.80066146  2.44798958
  1.96554886  2.6816325  -0.04231035  3.01959755 -1.77205672 -0.47075848
  2.08769956 -1.57359731 -2.4705683  -0.73455669 -0.11279062 -0.78029897
 -2.77326388  2.28037001  2.90650115 -0.18026697 -1.77724206  2.43201185
 -0.04463369  0.29578365 -0.79061945 -0.46330644 -2.26433333  0.79849893
  1.19178926 -1.18619263 -0.67874524  1.41141896  0.92165603 -0.94012969
  2.73302632 -1.20863701 -1.98442958  1.00372275  3.53171754 -1.81196941
  2.26160042 -0.68022319  2.22382785 -1.63948625 -1.1443928   3.77793919
 -1.10314957 -0.72633666 -1.49617766  0.17411389  2.95041288  1.04020759
  2.74488421 -0.34859063  0.47548187  2.83341005 -1.29940507  0.30585713
  1.56451613 -1.59215462 -0.88749457 -0.84940071 -1.63702113  0.3374347
 -2.33402832  1.03057362 -1.24487287 -2.05520753  2.94631816 -1.34643705
  2.58159061  2.8015706   0.58783766 -0.19174802 -1.47829464  1.40837974
  3.38333307  2.26058067 -1.94934621 -1.04377873  2.5756853  -0.66795087
  1.0318877  -1.51692967  1.01049979 -0.32003649  2.63770791 -1.96374583
 -1.20788539 -0.61129114  2.27647655 -1.3293723   0.01553955 -0.70883492
  2.81036355  0.88686111 -0.4215861  -1.81843496 -1.67448676 -1.67955185
  0.38652894 -1.21278368 -2.81442196 -1.06270993 -1.86414419  2.6632765
  0.79704691 -1.42077054 -2.26295755  0.74478186 -0.80374204  1.62612165
 -1.07713799 -1.59429808 -1.27221735 -1.12225305  2.77635393 -2.13595213
  3.35515591 -0.0495386   2.01632115  2.90353822 -1.41484045 -0.58837246
  2.06302723 -1.00753846  2.55256944 -0.94114634 -1.82951037 -0.18880794
 -1.76399846 -1.80090305  0.97956677  3.09582853  3.05302985 -0.67366486
 -1.47584798  0.26008899  2.41941349  2.5926152  -2.36710207 -2.66545322
  0.95794651] [ -9.44615873e-01  -1.20734964e+00  -5.98582927e-01   6.68958681e-01
   4.70491561e-02   1.95996686e+00   2.84919844e+00   2.74354441e+00
  -1.01253128e+00   2.90936437e+00   2.43353650e+00  -1.05248150e+00
   3.98726235e-01  -1.20859762e+00  -1.29499914e+00  -9.75723889e-01
  -1.10597973e+00  -6.01662059e-01   2.08618864e+00   2.73933981e+00
  -1.15492450e+00  -4.04887178e-01  -2.01262500e-01   2.92036071e+00
   9.05779873e-01  -6.01164969e-01  -1.17371727e+00  -9.72196814e-01
   2.95808461e+00   2.16303561e+00  -2.73594546e-01   4.00807239e-01
   1.37405342e-01  -8.23426633e-01  -1.60438085e+00   7.69501643e-01
  -7.18655224e-01  -6.23866761e-02  -1.47293339e+00   1.02130863e+00
  -3.06833735e-01   3.45751224e-02  -1.77996808e-01   3.15121903e-02
  -8.52585398e-01  -9.82206385e-01  -1.49704295e+00   5.46988416e-02
   3.28444624e-01  -9.46682477e-01   2.77537903e+00  -4.26958583e-01
  -2.82701472e-01  -2.44486985e-01  -1.62162222e+00   9.65440808e-02
  -1.34018364e+00  -8.00603535e-01   2.42964061e+00  -7.65588160e-01
  -1.14419626e+00   5.22856614e-01   3.18858097e+00   8.85535540e-01
  -9.05646159e-01   5.09618174e-01  -1.04884985e+00  -1.23022401e+00
  -5.34147885e-01   2.19194931e+00   2.62082816e+00   9.39818851e-01
  -2.47467093e-03   7.33041416e-01   5.98254717e-01  -5.18195374e-01
   5.35585700e-01   2.12557679e+00  -1.21338554e+00  -1.56071126e+00
   2.50603860e+00  -1.23665101e+00  -4.73180975e-01  -1.40528437e+00
   2.59625859e+00  -5.77320871e-01   2.31093429e-01   7.00959353e-01
   2.60378234e+00   6.30627484e-01   7.77347507e-01  -5.87225322e-01
   6.90897794e-01   8.29552249e-01   2.92030410e+00  -9.48940836e-01
  -1.68133669e+00   2.20325377e+00   2.71490958e+00  -3.80766594e-01
  -5.55757131e-01  -3.75944813e-01   2.77178870e+00  -1.13419252e+00
  -1.12729624e+00   4.11817958e-01   3.79023757e-01  -2.88440978e-01
  -1.16055594e+00  -1.54905530e-02   5.02455059e-01  -5.16186133e-01
   2.81592788e+00   5.51305187e-01  -1.16469562e+00  -2.07903063e-01
   1.71338740e+00   1.00604146e-01   9.19326181e-01   2.72820712e+00
   5.56794605e-01  -1.45280464e+00   7.93343009e-01  -1.34225141e-01
  -5.67328050e-01   1.47522551e-01   2.96372767e+00   2.36084809e+00
  -5.60296582e-02  -1.01227129e+00  -8.89268378e-01   1.66323232e+00
  -1.15452312e+00   2.60074255e+00  -1.25494141e+00  -3.61292885e-02
  -1.53893938e+00   1.96755871e+00  -9.08274055e-01   5.18055302e-01
  -1.15252932e+00  -3.13639046e-01   2.81315166e+00   4.26694851e-01
  -1.92461148e-01  -3.85042616e-01   1.05054817e-02  -1.07392729e+00
  -1.27177102e+00   2.77655956e-01  -1.88620683e+00   1.35036595e-01
  -1.53105434e+00  -8.32525474e-01  -7.09836584e-01   3.32331888e-01
   1.92078512e-01  -1.16795993e-01  -1.00842535e+00   1.73044530e+00
  -1.30692093e+00  -3.16626833e-01  -2.01685377e-01  -1.31814568e+00
  -1.59093554e-01   1.20589612e-01   3.18545090e+00  -7.65552061e-01
  -1.86193534e+00  -7.19098103e-02   2.27917454e-01  -1.87673810e+00
  -1.28569749e+00   9.65158852e-01  -1.42167549e+00   6.77844287e-01
  -3.69850012e-01   2.73121613e-01  -1.58883081e+00  -3.50629851e-01
  -4.52564525e-01   3.06259843e-01  -1.42566016e-01   2.71374793e+00
   1.69404070e+00   2.52444342e+00  -4.33416359e-01  -8.09230336e-01
   3.19896636e+00   1.70152421e+00   6.33586094e-01  -7.23088783e-01
   2.79766215e+00  -6.88560434e-01   1.71947532e+00  -3.44422170e-01
   8.53304104e-01  -5.87735531e-01  -1.12121351e-01   6.36933852e-01
  -3.85673397e-01  -1.43354680e-01  -9.48959547e-01  -6.99623189e-01
  -6.74757073e-01  -5.20218258e-02   1.29704059e+00   5.16816937e-01
  -6.66009927e-01  -1.21386572e+00  -7.46453811e-01  -4.67117561e-01
   6.69922671e-01  -2.17463715e+00  -5.82195589e-01  -9.21007180e-02
   3.49572525e+00   1.28378346e+00   2.77811676e+00   5.11750655e-01
   1.01062635e+00   2.56026753e+00   2.99390609e-01  -4.98540360e-01
  -1.01508043e+00  -1.59991843e+00   2.93203714e+00  -1.99205583e+00
  -1.63685587e+00  -4.78070713e-01  -9.30472704e-01  -1.43530489e+00
  -8.86230084e-01   2.17620376e+00  -3.70025089e-01   1.23164159e-01
  -1.27289357e-01  -3.52938312e-01   4.78403080e-02  -3.10410756e-01
  -8.79861255e-01   5.05681148e-01  -1.14621221e+00   2.82323700e-01
  -1.21885038e+00   5.47520410e-01  -3.50367597e-01   2.22097743e-01
  -6.98789911e-01   2.30225429e-01   2.49490581e+00   2.62414057e+00
   7.22642905e-01   9.07845726e-01  -2.26858034e+00  -2.29590036e-01
   2.47397062e-01   2.54837524e+00   2.31157471e+00  -1.31936051e+00
  -1.61625818e+00   1.76849230e+00   1.23688582e-01  -1.11534548e+00
  -2.81037837e-01  -6.27242948e-01  -1.06747855e+00  -7.53455305e-01
  -2.19718809e-01  -9.09278919e-01  -2.01645648e-01   2.63585339e+00
  -1.00342597e-01  -1.80060884e-01  -6.24191865e-01   1.86887254e+00
  -6.33130321e-01   4.48605419e-01   4.59850675e-01  -7.63468993e-01
  -2.39732745e-01  -1.88636773e+00  -6.11672474e-01  -1.73585326e+00
   2.04260544e+00  -7.57052319e-01  -1.33706138e+00  -1.20493661e+00
  -1.31017796e+00  -2.85739808e-01  -1.11934937e+00   2.07594355e+00
  -1.07959955e+00   3.40445757e-02  -7.16344305e-01  -8.01286674e-01
  -1.85125348e+00  -3.35793798e-01  -9.01659777e-01  -2.57915978e+00
  -2.67491507e-01  -1.21402944e-01  -3.99663328e-01  -8.46452961e-01
   1.62110760e+00  -3.75972163e-01   1.05506452e+00  -1.13891287e+00
   5.61294500e-01  -1.23153394e+00  -1.31462263e+00  -8.77983504e-01
   2.93319510e+00   2.64293339e-01   1.62562806e-01  -6.72860847e-01
   3.05355113e+00   3.11753110e+00  -1.16865794e+00   1.13683203e+00
  -1.04609084e-01   1.43110653e-01  -1.21224415e+00  -1.29289723e+00
   3.99638435e-02   2.07920062e+00  -3.75721534e-01  -1.29288337e+00
  -3.42064844e-01   2.10159657e-02  -1.19422546e+00  -3.47293941e-01
   2.04373059e+00  -1.73413773e+00   2.92299846e+00   9.04301768e-01
   6.52868434e-01  -7.38496956e-01   1.84088657e+00   2.43769305e+00
  -1.57308191e-01  -1.02177723e+00   5.54906423e-02  -7.33394970e-01
  -5.62762218e-01  -2.04701495e-01  -1.73669553e+00   2.11308582e+00
  -1.55586907e+00  -1.79188475e+00  -1.04989652e+00   6.68775902e-01
  -1.45742609e+00  -1.09882136e+00  -1.20409875e+00   2.49621596e+00
   2.41823546e+00   3.55697265e-01  -1.64272402e+00  -1.11783376e-02
  -2.22620250e+00  -8.64836114e-02  -7.41873375e-01  -6.22885512e-01
  -5.22994857e-01  -1.34617948e+00   5.56896743e-01  -9.21876954e-01
   3.38002420e-01   6.87536226e-01  -7.55591949e-01  -7.56635139e-01
   2.76497481e+00   5.35910142e-01   2.31547166e+00  -2.40688657e+00
  -1.18801848e+00  -5.28245702e-01  -1.04892048e+00  -1.94838508e-01
  -3.31459677e-01  -6.80982699e-01  -6.38735441e-01  -6.70444174e-01
  -1.38018305e+00   5.77338396e-02  -1.97030246e+00  -1.67158344e+00
   2.85544461e+00  -9.46412339e-01  -1.14733659e+00   6.39554219e-01
   1.01502341e+00  -9.18656320e-01  -1.38881746e+00   3.88156636e-01
   3.11376993e+00  -3.46953312e-01   4.56690310e-01  -1.08279116e+00
   3.67220750e-01  -6.03417027e-01  -9.08905297e-01  -1.46842277e+00
  -6.97044475e-01  -1.39846375e+00  -4.14353850e-01  -2.04879569e-02
   1.37026086e+00  -5.76553462e-01  -1.41479729e+00  -1.62455028e+00
  -9.13584661e-01  -1.75487362e+00  -7.36340835e-01  -8.06880016e-01
  -8.57632068e-01  -8.48843411e-01  -3.08947311e-01   9.20960576e-02
   1.14006985e-01  -1.08708471e+00   7.75302886e-01  -2.18894608e-01
  -2.02387428e-02  -1.44379028e-01  -1.74513857e-01  -1.50581910e+00
   2.01054471e+00   4.20144389e-01  -9.30736740e-01   6.06586779e-01
  -9.80344126e-01  -5.12055787e-01  -1.34175956e+00  -6.46098638e-01
   8.84914636e-01   9.55166480e-01   2.97512771e+00  -5.90487002e-01
   2.27533025e-01   3.12937333e+00  -6.39207807e-01  -2.67619066e-01
  -4.47388229e-01   1.87874671e+00   2.37158052e+00  -8.41243364e-02
  -5.11603505e-01   5.32736100e-01   2.25327788e+00  -8.02627449e-01
  -6.15526642e-01  -5.90153862e-01  -8.46070434e-01  -1.32047164e+00
  -6.46320244e-01  -1.15658197e+00  -1.57694773e+00   3.48197595e-01
  -2.00806151e-01  -1.58532434e-02  -7.52787392e-01  -7.66472366e-01
   1.69829722e+00  -7.73704084e-01  -6.60379702e-01   1.17785547e+00
   1.30673110e+00   5.09924949e-01  -9.20502008e-01   2.03194864e-01
   5.56706505e-01   9.53375798e-01  -2.41769217e+00  -1.47677972e+00
  -1.51519567e+00  -8.15816025e-01  -1.41861922e+00  -1.06364617e+00
  -6.86847802e-02   1.66578986e-02   1.72630976e+00  -8.25984895e-01
   2.85909095e+00  -5.49286109e-01  -9.48779848e-01  -1.13408508e+00
  -1.11582478e+00  -2.54192077e-03  -4.30119497e-01  -3.66929740e-01
  -5.46331212e-01  -9.89748466e-01  -5.86594797e-01  -1.09089103e+00
   6.89412930e-01  -1.01489104e+00   2.04994574e+00  -1.26520833e+00
  -1.19936075e+00  -9.36642279e-01  -9.69092393e-01  -9.57200027e-01
  -3.00703492e-01  -5.51823325e-01   8.87317213e-01   2.71535954e+00
  -7.75743298e-01  -9.68712579e-01  -2.10951363e-01  -1.41535629e+00
   3.27594186e-01   4.74346264e-01   2.15460622e+00  -1.50958541e-01
  -1.24227302e-01  -4.11855454e-01   5.32310045e-01   1.95474843e+00
   1.83205224e+00  -1.57486902e+00  -5.27983900e-01   1.11861997e+00
   2.01485087e+00   2.37095019e+00  -4.15991342e-01  -1.89565342e+00
   2.96968822e+00   1.01110473e+00   2.58974311e+00  -1.86867758e+00
   1.22474440e-01  -1.18224930e+00  -6.68617824e-02   4.56726980e-01
   7.43839879e-01   3.36239847e-01   3.44095936e-01  -1.83360107e+00
  -1.20225472e+00   3.08515637e-01  -6.32034713e-01   2.15804685e+00
  -8.42280446e-01  -1.10938082e-01   1.81784105e+00  -3.02986684e-02
   4.68145011e-01   5.70614978e-01   1.57264778e-01   6.32886950e-01
  -8.84545054e-01  -1.02394087e+00   3.70043986e-02  -1.59425205e+00
  -1.18093080e+00  -5.04034569e-01   2.05303221e+00  -1.14889996e+00
  -1.84441081e-01   6.77673845e-01   8.25621713e-01  -1.35526253e+00
  -7.09345818e-01   4.96675497e-01  -4.79122551e-01   2.56892955e-01
  -3.88422932e-02   2.47135125e+00  -1.17817135e+00  -1.28942970e+00
   2.54481706e+00  -1.25817581e+00  -5.43465627e-01  -4.18975601e-01
  -6.79689823e-01  -4.69533604e-01  -7.08334680e-01   2.49244549e+00
  -6.65944144e-01  -6.54091135e-02  -2.65013982e-02  -2.31779961e-01
  -1.12937367e+00  -1.13502322e+00  -1.70010807e+00   4.12116992e-01
  -7.50944988e-01   4.16062943e-01  -7.75212973e-01  -1.24883759e+00
   1.54175057e-01  -2.43754306e+00   4.46101711e-01  -6.24153157e-01
  -3.90477929e-01  -3.92727744e-01  -4.92946940e-01   2.44428969e+00
  -1.55637818e+00  -2.86049372e-02  -1.24886112e+00  -7.49772851e-01
   8.94725089e-01   2.78420317e+00  -1.87551108e+00  -6.38711738e-01
  -7.70943221e-01  -1.63862160e+00   2.31808084e+00  -1.45050754e+00
  -1.23675700e+00  -3.62147949e-01  -9.99722752e-01  -1.20345199e+00
  -9.96746438e-01  -1.53725882e+00  -1.43346179e+00  -8.25947219e-01
   3.49698841e-01  -1.60299811e+00  -9.15360019e-01  -8.50298777e-01
  -6.68477690e-01  -1.18112779e+00   2.73968225e+00   2.43609081e+00
  -7.79090190e-01  -4.98374659e-01   7.35143481e-01  -1.41901688e+00
   2.07542758e-01  -5.66831406e-01  -1.30269516e+00   1.17567753e-01
  -8.92429668e-01  -1.02266552e+00  -1.00652888e-01   2.47629697e-01
   2.23450342e+00   8.81263591e-01   1.99722430e+00   2.44224459e+00
  -1.66104197e+00   3.91621598e-01   2.96567389e+00  -2.52588392e-01
   5.20720856e-02  -4.05189539e-01   1.05732587e+00  -1.05299972e+00
   9.04777893e-02   2.66004833e+00  -7.91879343e-01  -6.46097845e-01
  -5.28371862e-01  -1.85737071e+00   8.63580225e-01  -4.61864029e-01
   1.07155681e-01  -6.32505199e-01  -3.60498088e-01  -3.05302157e-01
   2.44804166e+00  -6.65618038e-01  -4.38101202e-01   7.94929251e-01
   2.04425170e+00  -1.32320830e-01   4.14179855e-01  -1.78351421e+00
   1.08264602e+00   2.56282038e+00   2.50024093e-01  -1.43475132e+00
   1.94109024e+00   1.10169993e+00  -3.75568721e-01  -1.39610137e-01
   3.23442944e+00  -1.17792588e+00  -1.27468924e+00   5.84957971e-01
   6.66119022e-01  -6.76191667e-01  -9.61846228e-01   5.27096171e-01
  -1.46917416e+00   2.44853530e+00  -9.70483440e-01  -1.96540356e+00
   8.59101332e-01  -7.49791583e-01  -1.03138680e+00  -1.41926208e-01
   1.98854286e-01   1.31005462e+00  -7.43874147e-01  -1.09201851e+00
  -9.44321412e-01   2.02529684e+00  -1.04210483e+00   4.99460641e-01
  -3.60056846e-02  -4.22318576e-01  -1.04096061e-01  -2.90172454e-01
  -1.42989168e+00   3.04673688e+00   2.52120040e+00  -4.64235222e-01
  -1.46586012e+00   2.21187492e+00   2.50799747e+00   2.51308772e+00
   2.12554125e+00  -9.74289008e-02   3.88933291e-01  -4.96522354e-02
  -9.33339009e-01  -1.00959244e+00   1.10100966e+00  -4.55833111e-01
  -7.92971791e-01   2.08239869e+00  -6.06816493e-01   5.06585426e-01
   3.34336313e+00  -8.18978655e-01  -1.38230581e+00  -1.20373964e+00
  -1.34289949e+00  -9.35675150e-01  -4.82685338e-01  -1.08286831e+00
  -8.60700005e-02  -1.04913386e+00  -7.01622821e-01  -8.84742950e-01
  -1.11296584e+00  -4.46499180e-01   4.46936700e-01  -8.83724630e-01
  -1.87319350e+00  -4.30976193e-01   3.35078029e-01  -1.97804295e+00
   2.62951362e+00   4.00225953e-01   5.07207679e-01  -1.28867829e+00
  -4.90189635e-01   2.23325639e+00  -1.53447958e+00   1.11206037e-01
  -4.40137389e-02   1.02698438e+00  -1.43383614e+00  -5.31349237e-01
  -8.74168643e-01   9.97166899e-01  -1.36706648e+00   6.24299234e-01
  -1.93746660e+00  -5.20824694e-01   2.35674190e+00  -6.05511445e-01
  -2.55007233e-01  -4.68466657e-01   2.65618093e+00  -2.72437798e-01
  -6.22458948e-01  -1.38609480e+00  -1.10820428e+00  -5.74891696e-01
   2.61035717e+00  -1.91789800e+00  -1.46287149e+00  -1.22047568e+00
  -1.98102610e+00  -9.15209150e-02  -2.35527672e-01   6.55536233e-01
   2.09463364e+00  -9.00681853e-01  -2.27893667e-01  -9.37230705e-01
  -1.22090937e+00   2.26359772e+00   3.25380636e-01  -1.55401975e+00
  -2.84405806e-02   2.69147941e+00  -9.37529580e-01  -1.43551695e+00
  -5.19876754e-01   1.49820343e-01  -1.07131410e+00  -1.17128818e-01
  -7.46535082e-01   1.54618763e+00   2.64861352e-01  -6.85847379e-01
  -1.33528905e+00   1.73403701e-01   1.44970799e-01   2.37317455e+00
   2.14837902e+00   6.67524074e-01  -1.54201637e+00  -6.59761814e-01
  -1.21046650e+00   3.57576598e-01   1.44059282e-01   1.57161002e+00
   3.74244388e-01  -6.97672178e-01  -3.39354530e-01   2.29043335e+00
  -1.20892582e+00   1.96604796e+00  -5.55659657e-01  -1.07306709e+00
   3.58585610e+00  -7.53899371e-01  -1.39436027e+00   2.94937414e+00
   1.15531660e+00  -4.94989045e-01   3.37627056e-01   4.15030980e-01
   1.39352026e+00  -1.27182970e+00  -1.13053856e+00   2.54021579e+00
   2.18953851e-01   5.95026762e-01  -2.41835948e+00  -3.94006876e-01
  -1.06799884e+00  -7.23689015e-01   5.37586357e-01   2.69403844e+00
  -8.39954754e-02   5.58318575e-01   1.72645837e+00  -2.01566287e+00
  -2.92683439e-01   3.40762647e-01  -1.90599227e+00  -4.80344565e-01
   1.73719621e+00  -2.82743805e-01   4.32130575e-01  -1.37121373e+00
  -6.85083441e-01   8.91763362e-01  -4.01503759e-01  -1.94142909e-01
   1.58824740e+00  -1.01841914e-01   1.93731932e+00  -9.25532502e-01
  -6.40099982e-01   1.85300242e+00  -9.43777200e-01  -4.24817796e-01
  -1.33560335e+00   9.69408438e-01   2.92501939e+00  -2.59097083e-01
   1.39581562e-01  -7.63639858e-02  -2.81599698e-01  -5.40051181e-01
   2.32240515e+00  -8.39904476e-02   5.79452640e-01   2.37820849e+00
  -1.17346104e+00   2.08255572e+00  -4.25286756e-01   5.91102188e-01
   3.00602259e-01  -9.39503716e-01  -6.07748361e-01  -4.16559716e-01
  -5.65778431e-01   2.74215759e+00   2.45465658e+00  -1.36345148e+00
  -3.93644838e-01  -6.30497708e-01  -5.47868966e-01   2.41661672e+00
   5.56566362e-01   5.50694847e-01  -1.34438388e+00   2.46664970e+00
  -6.21979748e-01  -6.71484375e-01   1.06336771e+00  -1.91359797e+00
  -9.35608261e-01   3.22720600e-01   1.00557232e-01   1.91842390e+00
  -1.24380078e+00  -1.22961296e+00  -2.09773625e+00  -4.16824154e-01
  -2.94393773e-01] [  4.45062355e-01  -5.10582529e-01  -1.39786154e+00   3.55092268e+00
   6.58232676e-02  -3.02216060e-01  -7.25997829e-02  -7.98752329e-01
  -5.85717038e-01  -3.72363938e-01  -7.30341080e-02  -1.36207029e+00
  -7.63381143e-01   3.02575826e-01   1.21580851e+00  -1.27816537e-02
   3.08082933e-01   8.91771214e-01  -2.91825250e-02  -1.70777018e-01
   9.07634788e-01   4.06943294e-01   3.71951259e-02   1.49838011e-01
   2.20222513e+00  -8.77450969e-01  -2.89003969e-01  -9.58937351e-01
  -5.64903919e-01  -1.24832429e-01  -1.33160798e+00   1.75171275e-01
  -1.50733829e+00   4.64020183e-02  -9.67085911e-02   9.96373745e-01
   3.57113872e-01  -1.13722072e+00   1.51000209e-01   3.14955070e-01
   8.80976744e-01  -1.39825663e+00  -1.38601645e+00  -2.29168051e-01
  -8.84339085e-01  -1.62703869e-01  -1.82048117e-01  -1.12745342e+00
  -3.81794596e-01   4.53729966e-01   5.87782506e-01  -1.12968249e+00
   5.06326159e-01   3.09750168e-01   1.01573946e+00  -1.17136354e+00
  -2.20146578e-02   1.28893641e+00   3.98436531e-01   9.92638244e-02
  -8.03082870e-02   3.31374642e+00  -3.54710553e-01   2.21965044e+00
  -1.45946165e-01   5.81838953e-01  -3.57855715e-01   1.19749507e-01
   2.14772424e-01   6.96580917e-01  -2.48642165e-01   3.54238010e-01
  -1.83748289e+00  -9.50378612e-01   3.17525940e-01   6.11171380e-01
   5.45857869e-01  -8.77788145e-01   7.97725174e-01  -1.34082066e+00
   4.42483813e-01  -1.45889525e+00   7.55787156e-01   2.69137122e-01
   6.38301577e-02  -2.59785777e-01  -1.71428535e+00   1.16235436e-01
  -1.10510330e+00   2.02152948e+00  -1.20995791e-01   9.09427352e-01
   2.61345519e+00   2.14829878e+00  -2.59974181e-01  -1.40271093e+00
  -2.20317582e-01  -1.96155350e-01  -9.34853742e-01   1.62503193e-01
  -1.18918745e+00   1.18001357e+00  -9.19156341e-01   7.00917261e-01
   2.49907271e-01  -1.20845528e-01   3.50914776e+00   4.32710529e-01
   1.91401955e-01  -1.68999350e+00  -1.05779340e+00   3.63238336e+00
  -1.51172657e-01   3.51447986e-01   6.85781468e-01   3.57188423e+00
   6.32589207e-01   8.55391898e-02   6.50139139e-01  -2.78058049e-01
   9.39867729e-02   1.64442644e-02   2.95196025e+00  -1.88971197e+00
  -1.79218508e+00   3.83686529e+00  -6.47990715e-01  -4.51995228e-01
   4.64654752e-01  -1.21414219e+00   1.46146833e-01   3.61232502e-01
  -7.01080449e-01   4.74372476e-01  -8.66758541e-01   7.90700814e-01
  -4.25796488e-01  -6.24014401e-02  -4.77236509e-02  -6.22957896e-01
   9.30450459e-01  -1.39383687e+00   2.44143776e-01  -3.02697620e-01
  -1.90529868e+00   1.73939441e-01  -1.89934265e-01   6.20586427e-01
   1.04642046e+00   8.92328440e-02  -6.03659651e-01  -2.31247282e-01
   6.64483879e-01  -4.89707699e-02   4.80818960e-01   3.15385033e-02
  -5.95904176e-01  -1.89641457e+00   4.24301685e-01  -8.61631685e-01
   7.86996273e-01  -2.60827019e-01  -5.18172277e-01  -1.04996660e+00
   3.04640493e-01  -1.29634529e-01  -1.00370343e+00  -8.91823800e-01
   6.53402645e-01   9.71392086e-02   1.81843933e-01  -2.85818526e-01
   8.47599017e-01   3.32479065e+00  -9.61028974e-01  -4.55636894e-01
   7.26726136e-01  -3.91143489e-01  -1.75039803e-01  -3.56518191e-02
  -8.64394896e-01   9.27915008e-02  -4.44687152e-01  -1.12663006e-01
  -2.75880300e-01  -6.98147226e-01  -4.97920531e-01  -9.57188851e-01
  -2.22212495e-01  -4.03964888e-01  -5.91599994e-01   9.04455854e-01
  -6.48119417e-01  -5.39710707e-01   5.61448141e-01  -1.44050674e-01
  -2.73693905e-02  -6.17755723e-01   3.77943487e-01  -4.03489556e-01
  -1.49382828e+00  -1.50008696e+00   1.75129595e-01   9.94027458e-01
  -2.25910878e-01   8.67411318e-01  -3.15403183e-01  -3.32194908e-01
  -3.27599844e-01   7.51963651e-01   2.75944085e-01  -1.52989874e-02
   3.37425028e+00  -1.07129006e-01   4.05536567e-01  -1.80480558e+00
  -5.73296018e-01  -2.18920793e-01  -4.71842877e-01   3.29049596e+00
   4.64172033e-01  -4.08491419e-01   8.53651983e-01  -1.39433680e-01
  -5.74242651e-02  -9.53150726e-01   1.42813579e-02   2.26008395e-01
  -9.51088376e-01  -1.32083442e+00   7.30777565e-01  -8.37395718e-01
  -1.27838698e+00  -4.81671712e-01   2.08357880e-01   1.06776060e+00
   2.46538862e-01  -6.63277102e-01  -1.16914166e+00   3.81412220e-01
   4.98932128e-01  -9.66191844e-02  -5.96490401e-01  -3.01928922e-02
   8.05608006e-02  -6.82797576e-01  -2.80948854e-01  -6.41586115e-01
  -9.98876001e-01  -6.22941440e-01   4.02152072e-01  -3.58065978e-01
   3.17010534e-01   1.75556745e-01  -1.18048393e-02  -8.69535251e-01
  -1.31121231e+00  -3.73279493e-01   1.32302830e-01  -6.08119013e-01
   5.58294008e-01  -5.62326070e-02  -7.66956044e-01  -1.35666615e+00
  -4.39225779e-01  -1.54993838e+00  -4.17362830e-01  -1.02066586e+00
  -1.15443739e-01  -1.83760724e+00  -1.65692867e+00   2.46441632e-02
   7.14320596e-01   9.66960911e-01  -8.89788314e-01  -4.60303620e-01
   1.89360055e-01   5.68676248e-01   5.42671909e-01   1.55148531e-01
  -1.24184283e+00  -3.39655801e-01  -1.53907037e+00  -5.17811174e-01
   4.44378543e-01   7.84914221e-01  -7.67484269e-01  -3.41333696e-01
   1.37717177e-01  -9.41212102e-03   5.85518270e-01   1.27149347e+00
   2.27124501e-01  -4.65798546e-02   3.69449393e-01  -7.04805712e-01
   1.15435639e+00   1.98974615e-01  -1.19082694e+00   1.77435254e-01
   1.24646401e+00   5.20929187e-01   6.57854988e-01  -1.18826413e+00
  -6.38413231e-01  -2.11144897e+00  -3.64549579e-01  -1.19935457e+00
   2.74125686e+00   5.31443131e-01  -3.25885796e-01  -6.99578488e-01
  -1.31796641e-01  -6.70658641e-01   2.86869863e+00   1.12895064e+00
   3.55276293e-01  -4.67479768e-01  -1.01382590e+00  -5.84717881e-01
  -1.00739035e+00  -1.72283419e-01  -6.02573023e-02   8.46634777e-01
   1.12758538e+00   3.60249694e-01  -1.14553311e+00   2.43314416e-01
  -5.89384735e-01  -1.74237109e-01  -3.27873847e-02   7.30040499e-01
   1.58758415e+00  -5.06667713e-01  -1.30423567e-01  -1.03675458e-01
  -1.59854990e-01   4.41089954e-01   4.61898345e-01  -3.07820945e-01
   7.18913301e-01   1.00228271e+00  -9.57705044e-01   5.31774176e-01
   8.50181049e-01  -1.64632357e-02   3.42970357e-01   5.76401788e-01
   6.80861754e-01  -1.02212417e+00  -3.23599462e-01   1.18007008e+00
  -6.64471507e-01  -5.55546447e-01  -3.95977389e-01  -8.40485056e-01
  -5.62743888e-02  -1.15012383e+00  -1.23880356e+00   2.06006352e-02
  -4.32006520e-01  -1.12449105e+00  -9.85672235e-01  -1.40471541e+00
  -5.86474763e-01  -7.83639030e-01  -2.03078494e-01   8.93345762e-01
   3.66295710e-01   3.20484746e+00  -1.32063956e+00   7.26907778e-01
  -1.77076462e+00  -8.52967890e-01  -2.83512759e-01  -2.67603473e-01
   7.84329484e-01   4.83908301e-01   9.03084902e-01   6.29333802e-01
  -8.86679527e-01  -3.60266068e-01  -3.19428107e-01   2.85416779e-01
   2.16224646e-01   3.63000732e-01  -4.71400960e-01  -3.52251161e-01
  -4.60697871e-01   1.63181193e-01   1.06980269e-01  -5.83690312e-01
   3.63575721e+00  -1.26233816e+00  -1.98886093e-01  -2.35725389e+00
  -4.84430673e-02  -1.18472191e+00   9.02111819e-02   3.32763513e-01
  -7.46560521e-01   8.32316724e-01  -1.55447396e-01  -4.03382033e-01
  -1.72923071e+00   5.29324092e-01   1.37579226e+00  -1.51824681e-01
  -1.83620742e-01   1.25376009e-01   1.77185220e-01  -4.76474198e-01
  -1.21051912e-01  -2.25402549e-02  -7.09060972e-01  -1.54374257e+00
  -3.41252785e-01   1.26292162e-01  -1.52908048e+00  -2.49312536e-01
   7.62748369e-01  -1.89270833e-01   1.05636119e-01  -9.48343472e-01
  -9.68937593e-01   1.42603038e-02   6.92215424e-01  -2.57580123e-01
  -7.38108333e-02   1.22162915e-02  -1.30895411e-01  -4.61920133e-01
  -6.45064507e-01   7.80252368e-01   1.42720784e+00  -7.63959241e-01
  -1.95034628e-02   2.66598353e-01   3.30479900e-01   9.03380044e-02
   5.39009116e-01  -4.01376446e-01   1.89426929e-01   3.60721243e-01
   4.63760197e-01   1.84987327e-01  -1.22110441e-01  -4.20394492e-03
  -1.21795541e+00   8.73246362e-01  -1.95668205e-01  -5.29933379e-01
  -6.94734983e-01   4.58395638e-01  -8.02857123e-01   8.98832283e-01
  -4.64557725e-01  -2.39651592e-01  -1.76524125e-01   4.86258710e-01
   3.59403083e+00   9.86682820e-01   9.36169289e-01  -4.44327145e-01
  -1.21352518e+00  -6.49925584e-02  -1.36344647e+00   9.46912220e-02
  -3.70762887e-01  -4.16806028e-01   3.00747943e-01   7.76490839e-01
   4.91899815e-01   6.18405055e-02   3.03316326e-01  -2.53974659e-01
   1.80791649e-01  -1.56101215e+00   1.55352627e-01  -5.91953166e-01
  -1.37278590e+00  -2.95750884e-01   6.96991348e-02  -5.16162830e-01
   3.16546172e-02   1.44808431e+00   1.45499272e-01  -7.62754673e-01
  -7.55095980e-01   3.36307807e-01  -1.44348562e+00   1.82282505e+00
  -1.44213832e-01  -4.37457983e-01  -1.14513523e+00   1.78107926e+00
  -1.02237835e-01  -8.31709429e-02   1.00604296e+00   1.03313529e-01
  -2.19823627e-01  -1.20373396e+00  -1.25116250e+00  -3.80509957e-01
  -5.45115575e-01  -7.39777175e-01   1.41009063e-02   1.97840556e-01
  -5.71532925e-02  -1.05553708e+00  -1.38573574e+00   1.78791533e+00
   1.14682654e-01  -3.73935620e-01   4.38322025e-01  -6.24489275e-01
   4.46380615e-01   5.97173453e-02   6.30113263e-01   1.17221932e-01
  -4.75825450e-01   9.79047530e-02  -3.65492713e-01   3.63194642e+00
   4.59533909e-01  -2.21717716e-01  -3.07891581e-01  -3.34615553e-01
  -1.10441294e+00   4.11527142e-01  -1.84311447e-01  -3.57239949e-01
   5.88545741e-01  -1.47123722e-01   4.28994359e-01   3.54427494e+00
   8.31018349e-02  -5.92108913e-02  -3.12059299e-01   7.90337786e-01
  -8.96070367e-01  -2.28143118e+00  -3.43624774e-01  -2.94856473e-01
  -1.21917166e+00  -1.25652271e-01  -3.69080022e-01  -7.34050976e-01
  -2.39038775e-01   3.04197130e+00  -4.90659075e-01   5.10408844e-01
  -8.22569666e-01   9.95096269e-02   5.99779572e-01  -1.08136131e+00
  -1.15076645e+00   3.46229870e+00  -1.47432504e-01   7.87046501e-01
  -1.04370243e-01   5.97085661e-01  -3.66495180e-01   6.49598595e-01
  -8.03765510e-01  -2.75553774e-01   7.00187866e-01  -6.94126672e-01
   7.34717593e-01  -4.30857132e-01  -5.21326973e-01  -7.88831670e-01
   6.93693062e-02  -2.82328695e-01   2.21200940e-01   1.01103892e+00
   9.38207306e-02  -1.36484085e+00  -1.64017710e+00  -1.95793228e-01
  -9.85566333e-01   4.61554767e-01  -2.58546815e+00   2.92946161e+00
  -3.49076876e-01  -1.03949313e+00   1.37790632e+00  -6.43475197e-01
   7.95707124e-01   5.82292086e-01  -1.62841748e+00   7.72598263e-02
   2.14498321e-01  -2.48076794e-01  -1.42322991e-01   1.08943085e+00
  -2.59033948e-01   7.38248762e-01  -9.26067250e-01  -1.52389168e+00
   2.26655342e-01  -1.25801838e+00  -3.33592687e-02   1.39624501e+00
   3.19739697e+00  -9.28482432e-01   8.23467836e-01   1.36197598e+00
  -1.74925282e-01   1.02858541e+00   8.72710298e-01   1.00053805e+00
  -3.00105378e-01  -1.82710265e+00  -6.35835970e-01   1.25796919e+00
   2.92132170e-01  -1.03407060e+00  -5.57743172e-01  -3.85662001e-01
   1.58889494e-01  -1.61473714e+00   4.35902449e-01   8.67009315e-01
   9.96494729e-01   1.12898851e+00   2.99436918e-01   1.07492778e+00
  -6.58022371e-01  -2.13041462e-01  -1.50040804e-01   2.66221412e-01
   7.37024383e-01  -7.05331142e-01  -3.35021796e-01   7.91940926e-02
   3.35120893e-01  -1.11673127e+00   7.08110493e-01  -3.44166226e-01
   1.90560009e-01   4.28456254e-01  -2.50924927e-01  -1.97918543e-01
  -5.07507137e-01  -2.76424193e-01  -9.08032432e-01   3.80789818e-01
   1.36423306e+00   2.90489173e-01   5.98945456e-01  -4.28107003e-01
   5.37627391e-01  -3.31335775e-01   2.48402256e-01   7.16925839e-01
  -7.33951615e-01   3.72801962e-01  -2.47515090e-01  -5.51960496e-01
   3.33484948e-01   5.85605600e-01  -1.38429415e+00  -1.17682481e+00
   5.58287803e-01  -7.69742962e-01  -1.71849268e+00   3.53240361e-02
  -4.94229317e-01   1.03866348e+00  -2.22361777e-01   1.23698646e-01
   8.53481441e-02  -5.25022947e-01   1.75043058e-01  -4.66150463e-01
   5.57958110e-01   4.02686111e-01   4.33122241e-01  -1.61769052e+00
  -1.29235098e-01  -1.71572464e-01   2.50734165e-01   7.18086206e-02
   2.77706427e+00   1.47324548e+00  -7.33215013e-01   2.24417709e-01
  -5.06078788e-01  -2.09579677e-01   8.51668764e-01   2.95311914e-01
   2.41370855e-01   9.47449955e-01   4.79285216e-01   5.27713959e-01
   5.76426449e-01   4.41150828e-01  -2.43771049e-01  -9.83274745e-01
  -8.00823366e-01   2.61930099e-01   4.18909468e-01   6.66514421e-01
   1.07033073e+00  -1.35017147e+00  -6.06010713e-01  -1.30417908e+00
  -1.28052420e-01  -4.65998781e-01   1.65462300e-01  -3.19896714e-01
  -7.77555364e-02   6.03688680e-01  -6.34086650e-03   2.29674008e-01
   1.07107928e+00   1.72526445e+00   2.57530830e-01  -2.03928334e-01
   5.39161767e-01  -1.13191634e+00  -2.05412620e-01  -1.46323660e+00
  -1.20652745e-01   3.55011751e-01   3.22291108e-02   3.55665421e+00
  -6.83208640e-01   8.88989782e-01  -3.55175572e-01  -1.50854648e+00
  -2.20121852e-01  -1.48365665e+00  -9.98134682e-02   1.88547799e-01
   5.26516545e-01  -2.38226854e-01   1.32124255e+00   7.10482321e-02
  -1.89240749e-01   6.84112261e-03   4.62180531e-01  -1.23589009e+00
  -7.44859549e-01  -1.12920013e+00  -1.70122664e+00  -8.71414334e-01
  -1.79718834e-01  -4.40142309e-01  -9.05865691e-01  -1.49457414e+00
   3.95144321e-01   7.22334686e-01   1.87231453e-01   3.89389137e-01
  -2.25655545e-01  -1.64745018e-01   1.01851683e-01   3.64949388e-01
   1.30294436e+00   3.02509641e+00  -2.49121531e-01  -3.06976028e-01
   2.21407347e-01  -1.15135247e+00  -1.34107439e+00   5.90338010e-02
  -5.33099793e-01  -2.21141306e+00  -8.79142936e-01   9.48524723e-01
  -6.61633874e-01  -5.85454914e-01   4.98135166e-02  -8.97623543e-01
   2.11478151e-01  -8.07426563e-01   8.48788739e-01   1.53150744e+00
  -1.71458685e-01   1.54352975e+00  -2.02721081e+00  -5.58098221e-02
   6.11731317e-01   4.99449791e-01  -1.25453144e+00  -9.27859931e-01
  -9.74960713e-01   7.27695827e-01   2.96182153e-01  -5.40589985e-01
  -2.89477358e-01  -1.88043798e-01   8.25618887e-01   9.56915640e-01
  -1.33926229e+00   2.63770711e+00  -9.30325247e-01   9.34368873e-02
   1.25247291e+00   3.82060752e-01   3.16693531e+00   1.15723284e+00
  -6.32835404e-02   1.06224155e+00   4.53516618e-01   1.07403975e+00
   4.02741866e-01   2.35658576e-01   1.18421079e-01   9.17554675e-01
  -9.70370068e-02   4.34491867e-01  -5.20199568e-01   3.94592954e-02
   9.50265098e-02  -1.60180131e-01  -1.29725256e-01  -6.57613550e-01
  -3.09877705e-01   1.12917501e+00  -4.00644247e-01  -2.08877965e-02
   4.47325467e-01  -8.01680407e-01   1.41807145e+00   1.72257488e-01
   3.47341509e+00   3.64708057e-01  -7.32947024e-01  -1.25384005e+00
   4.56633972e-01   7.43475335e-01  -6.83465913e-01   1.01895853e-01
  -5.40584664e-01  -1.51700877e-02   1.34442021e-01   3.42625968e-01
  -3.30259592e-01  -7.86240887e-01   3.16291852e+00   2.92539137e-01
   3.36593781e-01   3.62456732e+00   7.38767156e-02  -4.95278894e-01
   5.23222466e-01  -9.77012974e-01  -4.17405112e-01   2.63876715e-01
   8.41520035e-01   6.57251421e-01   3.59906564e+00   8.75483155e-01
  -3.37769500e-01  -4.76321582e-01  -1.27065862e+00   9.75098633e-01
   3.75155730e-01   4.67591573e-01  -7.35994507e-01   6.18723411e-01
  -1.08433983e+00   8.74536746e-01   8.42676321e-03   9.61827486e-01
   7.49564399e-01   1.24101459e+00  -8.30977790e-01  -1.52537544e-01
  -1.72723178e+00  -7.66036228e-02  -1.93959326e+00   3.12730354e-01
  -5.48093152e-02  -1.96783482e-01   6.77315815e-01   3.16215875e-02
   1.26625160e-02  -6.30170233e-01  -1.27394689e-01  -2.83251814e-01
   4.62425942e-01   1.09283594e+00  -5.69467120e-01  -8.23386316e-01
  -4.86715756e-01  -7.81216302e-01  -7.12179910e-01  -2.01210421e-01
   9.26656139e-01   8.91219426e-01  -4.71755756e-01   8.71945146e-03
  -1.89265247e+00  -5.20385481e-02   3.64578929e-02   6.58078163e-02
   9.76982019e-01  -1.53725026e+00   2.76740821e+00  -5.54075490e-01
  -5.77028407e-01  -3.08594822e-01   7.66625816e-01   8.08255932e-01
  -8.42965377e-01  -1.78844836e-01  -4.34983918e-01  -1.83071430e+00
   4.32802115e+00] [  8.19835828e-01  -2.36533600e-01   2.93020024e-01   2.14636377e-01
  -8.46622188e-01  -2.68305004e-01   6.90026652e-02  -1.51516318e-01
   4.18140685e-01  -7.21742674e-01   6.02755326e-01  -1.79957087e-01
  -1.92206951e-01   3.31751842e-01   1.25580142e+00  -9.19935236e-01
   8.46231184e-04   1.25781830e+00   8.38128946e-01  -1.01596915e+00
   3.41556220e-02  -1.20434193e+00   2.82552564e-01  -3.01224350e-01
  -2.24248813e-01  -5.59026343e-01  -3.17736134e-01   1.88417139e-01
  -4.48800969e-01   2.63057265e-01   2.82282920e-01  -1.34384190e+00
   1.60319039e-01   3.14500923e-01  -1.01193907e-01  -1.65307401e+00
   9.13033008e-01  -3.89876709e-01  -3.40537893e-01  -1.69270574e+00
  -4.64251455e-02   3.95679736e-02   7.05769842e-01  -3.96769189e-02
  -3.22629324e-01  -7.20805451e-01   8.56860497e-01  -6.67384989e-01
  -1.28580256e+00   2.88046646e-01  -5.39319517e-01  -5.59480085e-01
   3.11660845e-01  -3.52742893e-01   9.10116248e-01  -5.91944254e-01
   1.13843303e+00   1.28688182e+00   3.14320054e-01   4.00716699e-01
   5.52124416e-01   4.14385717e-02  -7.40866423e-01  -2.29778999e-01
  -3.78600663e-01  -9.37939256e-01  -1.66484665e-01   1.12700159e+00
  -6.23759035e-01   5.41635900e-02   2.69114135e-01  -7.93138557e-01
   2.02894609e-01  -9.24934787e-01  -1.04512169e+00   1.47773831e+00
  -1.02308973e+00   8.30722211e-01   1.22505280e+00  -4.85490932e-01
  -7.81355066e-02  -6.89846296e-01  -2.91563779e-01   1.17851165e+00
   3.79416507e-01  -1.43817186e-01   7.71289647e-02  -1.30175362e+00
  -5.35273016e-02   5.94387986e-02  -7.14783338e-01  -1.50127148e-01
  -7.71898704e-01   1.76063315e-01  -5.43649438e-01  -3.85095805e-01
  -1.50276612e-01   4.56232173e-01  -8.36991519e-01  -5.58557591e-01
   1.87140517e-02  -2.50555057e-01  -2.17435776e-01   1.28678027e+00
   1.23355833e+00  -5.31795182e-01   6.62369575e-01   3.72727463e-01
   8.15159215e-01   2.61260983e-01  -1.27829407e+00   1.38389017e+00
   4.88564746e-01  -6.78726400e-01   9.76526629e-01   5.20064937e-01
   1.55191408e-01  -7.59364674e-01  -7.78996433e-01  -1.39143416e-02
  -6.85555934e-01   9.40255579e-02   2.34365792e-01  -7.36034703e-02
  -1.28816032e-01   4.81047522e-01   4.52602623e-02  -9.65572178e-01
  -5.84013166e-01  -6.88926942e-01  -2.84412861e-01  -2.29929713e-01
  -1.11071957e+00  -3.55207248e-01   4.34996678e-02  -4.59880952e-01
  -1.58938478e-01   2.32817511e-01  -1.27910715e-01  -2.87568502e-01
   1.24837428e+00  -2.14449405e-01  -1.41511008e-01  -1.06773481e+00
   2.93729481e-01   8.20227439e-01  -4.32568263e-01   1.02585767e+00
   1.43722287e+00  -9.67767141e-01   7.12709721e-02   7.75928900e-01
   1.16052308e+00   1.11171862e+00   5.12002323e-01  -9.97104513e-01
  -9.29166875e-01   1.89867007e-01   3.71782795e-01  -3.36107298e-01
   1.35601247e+00  -1.93184033e-01   6.91061861e-01  -9.87175841e-01
  -1.99170399e-01  -1.02150172e+00   2.28787062e-01  -9.18202728e-01
   1.97653388e+00   3.60806914e-01  -8.83267905e-01   1.07955314e+00
   4.66456538e-01   4.44012621e-02   8.24163526e-01  -5.92001548e-01
   1.40478683e+00  -4.54861750e-01  -1.75853488e-01  -4.43859497e-02
   3.48545767e-01  -9.37991689e-01   1.00765589e+00  -2.12087881e-01
   8.23652767e-01   9.03551270e-01  -4.90252259e-01   7.02086261e-01
   6.13867789e-01   2.19247553e-01  -2.41633656e-01   1.07595396e+00
   1.13999064e+00   2.47339524e-01   1.21711148e-01  -6.35478932e-01
  -7.23244049e-01  -4.74449029e-01  -1.02938134e+00  -1.58567942e+00
  -1.52359158e-02   5.07211927e-01   7.75113001e-01   2.70807876e-01
   2.53497144e-01   6.39148230e-01  -1.22645290e+00  -1.22833332e+00
  -1.03570507e+00   1.37765829e+00  -1.24417419e+00  -3.11668457e-01
  -8.71350675e-02   2.57412305e-01  -3.59874632e-01  -8.63137434e-01
   9.11569190e-04  -3.57216644e-01   3.15680741e-01   2.81323833e-01
  -7.32795211e-01   5.73130829e-01  -4.44461322e-01   2.39501623e-01
   1.83093074e-01  -7.90686770e-01   2.53658200e-01   1.07101062e-01
   9.48207886e-01  -2.87959285e-01   9.87969087e-02  -8.69221934e-01
   1.14592054e+00  -2.10641475e-01  -1.01963551e+00   1.04022354e+00
  -1.02205914e+00  -3.31895665e-02   1.62363628e-01  -8.07609039e-01
   2.15031109e-01  -1.36614800e+00  -1.25788291e-01  -1.01700357e+00
   2.76311398e-01  -6.05137843e-01   5.60335688e-01  -1.53772920e+00
  -1.07882549e-01  -1.16351034e+00   1.96321529e-01  -1.11875790e-01
   2.34847660e-02  -1.35618986e+00   2.22251097e-01  -7.93435191e-02
  -1.04987483e+00  -4.51342757e-01   3.66645976e-02   9.81203844e-01
   3.69729629e-01  -2.02712359e-02   2.39019944e-02  -3.33755846e-01
  -2.12038155e-01   2.08314336e-01   1.13900169e+00  -1.34188538e-01
  -1.89675386e-01  -3.45216319e-01   4.79325996e-01   2.38171304e-01
   1.21197647e+00  -1.21174900e+00  -3.84705725e-01   5.51731248e-01
   2.94306122e-01  -6.95602305e-02  -1.19629190e-01  -1.05535116e+00
  -1.80470989e-02   4.09107796e-01  -1.11198666e+00   1.68157405e-01
   3.06207070e-01   1.14658478e+00  -1.02367768e+00  -3.72570993e-01
   6.91506609e-01  -1.04641351e+00   1.18415075e+00   3.27012950e-01
   2.24012585e-01   1.94882363e-01   1.38197738e+00   6.74077477e-01
   1.43618758e+00   1.12232165e+00   7.63626054e-01   8.86393644e-01
   8.97736847e-01   3.10253859e-02   3.58138294e-01   3.59832574e-01
   5.71818723e-01  -2.07400944e-01  -1.62092583e+00   9.75909522e-01
   1.98330220e-01   1.14637919e-01   6.63410891e-01   1.10330625e-01
  -1.42997675e-01  -1.18019225e+00   3.07770719e-01   1.15779498e+00
  -1.27394179e-01  -6.88686229e-02  -8.86031833e-01  -8.74004773e-01
   1.72713542e-01  -8.64952337e-01   1.41842839e+00   1.24417415e+00
  -8.26411786e-01   1.16363356e+00   9.01095049e-01   2.00962268e-01
  -1.32176323e-01  -8.46166541e-01  -3.59166491e-01  -1.19522467e+00
   6.31268764e-02  -1.74156966e-01   3.60207257e-01  -1.44580659e+00
  -4.34431497e-01  -2.51422905e-02  -1.63962111e-01  -8.14170962e-01
   6.12028504e-01   1.19403158e+00  -1.37558887e+00   1.27675640e+00
   1.01670825e+00  -9.90014679e-01   1.96150940e-01  -4.12503033e-01
   4.67982308e-01  -2.31338865e-01  -5.60536482e-01  -8.40345393e-01
  -2.96377323e-01  -1.01833961e-02   4.16068293e-01   4.83711117e-01
  -3.94399264e-01   2.76883347e-01   6.73761945e-01   1.09679062e-01
  -5.92494989e-01  -2.15553309e-01  -3.61707999e-01  -9.53685446e-02
  -1.00295957e+00  -3.61119805e-02  -1.39680515e+00   8.31888405e-01
  -7.78051181e-01   5.39083052e-01   8.17227786e-01   3.78415070e-01
   2.70285851e-01  -7.31380361e-01   3.53282519e-01   4.30757324e-01
   1.76179848e+00  -1.10915644e+00   5.29432542e-01  -9.06095686e-01
  -1.11473797e-01   7.15810118e-01  -9.47226223e-01   2.29857724e-02
   3.26130056e-01  -1.07959304e+00  -2.85862716e-01  -6.13629591e-02
  -3.37133761e-02  -6.52369205e-01   8.95829725e-01  -1.68184316e+00
   3.45679468e-02   2.03687014e-01  -2.33921574e-01   3.13371681e-01
  -6.73709318e-01   7.55764860e-01  -1.02784745e+00   1.07317759e+00
  -1.15462191e+00  -2.83653575e-01   4.40097737e-02  -7.03010670e-01
   2.74430284e-01   1.60851552e+00   5.49724919e-01   3.34962719e-01
  -4.60579403e-01   1.62677157e-01   1.69850130e+00  -7.70789403e-01
   2.79458469e-01   8.93084084e-02  -7.72867885e-01   6.23787917e-01
   5.14702894e-02  -2.86619298e-01   6.56987838e-01   2.27133126e-02
   8.40330332e-01   3.77560152e-01  -1.92320427e+00   1.97521840e-01
  -4.98734631e-01   8.65781828e-02   4.45567051e-01   6.62927710e-01
   6.53034110e-01  -8.65770289e-01   6.10963091e-01  -9.01214469e-01
  -6.99709535e-01  -2.00979278e-01   5.68165060e-01   3.87137554e-01
  -1.00250445e-01   1.24018336e-01  -2.62997541e-02   3.43434284e-01
  -1.33929115e+00   9.50237395e-02  -8.96166815e-01   7.80028030e-01
   1.22258937e+00  -4.32536749e-01   3.36257434e-02  -2.45522048e-01
   1.00925551e+00  -1.28000409e+00   2.87229805e-01   1.81533241e-01
  -1.00913035e+00   9.40228713e-01   2.26880570e-01   9.12329386e-01
  -2.23290136e-01   4.60426352e-01  -9.92547714e-03  -4.74289705e-01
   3.14614439e-01  -2.06660071e-01   1.35827807e+00   3.86761227e-01
  -1.83311983e-01  -1.02128155e+00  -2.87947497e-01   1.66397770e+00
  -1.54655778e-01  -2.31693500e-01   9.83393419e-01  -8.59216605e-01
  -1.25294374e+00  -4.42481205e-01   2.77701953e-01   2.50369204e-01
  -1.00220929e+00   4.23316864e-01  -8.13519735e-01   3.35259627e-01
  -1.03419854e+00   3.72504345e-01  -7.54773122e-02  -1.93638203e-01
   5.38634255e-01   2.28657975e-03  -5.25918450e-01   8.88427313e-03
  -2.21719801e-01   1.17621880e+00  -4.04534373e-01  -6.52301649e-01
   1.47936722e+00  -2.39023923e-01   7.81367733e-01   1.86453171e+00
  -1.53765898e+00   9.07130989e-01   6.81546730e-01   7.71954741e-01
   1.62716576e+00   3.33315833e-01  -6.53157458e-01  -9.13769341e-01
   9.23003755e-02   7.54452444e-03  -1.44461922e+00  -4.66553116e-01
   1.05558830e+00   4.72854012e-01   5.57886117e-01   4.22989298e-01
  -9.33502536e-01  -9.62454284e-01   7.43885508e-01   9.21482885e-02
  -5.94583466e-01  -8.57417063e-01  -1.29233741e-01  -9.30034623e-02
  -4.28966395e-01  -7.84727805e-02  -5.67718938e-01  -4.45829025e-01
   4.31075754e-02   7.24444332e-01  -3.53824297e-01  -1.43727638e-01
   2.91042748e-02  -6.18089522e-01   7.65006234e-02   2.64591410e-01
  -8.78567919e-01  -7.55360251e-01   3.89548522e-01   4.73921759e-01
  -1.27027755e+00  -1.35302606e+00  -4.84319013e-01   7.25906347e-01
  -5.44018819e-02  -1.21940813e-01  -9.52044751e-01  -7.11576479e-01
   3.40504871e-01   1.11846405e+00  -4.88433874e-01   1.58689589e-02
  -1.02609030e+00   3.48130261e-01  -1.51741541e+00  -4.31205121e-02
  -9.57999031e-01   3.69210460e-01   6.23320789e-01  -5.62710383e-01
  -6.86817956e-01   2.44606517e-01  -1.36649823e-01   1.26169920e-01
   9.77834719e-01   3.51187478e-02   4.57006132e-01   9.80688395e-01
   6.57943271e-01  -9.25239001e-01   1.12719898e+00  -5.50214572e-01
  -1.51667939e+00   5.18442893e-01  -5.71428314e-01   1.10710827e+00
  -3.74809928e-01   2.09301954e-01  -5.90925403e-01   6.21394580e-01
  -4.06340222e-01   7.13748603e-01  -2.03195652e-01   5.84425458e-02
   2.46255076e-01  -1.16072947e+00   3.84112808e-01   4.61560767e-01
   1.31384834e+00  -2.22086822e-01   1.16509932e+00  -1.43683487e+00
   4.30732914e-01  -1.67136644e+00   4.42445007e-01   7.03016577e-01
   4.09969791e-01  -1.94827583e-01  -9.70705354e-01  -6.72211416e-01
   5.58197222e-01   8.07785014e-01  -1.61603405e-01  -6.42632334e-01
   1.47457979e+00   2.73579376e-01   4.38103749e-01   7.21402957e-01
  -2.02285647e-01   4.93505251e-01   1.10370757e+00   1.92906927e-01
   4.30400158e-01   7.89269892e-01   2.68980783e-01   1.48878953e+00
   4.04476355e-01  -9.92824668e-01  -2.27627449e-01   2.08930017e+00
   1.26035438e-01   7.76401153e-01   6.99145787e-02   7.60749603e-01
   6.87921858e-02  -4.97124427e-01  -1.34314777e+00   1.31863217e+00
  -2.51955265e-01   8.63213705e-01   3.86206947e-01  -2.34675278e-03
   4.62708637e-01  -8.10599056e-01  -9.34247668e-01  -1.70992680e-01
   8.27657771e-01   1.08713048e+00   1.53748607e-01  -6.06326498e-01
   9.42621999e-01   1.28342188e+00  -3.70729635e-02   7.28305721e-01
   3.31460321e-01   4.82601332e-01  -3.79089487e-02  -4.74804201e-01
   2.34576922e-01  -1.67293517e+00  -1.77630618e-01   1.75218322e-01
   5.93812794e-02   9.45301906e-01  -7.25902436e-01   3.13998228e-02
  -7.18371831e-01   8.30330273e-01   1.37218421e+00   1.45310525e+00
   5.48286879e-01   5.52070066e-01  -1.56876109e+00  -2.35748255e-01
   1.16032316e-01  -4.73700213e-01   4.55189803e-01   2.13554407e-01
   3.84281619e-01   2.86462526e-01   8.50922110e-01  -1.99572255e+00
  -7.64799582e-01  -1.29896662e+00  -2.01330902e+00   2.09717694e-01
  -5.93993248e-01   4.83942980e-02  -3.70073036e-01   1.63001913e-01
  -1.09120605e-01  -1.20571444e+00  -1.08629836e+00  -3.01856403e-02
  -6.60784000e-01   1.59935210e-01   9.62126840e-02  -1.00389161e+00
  -2.78785798e-01   7.80480871e-01  -6.18624439e-01  -1.64863724e+00
  -7.97598641e-01   4.94963506e-01  -9.27386002e-03   7.47095537e-02
  -7.63872302e-01   8.99824340e-01   9.97197071e-01   2.85317341e-01
  -4.24589005e-01   4.96843405e-02   4.35707479e-01  -5.88461799e-01
  -4.74449666e-01  -8.49770461e-01   4.26479476e-01  -9.99961774e-01
  -7.84654860e-01  -7.64622246e-01  -1.50265369e+00   5.93865374e-01
   9.77423202e-01  -2.34449972e-01  -2.33335355e-02   7.04791994e-01
   4.42781151e-02   1.02577895e+00   1.29530886e+00   4.87642326e-01
   1.03219782e+00  -7.19442274e-02  -6.16681174e-01  -9.30863942e-02
   8.41349431e-01   6.71966950e-01  -2.11102177e+00  -7.79521109e-02
  -1.62431152e-01   3.59556410e-01   1.02708445e+00   3.07140509e-01
   2.35826233e-01   1.18345413e+00   9.68181614e-01   5.17270496e-01
   4.02228368e-01   6.23826855e-01   5.71589912e-01  -5.97350525e-01
  -6.86247100e-01   7.26853198e-02   1.10242221e+00   4.30015526e-01
   2.93947641e-01  -2.45227528e-01  -1.95915398e-01   1.01508956e+00
  -1.34641828e-02  -3.87819117e-01  -4.02295265e-02   5.66717340e-01
   1.07762713e-01  -8.93493921e-01  -2.10522311e-01  -2.07720948e-01
   3.40921936e-01  -2.50393645e-01  -4.41258108e-01   4.28860205e-01
   3.20792143e-01  -4.85221880e-01  -4.93225785e-01   1.66187426e+00
   1.85360920e+00  -2.14026719e-01   1.64945937e+00  -6.61552691e-01
   2.30188649e-01  -6.21436692e-01  -5.64407536e-01  -8.06562272e-01
   7.39921064e-02  -2.66937088e-01   3.37260167e-02   1.99519279e-01
  -1.37937119e-01  -1.96915639e-01  -4.49667075e-01  -6.07824923e-01
   5.53744099e-01  -1.61571798e-01   1.35638016e+00   1.10533919e+00
   1.39958308e+00   1.24669189e-01  -2.28445606e-01  -6.45221023e-01
  -1.00282961e-01   3.99564417e-01   8.74858477e-01   1.48745752e-01
  -1.83691097e-01  -5.64461040e-02  -4.69561245e-01   7.88523709e-02
  -4.34174827e-01   4.88133877e-01   8.62997178e-01   2.46820187e-01
   5.41188844e-01   8.60856289e-01   3.40135241e-01  -1.33177932e-01
   9.06979457e-01   8.91742466e-01   3.00963068e-01   1.26641544e+00
  -4.46226489e-01   4.39022821e-02  -6.70664420e-01  -1.60117609e+00
  -2.52940162e-01  -1.72354491e+00   2.16612858e-01  -7.26069004e-01
   5.58429707e-01  -1.38429525e+00  -5.16306828e-01  -4.92202452e-01
  -1.56186651e+00   5.27252312e-02   5.79109777e-01   1.51108480e-01
   3.12995964e-01   1.05306670e+00  -1.65934311e-01   3.09613737e-01
  -4.14665103e-01  -2.73250621e-01  -7.72840407e-03   1.16990740e-01
  -5.07155100e-01   7.49867010e-01  -1.64451046e+00  -1.62039892e+00
  -1.49309425e+00   1.49156484e+00   5.84309169e-01  -7.19526321e-01
  -7.43506942e-02  -1.19562389e+00  -1.45820644e-01   8.33163675e-01
   1.57207716e-01  -4.14361045e-01   4.49387803e-01   1.52061026e-01
  -4.42277788e-01   1.42760815e-01  -5.93536524e-01  -2.02069696e-01
   2.21360437e+00  -1.87576062e+00  -5.93420216e-02   3.80046875e-01
  -2.70812921e-01  -5.52099875e-01   1.01694079e+00   1.61426181e+00
  -5.26611563e-01  -3.38195970e-02  -4.45702104e-03   2.66553538e-01
  -2.16174984e-02   1.13164607e+00   2.23516721e-01   8.92776758e-01
  -1.53096495e+00   2.72159174e-01  -4.84290878e-01   6.60111324e-01
   1.00432595e+00  -1.16891386e-01  -6.84639683e-02  -1.03635932e+00
  -2.84718244e-01  -8.91595879e-01  -4.53588523e-02   7.29024117e-01
   3.02180973e-01  -4.64419379e-01  -6.34059146e-01  -4.36577088e-01
   8.15902664e-01   1.54581568e-01   1.10762587e+00  -7.91944522e-01
  -2.93316267e-01  -4.06472861e-02  -3.42551831e-01   6.55910492e-01
  -5.99689875e-01   2.06169496e-01  -3.08367163e-01  -4.38589342e-02
   8.89853101e-01  -4.98050098e-01  -7.96454398e-01   1.44602050e-01
  -7.02702135e-01  -9.08742175e-01   1.40849554e+00  -1.01610569e+00
   7.15969052e-01  -5.50363152e-01  -6.22065850e-01   5.12373561e-01
  -3.76753295e-01  -1.11640384e+00   4.26144906e-01   9.57166727e-01
  -4.83985350e-01  -4.68038684e-01   1.63047842e-01  -9.70133232e-02
   7.96298474e-01]

*** Componentes principais [T] (somente originais):
[-1.15242951  2.75598821 -2.83086288  1.42710281 -1.238338    3.8867949
  0.7196195 ] [-0.94461587 -1.20734964 -0.59858293  0.66895868  0.04704916  1.95996686
  2.84919844] [ 0.44506235 -0.51058253 -1.39786154  3.55092268  0.06582327 -0.30221606
 -0.07259978] [ 0.81983583 -0.2365336   0.29302002  0.21463638 -0.84662219 -0.268305
  0.06900267]

*** Contribuições (autovetores) [P] (idem para todos e originais) ###TABLE VI.### Percentages of the contributions from each musical characteristic on the four new main axes.

C1 [14.119492161139299, 17.702020630372878, 10.155228823159016, 0.10886026227529676, 5.327836006160477, 18.963972168322648, 15.430582380370092, 18.192007568200292]
C2 [0.91552787400593483, 8.6372738172443775, 25.411862210212682, 24.146123203762439, 22.482311696177959, 1.7375125558653863, 12.574356097443177, 4.0950325452880527]
C3 [8.8273898908851027, 11.965820893880645, 6.1263529598588287, 15.940674053400167, 23.265566771112269, 11.510841414375875, 14.976607477699682, 7.3867465387874311]
C4 [32.072125134976723, 11.384349369143314, 10.721695042863958, 18.591942150035827, 2.9043567191269819, 0.023626236389526867, 8.4992715028874066, 15.802633844576267]
princ_orig [[-1.15242951 -0.94461587  0.44506235  0.81983583 -0.34999658 -0.49007686
  -0.22078399 -0.1454496 ]
 [ 2.75598821 -1.20734964 -0.51058253 -0.2365336   0.13740868 -0.09024513
  -0.09225481 -0.02374125]
 [-2.83086288 -0.59858293 -1.39786154  0.29302002 -0.41868449  0.06827685
   0.32716739  0.38610442]
 [ 1.42710281  0.66895868  3.55092268  0.21463638 -0.92981766  1.25111559
   0.46080412 -0.1643157 ]
 [-1.238338    0.04704916  0.06582327 -0.84662219  0.31439047  0.41656244
  -0.6861032  -0.80376802]
 [ 3.8867949   1.95996686 -0.30221606 -0.268305   -1.48336436 -0.09921561
   0.41512969  0.20748365]
 [ 0.7196195   2.84919844 -0.07259978  0.06900267  0.08129157 -0.46958561
   0.62901656  0.8186196 ]]
princ [[-1.15242951 -0.94461587  0.44506235 ..., -0.49007686 -0.22078399
  -0.1454496 ]
 [ 2.75598821 -1.20734964 -0.51058253 ..., -0.09024513 -0.09225481
  -0.02374125]
 [-2.83086288 -0.59858293 -1.39786154 ...,  0.06827685  0.32716739
   0.38610442]
 ..., 
 [-2.36710207 -2.09773625 -0.43498392 ...,  0.93822144  0.68903511
   1.25405492]
 [-2.66545322 -0.41682415 -1.8307143  ...,  0.5935681   0.71753154
   0.24033974]
 [ 0.95794651 -0.29439377  4.32802115 ...,  0.93438759  0.54032847
   0.02831721]]

###TABLE VII. TABLE VIII###.


*** Oposição:
[1.0, 0.87289760194448685, 0.90943106601838231, 0.59747442594023981, 1.1223395908886939, 0.35311855687701654]

*** Inovação:
[0.0, 1.1142026081774909, 2.427720396387846, 1.6774263956731499, 3.0003374249130514, 2.4918800380101702]

*** Dialéticas:
[3.1236963314459492, 1.9467289627446456, 1.0802711406017476, 0.83387580771959002, 0.141017496431978]

*** Dialéticas 2d:
[3.6564819902271135, 1.2856467659484934, 0.51077549109801135, 4.0572143747334728, 0.07896053242271063]

*** Dialéticas Todos (8d):
[3.05965995933306, 1.8157301170585103, 1.120674883875288, 1.1122306405237172, 0.31207723277375948]
dados [[-0.28363981 -0.12204872 -0.77800943 ...,  0.66016899 -0.00982708
  -1.00878519]
 [ 1.95286685  1.04894307 -1.65396983 ...,  0.34507187 -0.88124267
   0.21363565]
 [ 0.06129294  1.87873825 -0.43382    ...,  0.45248106 -0.19251517
  -0.46950525]
 ..., 
 [ 0.38511124 -0.35464666 -0.78289154 ...,  0.63243927  0.10678073
   0.80093644]
 [ 0.85728289 -1.67733643 -0.04284462 ..., -1.01750428 -0.38009468
   0.55740145]
 [-0.82797389 -0.82831037  0.36228171 ..., -0.08752885  0.45095366
   0.98136059]]
###TABLE V.### Average and standard deviation of the deviations for each composer and for the first 4 eigenvalues.
main_means [1.9194722394000099, 3.1894895842027542, 3.130478703057201, 1.9705889289258158, 1.7601243149001291, 4.4751212544525298, 3.1242243600861319]
main_stds [0.93265532891702307, 1.0085284388168791, 1.0177405652996119, 0.92426420736536152, 0.85535660332249841, 1.0871973271231981, 1.0296127989411328]
eigenvalues means [-0.26061606 -0.08967692  0.00276786  0.02304967]
eigenvalues stds [ 0.00659704  0.00324082  0.00248916  0.00238845]
