
*** Dimensões da tabela de notas: (334, 8)

*** Tabela geral de notas:
[[ 3.          8.          5.         ...,  5.          3.          7.        ]
 [ 2.          6.          9.         ...,  2.          1.          5.        ]
 [ 6.          4.          1.         ...,  7.          2.          2.        ]
 ..., 
 [ 7.23428193  6.56929054  7.7081376  ...,  7.29548377  7.61337895
   3.88745839]
 [ 5.64921062  7.15603479  4.25135613 ...,  7.38059136  5.4009834
   5.82132076]
 [ 4.81684907  4.05110538  8.33248388 ...,  7.18533942  7.6139171
   5.80833911]]

*** Matriz de covariância:
[[ 1.   -0.2  -0.05  0.59 -0.21  0.11  0.49 -0.22]
 [-0.2   1.   -0.08 -0.22  0.2  -0.41 -0.21  0.38]
 [-0.05 -0.08  1.   -0.15  0.21  0.04  0.45  0.1 ]
 [ 0.59 -0.22 -0.15  1.   -0.34  0.14  0.41 -0.12]
 [-0.21  0.2   0.21 -0.34  1.   -0.29 -0.07 -0.12]
 [ 0.11 -0.41  0.04  0.14 -0.29  1.    0.22 -0.06]
 [ 0.49 -0.21  0.45  0.41 -0.07  0.22  1.   -0.02]
 [-0.22  0.38  0.1  -0.12 -0.12 -0.06 -0.02  1.  ]]

*** Pearson (igual matriz covar.):
 ###TABLE III. Pearson correlation coefficients between the eight musical characteristics.
['1.0', '-0.2', '-0.05', '0.59', '-0.21', '0.11', '0.49', '-0.22']
['-0.2', '1.0', '-0.08', '-0.22', '0.2', '-0.41', '-0.21', '0.38']
['-0.05', '-0.08', '1.0', '-0.15', '0.21', '0.04', '0.45', '0.1']
['0.59', '-0.22', '-0.15', '1.0', '-0.34', '0.14', '0.41', '-0.12']
['-0.21', '0.2', '0.21', '-0.34', '1.0', '-0.29', '-0.07', '-0.12']
['0.11', '-0.41', '0.04', '0.14', '-0.29', '1.0', '0.22', '-0.06']
['0.49', '-0.21', '0.45', '0.41', '-0.07', '0.22', '1.0', '-0.02']
['-0.22', '0.38', '0.1', '-0.12', '-0.12', '-0.06', '-0.02', '1.0']

*** Autovetores (raw):
[[-0.48  0.01 -0.25 -0.35  0.16 -0.33  0.64 -0.21]
 [ 0.38 -0.02 -0.55 -0.14  0.38 -0.06 -0.32 -0.53]
 [-0.04 -0.75  0.04  0.16 -0.31 -0.51 -0.15 -0.17]
 [-0.48  0.16 -0.32 -0.2   0.01 -0.28 -0.59  0.43]
 [ 0.29 -0.4   0.23 -0.46  0.53 -0.06  0.05  0.46]
 [ 0.2  -0.11 -0.59  0.51  0.06 -0.04  0.32  0.48]
 [-0.42 -0.49 -0.2  -0.02  0.07  0.72 -0.07 -0.06]
 [-0.32  0.03  0.29  0.57  0.67 -0.15 -0.1  -0.12]]

*** Autovalores (raw):
[ 2.47  1.45  1.26  1.17  0.56  0.43  0.37  0.28]

*** Autovalores prop (raw):
[ 0.31  0.18  0.16  0.15  0.07  0.05  0.05  0.04]

*** Autovalores (var. %) ###TABLE IV### New variances after PCA, in percentages for scores on III.:
[31.0, 18.0, 16.0, 15.0, 7.0000000000000009, 5.0, 5.0, 4.0]

*** Dados finais:
[[ 2.03317258  2.57074717  0.90214251 ...,  0.28015584 -0.21301765
  -1.36803006]
 [-0.27007377 -1.42940832  1.73739982 ..., -2.4777658   0.57178641
  -1.33498761]
 [ 0.9096674   2.9324953  -0.2522943  ..., -0.97577244 -1.4252246
  -0.44332816]
 ..., 
 [ 0.00578074 -1.06002527  0.30091991 ...,  0.1424986   0.33360728
   0.21288166]
 [-0.47326131 -0.7486347   1.31338543 ...,  0.94578252 -0.00505548
  -0.28950677]
 [-0.75216819 -0.88394864  1.7803224  ...,  0.33531079 -0.52906723
   0.30245248]]

*** Componentes principais [T] (todos):
[ 2.03317258  2.57074717  0.90214251 -0.73874728 -0.73267566 -0.79639412
 -1.82893374 -1.8421141  -0.49517744 -1.06903667  1.14395267  2.55674573
  2.02229241  0.91150494  2.11013093  0.2860858   1.54982843 -0.09476495
 -1.30792637  0.22289617  1.39954746  1.56991907 -0.66130099  0.50329237
  1.37817606 -1.49918794  0.36943765 -0.44696223 -0.29138887 -0.32498667
  1.50320488 -0.3185094   1.35257079  0.29052921 -1.0278649   2.06242576
 -0.8876674  -2.04524328  1.60126845 -0.78788329  0.87118062  0.67720347
  0.08628341 -1.68850657  1.89517311 -1.35237271  1.93657943 -2.11366825
 -1.30758199 -1.38560212 -0.86832343 -1.79415993  1.82693075  0.5704348
 -0.8638795   2.86037409 -0.02055428  2.54625326 -1.15169622  2.30498037
 -0.18679373  1.46108496 -1.47158414  1.90297192 -0.55140876 -0.76727613
 -1.36985526 -1.49005095  0.02705813 -0.90090363 -0.85611321 -1.93231647
  0.21498511 -1.48762169 -1.05620362 -1.54340264 -1.28447859 -0.21130373
  1.51014291 -1.28622437  0.99717768 -0.39220587 -1.02074273 -0.89092305
 -0.33427599 -0.71699846 -1.01418866  0.46411768 -0.65615162  1.27397425
 -0.22065074 -1.03685425  0.80186909  2.07700027  1.28707864 -0.75344697
 -0.87466224 -1.13024819 -1.58273162 -1.22927887 -0.67099661  1.69869984
  1.49327774 -1.08747363  0.90677928  1.58698285 -0.64994386 -1.29646414
  1.69936565 -0.87708064 -0.18912998 -1.50166598  1.52532376 -1.60357065
 -1.85057632 -1.38218825 -0.84789355 -0.83477316 -0.82973907  1.68801334
  0.60141773 -0.96763199 -0.38254951 -0.79204165 -1.0129272   2.30026428
 -0.93329143  1.12263796  1.5061388  -1.01387005  0.09373242 -1.75303629
 -0.18559864 -0.62787905 -1.55448786 -0.60239433 -1.29227663 -0.46337083
 -1.03657993 -1.11860574 -0.65001478  0.73144862  2.07317415 -0.94473973
 -0.61661047 -1.14020975 -0.48807942 -0.36333577 -1.23121192  3.09804167
 -1.34003281  2.32019775 -2.16162741 -1.63539582 -1.17728488  0.27300393
  0.30730414  0.10905628 -0.14695373 -1.0170086  -1.75474557  0.72461332
 -0.55664533 -0.47696007 -0.3200352  -1.01787894  0.80894354 -0.08638871
 -0.75598078  1.12447752 -0.39261122 -0.69842939 -0.27347593  1.55407138
  1.66528253  2.02810886 -0.89779172 -1.28758484  0.4755252   2.12728141
  1.20658276  0.72859311  1.88887114 -0.7108755  -1.22702751 -0.85612103
  1.78121795 -0.61394542 -0.72605521 -1.39726336  1.45236154 -0.62908259
  1.44894839  1.15660029 -0.81644477 -0.25297004 -1.19506141  1.97700134
 -0.97164833  1.1039558  -1.09337178 -0.89509404 -0.15125088 -0.75120922
  2.60190324 -0.24207416  2.67958929  2.2451099  -0.19815085  1.80444614
 -0.01404108  1.07311647 -0.02708484 -0.66765239 -0.89819148  0.19256506
 -1.14964982 -1.44726405 -1.43110701  2.23192707 -2.10299444 -0.1524459
 -1.11390791  1.57697006 -1.54885872  0.0472245  -0.65341518  1.52270637
 -0.28852803  0.58293104  2.24604792 -0.94871609  0.03973591 -1.48926941
  1.81689908 -1.21280478  2.64984426  2.34559432 -1.13685576  0.25447408
  1.08840436  0.09987512 -0.44576828  0.03278838 -1.16047328 -1.12106566
 -0.47973912  1.65751483 -1.59451988  0.02608331 -0.03374937  0.39291152
 -1.14926817  1.00566588 -0.36187823 -1.78709918 -0.7866641   0.91139569
 -2.09915639 -0.67764873 -0.57871888  2.67847702 -0.17166542  2.53217859
  1.75141675 -2.17415829  0.09546373  0.62187783  1.49611754  2.26462131
 -0.27418253  2.32233606  0.24004759 -1.37868206  1.18955156  0.77033155
  1.82938782 -0.68748692 -1.50102617  2.08209644 -1.76855351 -0.41221578
 -0.99908497  1.1042627   2.07418125  0.30379062  2.28598433 -0.0235175
  0.03028129 -1.52158682  0.10925743 -1.36606127 -1.21291061 -0.61802227
  2.91855772 -1.19035774  1.43797665  2.13396471  2.25289794 -1.70092591
 -0.59665571  1.50261466 -0.04821728  0.11428141  1.56747866 -0.84108094
 -1.97372258  2.45082604 -0.56208251 -0.3687845   1.63509167 -1.68120403
 -0.83173797 -0.71687406  0.46986998  0.07537193  2.27121857 -1.82159393
 -1.37721775  0.03278266 -1.25663395 -1.75328464 -0.166028   -0.97176681
 -0.07948162 -2.69916348  1.39293216  2.07977854  0.38970829  0.80795238
 -0.64659251  0.28015584 -0.21301765 -1.36803006] [-0.27007377 -1.42940832  1.73739982  1.39490528  0.54204297 -1.66067542
 -1.98921308  0.9996456   0.21725111  1.24319879 -0.45069007 -1.6105024
 -0.38561211  0.2394832  -0.28888158  0.59196821 -0.28629525  1.21831091
 -2.70864194  1.4425121   0.34428893 -1.6453995   1.14813463  0.50259245
  0.23700093 -2.07558546  0.25576595  1.67860969 -1.59941008  1.63018909
 -0.64760704  1.62923398  1.10130147  1.26649243  1.16186783  0.08161123
 -0.05022616 -0.99475021  0.17910062  1.05826002  1.563262    0.33220067
 -1.91164123  0.69237619  0.66727528 -1.37674624  0.51614694 -1.97509181
 -1.82023548  0.98791254 -0.08426572 -1.55873065  0.27373071 -0.51928542
  0.47906787 -1.82032998  0.93541015 -0.65395557  0.78921474 -1.19507165
  0.08824283 -0.38306226 -2.15492558  0.15001364  0.79086048 -2.03500487
 -0.49908796  0.19402609 -1.92791308  1.33582073  0.34620785  1.22071515
  1.59674697 -2.0456775   1.09515766 -0.69847515 -1.64994573  0.32307785
  0.07120864 -1.51243247  1.86762264 -0.23958465  0.22913815  1.42838975
  0.48817212  0.88671325  1.02671985  0.23353752  1.1196189  -0.40001815
  0.67920928 -1.39021639  0.52469644 -0.85611174 -0.63579122  0.14266214
  1.91584223  2.2724049   1.77822529  0.11639603  0.09164199 -0.76607433
 -0.50289036  0.19483617  0.0237204   1.11267178 -1.53420332 -1.92045271
 -0.24200184 -1.35472093  0.18095256  0.77987386  0.41592578 -0.76154639
 -1.80661875 -1.70160713 -2.25411062  1.64797784  1.8561562  -0.35071022
  0.00457338  0.61687627 -1.25322531  1.27662709 -2.24113993  0.0401495
  1.14597263 -0.1235184   0.75053465  0.13272438  1.29631827  1.57184185
  1.82246368 -0.32268583  0.40178396 -2.05538751 -0.52039301  0.67221917
 -1.89382904  0.65420564 -1.39564728  1.27513692 -0.94941562 -0.04801396
 -1.41381853  0.7785951   0.48251491 -0.95575201  0.14165653 -0.2084332
 -1.98473389  0.1206501  -1.01212426 -0.87026691 -1.13658687  1.1009028
  1.13544805  0.38866537  0.7009042   0.94549288 -0.35153678 -0.24421904
  1.65895982  0.24809037  0.60602049  0.85119766  0.2847368   1.74598968
  0.61702813  0.3559819   0.6882628   0.87753132  0.28060744 -0.28536368
 -0.06270731 -0.34845117 -1.76540808 -0.87727614  1.13717603 -0.323771
  1.07002934  1.63997638  0.52918069  1.85570426 -0.31762259 -1.73819354
  0.03375     1.26861028  1.75844368 -2.22912017  0.54019509  1.03363661
 -0.82976929  1.52568987 -1.02488745  0.62047012 -1.40444481 -0.99954585
 -2.17986002 -1.07067339  0.18304326 -0.13217413  0.47017244  1.16673423
 -0.25609958  2.01816077 -0.73283547  0.76563913  1.65358503  0.13473224
 -2.02313759 -0.99457212  1.94665536  1.18460851 -0.37256641 -0.99688702
  0.66189499 -0.03277528  0.49578883 -1.06840678 -1.80022507  1.65541173
 -2.68061075 -0.81070353  2.27038933  0.38414954  2.17179327  0.65032573
  1.51280376  2.37330121 -0.37717033 -2.03631884  0.31607846 -0.78791882
 -0.75712255  0.62338545 -1.34096588  0.66362174  1.99627091  0.49000109
  1.58308491 -1.51742036  0.82638309  1.66343276  0.8830166  -0.36873066
  0.56744785  0.27048627 -1.54164651 -0.32580174 -0.27445856  1.1876344
  1.31304887  1.27111051  1.50783406  0.32825328  1.72306531 -0.4561463
 -0.22841791 -1.09850372  0.42062197  0.35205795  1.9880537  -1.17328899
  1.52401725 -2.28771355  1.36468461  1.23586664  1.1824608  -0.59183263
  0.7183662  -0.52878891  1.45171952  1.1291124  -0.17843407  1.85171239
 -0.89084801 -2.37412011 -1.89980822  0.13395022 -2.36950279  1.5320491
 -1.17832449  0.65140146  0.61789105  0.43761553 -0.66483233  0.34942301
  1.86546     0.33970164  0.43497087 -0.18312435 -2.39018632  0.50669216
  0.26462405  1.70977772  1.54631022 -0.26480942 -0.29122946 -0.87143756
  0.76659053  0.15679645  0.85573469  0.6512125  -1.03860784  0.17250992
 -2.55494074 -0.54089011 -2.07565947 -1.84252165 -1.00642924 -1.65598535
 -2.53201184 -1.32737052 -0.0065255  -2.33857077 -1.46741905  0.47937357
 -1.26257686  0.62116265 -1.72571741 -1.83677537 -0.14278711 -1.05941022
 -0.04624428 -1.50715356  0.41090161 -0.04462843  0.20414117  0.62172166
  1.96391728 -2.4777658   0.57178641 -1.33498761] [  9.09667400e-01   2.93249530e+00  -2.52294297e-01  -4.86728681e-01
  -5.05045191e-01  -6.62205054e-01  -8.53550624e-01  -2.47457305e-02
  -1.46958887e+00  -3.93970128e-01   1.02624595e+00   2.14350106e-01
  -9.37580839e-01   1.30209721e+00   2.66518250e-01  -1.41842470e+00
   8.48674283e-01   2.74601581e-01  -4.56261561e-01   5.84324817e-01
   7.89612428e-01   2.16749433e+00  -2.99783950e-01   4.11760768e-01
   4.85328515e-01  -1.12291317e+00   1.46008325e-01   3.86767101e-01
  -6.24145596e-01   8.64737399e-01   5.54039512e-01  -1.30374400e-02
  -9.08606995e-01  -1.00993821e+00   1.25362070e-01   5.77370736e-01
  -1.74940278e+00  -1.34351218e-01   1.66362735e+00  -9.57280775e-01
   5.85315030e-02   8.16179036e-01   1.87312589e-01  -9.57503101e-01
   4.27981357e-01  -9.17170196e-01   1.47099088e+00  -6.75758529e-01
  -9.34177229e-01  -2.12189888e+00  -8.03680480e-01  -1.39445968e+00
   1.05287063e+00  -5.62229501e-01  -2.24047199e+00   2.69525190e+00
  -7.38054113e-01   1.07652618e+00  -1.14328460e+00   2.79388830e+00
  -4.57479205e-01   4.82166709e-01  -8.74708813e-01   3.68208256e-01
  -1.56261918e+00  -9.84375335e-01  -6.71230519e-01  -4.87399288e-01
  -3.16556051e-01  -2.48527262e-01   2.03288463e-01  -5.68830777e-01
   1.19990490e-01  -1.10812971e+00   2.17548624e-01   1.73149663e-01
   1.86932271e-01  -2.39787498e-01   1.82130386e+00  -6.05624736e-01
  -5.49944780e-02  -1.23302094e-01  -7.63763021e-01  -1.05587352e-01
  -4.05318367e-01   2.06129636e-01  -8.31100087e-01   7.58400344e-01
   4.30720413e-02   7.84596792e-01   1.59806974e+00  -7.59721893e-01
   5.31585124e-01   4.39934407e-01   8.05992695e-01  -2.03418926e+00
   6.72178945e-02   1.28561727e-01  -6.77501141e-01  -7.47027199e-01
  -1.60269373e+00   8.16357748e-01   1.21530482e+00  -5.10309369e-01
   1.43603267e+00  -1.87670917e-01  -4.05973632e-01   3.51956637e-02
   1.70704732e-01  -8.57036152e-01  -6.73999319e-01   6.24032362e-01
  -1.18541674e+00  -3.41557482e-01  -3.43240236e-01  -4.72041458e-01
  -1.07988440e-01  -9.08497820e-01   7.85562101e-01   6.95539763e-01
   2.41670585e+00   1.04156862e+00  -8.45001651e-01   1.04956314e+00
   3.28319917e-02   1.14457310e+00  -3.05576270e-01   1.59329847e-01
   1.37814267e+00   1.24341470e+00  -8.42359783e-01   4.21035733e-01
   1.19789338e-01  -1.54214980e+00  -3.92677134e-01  -9.01143548e-01
  -1.87389624e-01   2.70254300e-01  -6.01930356e-01   1.20336864e-01
  -9.10599125e-01   7.98112146e-01   6.76289760e-01  -3.19024989e-01
   7.90101874e-01  -1.22642961e+00  -1.80713855e+00  -1.13218066e+00
  -3.25264159e-01   1.35305169e+00  -5.65056023e-01   1.66994292e+00
  -1.29587280e+00   3.82627575e-01   2.16678289e-01  -5.28948946e-01
   9.48315500e-01   4.86721652e-01  -1.19562993e+00  -7.65713391e-02
   3.88030333e-03   8.89713833e-01  -2.73650867e-01  -5.17408098e-01
  -5.13407974e-01  -3.75861556e-01   4.31849518e-01  -6.38553419e-02
  -1.26462357e+00   9.95224498e-01  -2.66670834e-01  -9.09805635e-02
  -6.19962594e-01   9.89271088e-01   9.82603523e-02   4.07099726e-01
   1.61018634e-02  -1.42749087e-01  -2.91084826e-01   2.79982660e+00
  -7.02272484e-01   2.07069081e-01   1.11427096e+00   6.39812220e-01
  -8.86158753e-01  -1.21437096e+00   2.22622070e-01   1.54019901e-01
   2.76238764e-01  -7.38985322e-01   4.24472283e-01  -1.19489431e+00
   1.58148524e+00  -4.24673594e-01  -6.16923930e-01   3.11459495e-01
  -1.01635466e+00   1.58920190e+00  -3.81306226e-01   3.31039031e+00
   3.96536908e-01   3.20409323e-01  -9.84037838e-01  -1.12281495e+00
   1.30154874e+00  -7.53436151e-01   3.17800192e-01   1.21514685e+00
  -7.78149424e-01   1.49303110e+00  -2.47705386e-01   4.65039311e-01
  -8.01210805e-01   5.34251160e-01  -7.29220004e-01   3.26832730e-01
  -5.44605307e-01  -4.16058434e-01  -9.10994940e-01   1.36787435e+00
   6.09462273e-01  -1.22664179e+00  -1.13264345e+00   6.16051156e-01
  -2.66648237e-02  -1.23698430e+00  -1.35073138e+00   1.95384936e+00
   3.33163802e-01  -1.33134857e+00   9.03542183e-01   8.26852763e-02
   1.23790133e-01   7.41395342e-01  -1.25500080e-02   1.26801473e-01
   2.52700326e+00   6.33540512e-01  -7.32914029e-02   6.72623859e-01
  -6.45297869e-01  -1.53833986e+00  -1.07103305e+00  -3.62043329e-03
  -1.43466548e+00  -8.90749636e-01  -3.99897988e-01   1.49423618e+00
  -3.97474025e-01   2.12611461e-02   6.74969784e-01  -1.21850930e-01
  -7.44495880e-01  -3.41634712e-01  -4.32064197e-01   1.27178195e-01
  -8.30143040e-01   4.00284828e-01  -4.66569053e-01  -9.55020391e-01
   8.05470514e-01   3.89244731e-01  -4.14720648e-01   2.44047528e+00
   2.66293530e-01  -8.36866987e-01  -6.87000497e-01   4.26307513e-02
   1.19094195e+00   1.29421524e+00   9.18308835e-02   1.46560977e+00
  -1.23488737e+00  -3.50994161e-01   4.88629530e-01  -1.96548534e+00
   1.65099739e+00  -8.69677062e-01  -8.14107677e-01   1.51027873e+00
   1.58663385e-03   5.78901637e-01  -1.23340297e+00   6.29240540e-02
   9.60196756e-01  -6.22056512e-01   1.11331021e+00  -1.26374877e+00
  -7.48224126e-01  -4.52960763e-01  -1.50532367e+00   5.65279534e-01
   8.51714158e-01  -7.03719225e-01   1.49793172e+00  -9.43656110e-01
   2.09807426e+00   6.23564950e-01   1.29853241e+00   2.63023704e-01
  -1.15461765e-02   1.42431929e+00  -1.26924055e+00  -8.42414138e-01
   1.30186055e+00  -1.34595764e+00   2.66906415e-01   1.00876974e-01
  -8.36036494e-01  -3.88214266e-01  -1.11677816e-01  -1.32396917e+00
  -1.32515626e+00   8.80838878e-02  -1.14712036e+00  -5.17863974e-02
   3.28414370e+00  -4.89788260e-01   3.33012434e-01   1.01441091e-01
   3.01740484e-01  -3.55237396e-01  -7.86958448e-01   3.49566710e-01
   9.52090126e-02   2.37293058e-01   1.08424005e+00   1.66729994e+00
   1.26496382e+00  -6.83453168e-01  -2.38535455e-01  -9.75772444e-01
  -1.42522460e+00  -4.43328158e-01] [ 0.45673389 -0.55153061 -1.06811223 -0.65922212  0.75040024 -1.62933042
  0.98457046 -0.82334447  0.90474311  0.45360694 -0.98759626 -0.34046085
 -0.87825517 -0.57187989  1.06377848  0.13399505  1.40484441 -1.10486677
 -0.74588249 -1.92489709  0.47153672  0.36880741  0.75976472  1.94468594
  0.83607623  1.74549865 -1.38164049 -0.22005727 -1.08297585 -0.89788155
  0.26180002 -0.79543109  0.24005948 -1.17459666 -2.47413521 -0.46369249
 -1.06815794  0.71678319 -0.13113011 -0.46054007 -0.64362787 -0.35647622
 -1.28776684  1.1030407  -0.00704823 -0.55984882  0.90498806  0.84536357
 -0.29366102  0.93861227  0.47067757  0.61175201 -0.07731813  0.0145588
  1.20225876  0.0968948  -1.52455058  0.23720682  0.00482156 -1.14167235
  1.8614227  -0.30752468  1.94494423  1.38667264  1.72990887 -1.34772197
  1.46330971  0.75623487 -1.66945332 -0.1273133   1.0524989  -0.42432769
 -0.76922789  0.72555049 -0.76886629 -2.76276173 -1.80635391  0.76913878
 -0.12153797  0.36330318 -1.49840439  0.48211954  0.19806094 -0.42340684
  1.41320499 -0.91649362  1.0846509  -0.70491901  0.46459176  1.08183514
 -1.0613755   0.26092021 -1.64105127  1.75460183 -0.40721143  0.06007807
 -1.13720109  0.41141645  1.60112474  0.39713274  1.17541588  1.05827
 -0.793493    1.02998278  0.52455443 -0.40410205 -1.85765042 -1.72467848
  0.43711114  2.00303903  0.45962078  1.44725761 -1.2786218   0.15894347
  0.73161132  2.20703698 -1.96478172 -1.06742591 -0.7592593   1.15602115
  0.60861577  1.26842644 -0.95582642  0.02923339  0.81485668 -0.52387076
 -1.24513861  2.14390921 -1.15826455 -0.36409459 -1.34519063 -0.60345375
 -0.39032335 -1.5989588   0.4116322  -1.19494246 -1.80349131 -0.17624162
  0.35194634  1.76835515 -1.32682737 -0.11744966  1.50483521  0.37059326
 -0.98883139  1.14325485  1.45074184 -3.23283877  0.94306508  1.14728961
 -2.08197896  1.4923457   1.69542306 -1.17254443 -2.18504227  1.3612884
 -0.03951428 -0.01234518  1.46635671  1.14262918  1.27915546  0.06713377
 -1.03740474  0.08798173 -1.35064488  1.02687716  0.88780289 -0.51288388
  0.97783426 -0.81220958  0.46576653 -0.27228364  1.7678539   1.38078571
 -0.1170504   1.54367834 -1.4088053  -1.70493199 -1.40959631 -0.37371308
  1.00292184 -0.48077972  0.91644999 -0.76537162  0.67673895 -2.38301462
 -0.25896039 -0.23022531 -1.40482511  0.60060041 -0.10829877 -0.99530521
  0.75473007  1.42606488 -0.86781859  1.64873162 -2.4242906  -1.55471708
 -1.14543045  0.96333684  0.52205693 -0.01227373  0.15793379  1.11072155
  0.13190641 -0.20791865  1.06133765  0.92356342 -1.12176267 -0.04859851
 -1.45895169  1.33207505  0.13068299  0.72293364 -2.29984603 -2.61935197
 -0.70711448  0.7662382   1.74907596  0.06507209 -0.1041939  -0.11407674
  1.56426145  1.77784178 -0.42569071  1.07386111 -0.0193609   0.7740677
  0.11255062 -0.33272942 -0.05291321  1.30685022 -0.07635414 -0.54899885
  0.86958828  0.96560767 -0.48784624 -0.28254915  0.04957545 -1.23760273
 -0.26635129 -2.41528655  0.25442354 -2.0308985   1.36148123  0.51968497
  1.04561991  1.96170371  1.42457846 -0.6675461   0.94007347 -0.9531054
 -0.38089904 -0.09885429  1.18574592 -0.33429153 -0.63940498  1.06380613
  1.86655277 -0.58890257 -0.1101606   0.07203591  0.16231537 -1.97521607
 -0.49491362  0.74584564 -0.23868796 -1.99313117  0.11579682  0.81714122
 -0.70963889  0.17548208 -0.98467333 -0.00815277  0.74486946 -0.61512067
  0.33216255  0.8826222  -0.0173286  -1.17999714  1.21570901 -0.13617971
 -0.94662771 -1.48256811 -0.02267404  0.33690806  1.4768381   0.73221718
 -0.15332436 -0.2880187   1.09753876 -0.39688248  0.97139849 -0.96625191
  0.87685803  0.42143686  0.09685555  1.03638806 -0.0463159  -0.64341021
 -2.12524784  0.18553843  1.59163554 -0.07212494  0.42651074 -0.6233633
  1.41063943  0.65421266 -1.41014454 -1.48709723 -0.53057692  0.04801594
  0.49751125 -0.81691696 -0.09253718 -2.14232083  1.04407288  0.25838622
 -1.34864492  0.59830899  0.53941422  0.66304799  1.52480065 -1.20509894
  0.80871233  0.5856237   0.84829319 -0.75272559 -1.5444689   0.38477671
 -0.04484803 -0.75308488  1.12262714  1.6379232 ]

*** Componentes principais [T] (somente originais):
[ 2.03317258  2.57074717  0.90214251 -0.73874728 -0.73267566 -0.79639412
 -1.82893374] [-0.27007377 -1.42940832  1.73739982  1.39490528  0.54204297 -1.66067542
 -1.98921308] [ 0.9096674   2.9324953  -0.2522943  -0.48672868 -0.50504519 -0.66220505
 -0.85355062] [ 0.45673389 -0.55153061 -1.06811223 -0.65922212  0.75040024 -1.62933042
  0.98457046]

*** Contribuições (autovetores) [P] (idem para todos e originais) ###TABLE VI.### Percentages of the contributions from each musical characteristic on the four new main axes.

C1 [18.383213582959492, 14.47477419406558, 1.4736140977205925, 18.297848596113017, 11.087696355316716, 7.7838208805273075, 16.274782282533842, 12.224250010763456]
C2 [0.6640773106085015, 0.79699672418165468, 37.995822897063221, 8.3639286771508949, 20.369364096144992, 5.3562173339165344, 24.973179091354204, 1.480413869580006]
C3 [10.171278781668962, 22.279326633028081, 1.7912353851267944, 12.74990324194453, 9.1467842881421646, 23.801172794004035, 8.2080201123447267, 11.852278763740703]
C4 [14.357351477618865, 5.7851514985328469, 6.8090351691435913, 8.3019163535457992, 19.169784665388466, 21.16863091908149, 0.84487736281351145, 23.563252553875426]
princ_orig [[ 2.03317258 -0.27007377  0.9096674   0.45673389]
 [ 2.57074717 -1.42940832  2.9324953  -0.55153061]
 [ 0.90214251  1.73739982 -0.2522943  -1.06811223]
 [-0.73874728  1.39490528 -0.48672868 -0.65922212]
 [-0.73267566  0.54204297 -0.50504519  0.75040024]
 [-0.79639412 -1.66067542 -0.66220505 -1.62933042]
 [-1.82893374 -1.98921308 -0.85355062  0.98457046]]
princ [[ 2.03317258 -0.27007377  0.9096674   0.45673389]
 [ 2.57074717 -1.42940832  2.9324953  -0.55153061]
 [ 0.90214251  1.73739982 -0.2522943  -1.06811223]
 ..., 
 [ 0.28015584 -2.4777658  -0.97577244 -0.75308488]
 [-0.21301765  0.57178641 -1.4252246   1.12262714]
 [-1.36803006 -1.33498761 -0.44332816  1.6379232 ]]

###TABLE VII. TABLE VIII###.


*** Oposição:
[1.0000000000000002, 0.99263786969389045, 0.00094840111127018152, 0.1598894645907025, 0.46729313894068719, 0.17543840218185228]

*** Inovação:
[0.0, 0.9555815254613339, 1.7412524548828212, 1.4981423610379394, 2.6576233780465581, 2.711802934498531]

*** Dialéticas:
[2.7418688482252001, 2.8636937571599779, 1.3661395739630506, 0.070417141610221445, 0.039702053556151168]
[ 0.95686074  1.          0.46970305  0.01087648  0.        ]
