
*** Dimensões da tabela de notas: (234, 8)

*** Tabela geral de notas:
[[ 3.          3.5         9.         ...,  3.5         5.          4.5       ]
 [ 8.          7.5         7.         ...,  8.          2.5         2.5       ]
 [ 1.5         2.5         9.         ...,  2.5         7.5         7.5       ]
 ..., 
 [ 7.3793971   7.1357786   7.36900886 ...,  7.84426012  1.24223286
   4.36944877]
 [ 8.21687926  3.94685319  8.07681638 ...,  7.40948848  6.46433665
   5.55970605]
 [ 2.86261812  3.79122449  8.88964303 ...,  2.74794597  3.95181173
   5.57163067]]

*** Matriz de covariância:
[[ 1.    0.22 -0.25  0.11 -0.16  0.35 -0.13 -0.28]
 [ 0.22  1.   -0.58  0.33 -0.04  0.63 -0.4  -0.1 ]
 [-0.25 -0.58  1.   -0.41  0.44 -0.29  0.32  0.01]
 [ 0.11  0.33 -0.41  1.   -0.13  0.14  0.08  0.21]
 [-0.16 -0.04  0.44 -0.13  1.    0.21 -0.02 -0.12]
 [ 0.35  0.63 -0.29  0.14  0.21  1.   -0.4  -0.27]
 [-0.13 -0.4   0.32  0.08 -0.02 -0.4   1.    0.5 ]
 [-0.28 -0.1   0.01  0.21 -0.12 -0.27  0.5   1.  ]]

*** Pearson (igual matriz covar.):

['1.0', '0.22', '-0.25', '0.11', '-0.16', '0.35', '-0.13', '-0.28']
['0.22', '1.0', '-0.58', '0.33', '-0.04', '0.63', '-0.4', '-0.1']
['-0.25', '-0.58', '1.0', '-0.41', '0.44', '-0.29', '0.32', '0.01']
['0.11', '0.33', '-0.41', '1.0', '-0.13', '0.14', '0.08', '0.21']
['-0.16', '-0.04', '0.44', '-0.13', '1.0', '0.21', '-0.02', '-0.12']
['0.35', '0.63', '-0.29', '0.14', '0.21', '1.0', '-0.4', '-0.27']
['-0.13', '-0.4', '0.32', '0.08', '-0.02', '-0.4', '1.0', '0.5']
['-0.28', '-0.1', '0.01', '0.21', '-0.12', '-0.27', '0.5', '1.0']

*** Autovalores (var. %):
[34.0, 22.0, 14.000000000000002, 11.0, 8.0, 5.0, 4.0, 3.0]

*** Dados finais:
[[ 1.30511107 -2.35467649  2.80225631 ..., -2.01282791 -0.2824634
   1.26666331]
 [-0.77979856 -2.50789946  0.35915483 ..., -1.86675714 -0.91984452
  -0.21976699]
 [ 0.18924482 -0.86047765 -1.54052942 ..., -0.43449392 -0.85981287
  -0.43656061]
 ..., 
 [-0.27665293  0.05850195 -0.30411292 ..., -1.1745534   0.36868618
  -0.70953486]
 [-0.30205809 -0.2407011   0.07887192 ..., -0.15755441  0.51684039
  -0.48795702]
 [ 0.33483473 -0.01375516 -0.42114064 ...,  0.27989264  0.41928756
   0.04257279]]

*** Componentes principais [T] (todos):
[ 1.30511107 -2.35467649  2.80225631 -1.5287377   1.02574988 -4.5569761
 -1.90813135  0.58121092  1.30344126 -1.71361354  0.13857592 -2.29373437
  1.0717866  -1.39618874  0.71787448  1.46951989  1.55920885  1.34492417
  1.21275762  1.65038914  0.59825952 -1.16806159 -0.62967474  0.48046057
  0.85265565  1.08883729  1.17631925  1.58542514 -1.88151356  1.98087141
 -0.6918127  -0.87152285  0.54321875  1.79309469 -1.40881309  1.07221779
  0.54914595  1.81483588  0.8067767   0.63534801 -1.8249995   1.67539718
 -1.3635629  -1.81108922  1.5866921   0.30301436  0.89844033  1.38808812
 -0.02936497  0.33736344 -1.54309869  0.9595497  -2.07477841  0.83118069
  1.38138682  0.70423023 -1.59575068  0.2690772   1.90796441 -2.37760364
 -1.88045865 -1.82392009  2.04819608 -2.06507679  0.9274768   2.38968271
  1.31144225  0.30327072 -0.98424945  0.99612755 -0.33219191 -1.41137641
  1.95366072  0.24118763  1.66884824  1.0497629   2.81028839  0.74905139
  2.78115957  1.57571664  0.72451674 -1.46183755  0.71956131  2.37637342
 -1.71314254  0.3240958   2.15056148 -2.34660334  2.07151142  1.43064722
  0.67211073  1.51915775  1.14151235  0.54100093  0.84930063 -2.13891742
  1.29893177 -3.06083659  0.60521734 -2.64424911 -0.98611454  1.92805687
  0.58382373  1.42643082  2.73396783 -1.80841431  1.39324607  0.74717895
 -1.52705406  1.53229565  1.53572414 -1.50325232  0.67989977 -1.51711214
 -1.29005034  1.30124784 -1.37220276  0.78198053  1.09855968  1.27524389
  0.60974659  2.51553805  0.76512182  1.05920722  2.24292933  0.95552367
  0.13403227 -0.97816604  0.38282084 -2.13833137  0.15715299  0.79434176
  0.19631582 -2.57585894 -1.81260562 -3.42018284 -1.45908122 -1.44779257
 -1.82682373  0.48245085  3.10894243  1.40376571 -1.64253935 -3.36279947
  0.48600743  0.77141337 -2.50978141  0.8433906   0.85063828 -1.59395773
  0.69610052 -2.32133297  0.30749513  1.8142126   1.42584086 -2.42433764
 -2.24201665  2.5250407  -2.56543196  1.16995143  1.8677074  -2.96671043
  0.6305079   0.77594201 -1.40693619  0.14971943  0.21508848 -3.25523253
  0.68930616  2.19334679 -3.02065451 -1.79520649 -2.27301935 -1.85423438
  1.10438276 -1.36079722  1.7042072   2.22526273  1.66716779 -1.8068803
 -0.44557604  1.54001322  1.48029052 -1.34041068 -1.20671927 -2.15379931
  1.35491383  2.02773935 -1.34011464  0.74487389 -0.91072945  0.93245414
 -1.65167178  0.69650957  1.33848612 -1.22437444  2.62344372  1.19772365
 -0.31075209 -2.24961597 -2.51964352  0.91783639  0.82669745 -2.18976866
 -0.03264913  0.58159979 -1.63728451 -2.09917971 -1.15301732 -1.48678581
  1.81765645 -2.70610698 -1.56903898 -2.57955298 -2.28265246  1.50942375
  1.59848127  1.86855687  1.2634187  -1.89560291 -1.9907541   0.22765798
  0.85261651 -2.15987281  0.93982389  0.75378395 -1.93416951 -1.58564235
 -0.83441041  2.10128896 -0.29659254 -2.01282791 -0.2824634   1.26666331] [-0.77979856 -2.50789946  0.35915483 -0.83772892  0.33228467 -0.54430314
  1.80877411  0.17704594 -0.19695487 -2.27537314  0.82490983  1.54687944
  0.29232381  1.33007817 -0.38580123 -1.55570324  0.33421524  0.32006963
 -0.76342888 -0.17664967  0.26836584  1.77924427 -0.68041932 -0.22296629
  0.60844529  0.23101348 -0.93212039  0.16590101  0.7500769   1.21725725
  2.53706877  0.16900172 -0.95168421 -0.81440413  1.91118753 -0.85329931
 -0.91331824  0.54381747 -0.44964865  0.4194157   1.05501072 -0.58226006
  1.58168797  0.80593675  0.68734254  0.26789266 -0.31257346 -0.65984081
 -0.25839911  0.10025004  2.32422812  0.19198268 -1.77334241  0.03755535
  1.0006362  -1.03839755  0.85963582  0.4582085  -1.09831874 -2.88206846
  1.40436142  1.64907271  0.16782034 -2.95713917 -0.33967086 -0.2902811
  0.49137972 -0.86979057  1.35919297 -1.42860778  2.7717717  -0.29129695
  0.48469381 -0.05083417  0.09886549  1.19395935 -0.16015076  0.33850792
  0.15751542 -0.5721119  -0.15586438  1.43554845 -1.07215722 -0.38186406
  2.00343359 -0.68389348  0.36471486  1.19078602  0.55072045  1.44047993
 -0.75394597  0.35614101  1.30440514  1.74842685 -0.93928065  2.32857992
  0.09600571 -2.97112408  0.41520679  1.5624748   2.9208777  -0.61605142
 -0.06537222 -1.63090057 -0.51135667 -1.33882184  0.17617434 -0.78354795
  0.82634421  0.25093849 -1.47791479  1.46704732 -0.35529544  0.7684313
 -1.4228874   0.51905995  1.79702739 -1.56908157 -1.63943057  0.91192494
  0.58705808  0.87906335 -0.62596119  1.32410787 -1.24788715  1.3087199
  0.25596367  1.19827258 -1.05247412  1.81055572  0.91423585  1.33617245
  1.01098653 -1.45705526  1.28532597 -1.17178427  1.54592344  0.83595506
 -1.23459131 -0.25716106 -0.26386487  0.10438574  1.30880183 -0.53612555
  0.07102854  0.19003465 -2.10781004  0.08704964  0.53056082  0.12058311
 -0.00489867  1.00936825  1.25731541  0.53137592 -0.1839178  -2.86840838
  2.32162299  0.01862745  2.42390671  0.29452388  1.26204013 -1.61098318
 -1.42511275 -2.08967978 -3.55053122  0.15413531 -0.65430468 -1.70490045
  0.72382504  0.66681479 -1.43383532  1.92106936  1.53901491  0.9358872
 -0.1521594  -0.66598644  0.15883317 -0.12818913 -1.17623514 -1.60566687
  1.06954088 -0.62871199  0.17056092  1.33764458  1.07141282  1.53370045
 -0.35678898  0.41897408 -2.01745533  0.46753234 -3.03641101  0.03015936
  1.85172858  1.23188717  0.13743694  1.29818438  0.97450024  1.09781586
 -1.93871283 -2.76623789 -3.75458811 -1.0241688  -0.13804084 -2.79955347
  0.80684542 -1.01753041 -1.90079152 -2.13741174  1.44527934  1.62535036
 -0.9665627   1.09302953 -2.33758092 -1.09929799  1.24164936  1.05805385
 -0.2864604   0.31503789  1.40150272  1.36979577  1.37609926 -0.79877678
 -0.76040272 -1.58841219 -0.97435221 -0.40824402 -1.78162677 -2.68357724
 -1.28992402  0.41534556  1.87188811 -1.86675714 -0.91984452 -0.21976699]

*** Componentes principais [T] (somente originais):
[ 1.30511107 -2.35467649  2.80225631 -1.5287377   1.02574988 -4.5569761
 -1.90813135] [-0.77979856 -2.50789946  0.35915483 -0.83772892  0.33228467 -0.54430314
  1.80877411]

*** Contribuições (autovetores) [P] (idem para todos e originais)

C1 [11.873786803237708, 18.966830593034771, 16.757361999088584, 8.3930407328736436, 3.635683494721762, 17.158689270717808, 8.6830443775228119, 14.531562728802919]
C2 [1.5011488429816338, 3.5812180876213233, 14.646908617722712, 19.031390711512877, 18.449444875254901, 8.5415835430888283, 20.841622221405721, 13.406683100412009]
C3 [12.09712579863527, 11.098058715388929, 5.8970087335283328, 12.763492025711223, 25.244645147660115, 13.1543572633487, 13.308969107882296, 6.4363432078451366]
C4 [37.376506580134297, 7.0315379214527933, 10.704695063118995, 7.0532992454434753, 5.3913221334329462, 8.5518602151708212, 1.2828957383773629, 22.607883102869312]

*** Oposição:
[1.0000000000000002, 0.88986021847351504, 0.72834506822258416, 0.74066182248508505, 1.3912654792143568, 0.36503942426650965]

*** Inovação:
[0.0, 0.15902798909895721, 0.77218472092909196, 0.9498365986603271, 2.2384788196376557, 2.186087397493405]

*** Dialéticas:
[0.95465739773889036, 0.24011053503369389, 0.11732620460772965, 1.436403363989702, 0.027644558420640068]
dados [[-1.27853475 -0.14603904 -0.15150657 ...,  0.18070728  0.8116994
  -0.22621058]
 [-0.37131831  0.01081518  1.69926644 ..., -1.11790408  0.62912381
  -2.01981512]
 [ 0.44000717  0.73282415  0.57230959 ..., -0.35157619  0.51418964
   1.55267159]
 ..., 
 [ 0.97657928  0.55779702  0.31942221 ...,  0.1987535  -0.1591059
  -0.5688125 ]
 [ 1.11035033 -0.17240512  0.19466403 ..., -0.03124987  0.67549516
  -0.27962345]
 [ 0.00398649 -0.56765979 -0.28299779 ..., -2.29193516 -1.62316275
  -0.90759026]]
main_means [1.9659985759809071, 3.6418939348030568, 3.0714860816253529, 2.1696476827931908, 1.7282759016831426, 4.7247016961904347, 2.9022559488092634]
main_stds [0.91772953104119803, 1.0355702485691454, 1.1645234975719121, 0.94921471804152124, 0.84181448861124419, 1.1427689748675913, 1.0402435388557549]
eigenvalues means [-0.18002054 -0.06927393 -0.00478333  0.0163899 ]
eigenvalues stds [ 0.00799408  0.00523951  0.00412509  0.00365503]
