*** arquivo_notas: notas_compositores.txt qtd_aleatorios: 12000000 std: 0.9

*** Dimensões da tabela de notas: (470, 8)

*** Tabela geral de notas:
[[ 3.          8.          5.         ...,  5.          3.          7.        ]
 [ 2.          6.          9.         ...,  2.          1.          5.        ]
 [ 6.          4.          1.         ...,  7.          2.          2.        ]
 ..., 
 [ 8.33514126  7.83704454  6.38622554 ...,  4.77193954  6.96470919
   4.30226445]
 [ 8.66026273  7.09799559  6.90543329 ...,  4.69451984  7.88403488
   5.2178198 ]
 [ 5.91574832  5.19049357  7.74021889 ...,  7.58839035  8.83950002
   5.34753297]]

*** Matriz de covariância:
[[ 1.   -0.26 -0.08  0.76 -0.16  0.2   0.6  -0.21]
 [-0.26  1.   -0.08 -0.24  0.29 -0.57 -0.21  0.49]
 [-0.08 -0.08  1.   -0.21  0.23  0.06  0.5   0.15]
 [ 0.76 -0.24 -0.21  1.   -0.38  0.22  0.51 -0.07]
 [-0.16  0.29  0.23 -0.38  1.   -0.36 -0.03 -0.2 ]
 [ 0.2  -0.57  0.06  0.22 -0.36  1.    0.3  -0.19]
 [ 0.6  -0.21  0.5   0.51 -0.03  0.3   1.    0.04]
 [-0.21  0.49  0.15 -0.07 -0.2  -0.19  0.04  1.  ]]

*** Pearson (igual matriz covar.):
 ###TABLE III. Pearson correlation coefficients between the eight musical characteristics.
['1.0', '-0.26', '-0.08', '0.76', '-0.16', '0.2', '0.6', '-0.21']
['-0.26', '1.0', '-0.08', '-0.24', '0.29', '-0.57', '-0.21', '0.49']
['-0.08', '-0.08', '1.0', '-0.21', '0.23', '0.06', '0.5', '0.15']
['0.76', '-0.24', '-0.21', '1.0', '-0.38', '0.22', '0.51', '-0.07']
['-0.16', '0.29', '0.23', '-0.38', '1.0', '-0.36', '-0.03', '-0.2']
['0.2', '-0.57', '0.06', '0.22', '-0.36', '1.0', '0.3', '-0.19']
['0.6', '-0.21', '0.5', '0.51', '-0.03', '0.3', '1.0', '0.04']
['-0.21', '0.49', '0.15', '-0.07', '-0.2', '-0.19', '0.04', '1.0']

*** Autovetores (raw):
[[ 0.47 -0.12  0.24  0.37 -0.03  0.27  0.7   0.07]
 [-0.39 -0.24  0.46  0.13 -0.41  0.13 -0.01 -0.62]
 [ 0.02 -0.64 -0.36 -0.25  0.33  0.49 -0.02 -0.2 ]
 [ 0.47  0.    0.39  0.18  0.05  0.33 -0.68  0.08]
 [-0.26 -0.32 -0.32  0.56 -0.41  0.09 -0.16  0.46]
 [-0.18 -0.31  0.5  -0.52 -0.12  0.03  0.1   0.57]
 [ 0.4  -0.54  0.    0.01 -0.09 -0.71 -0.08 -0.13]
 [ 0.37  0.15 -0.3  -0.42 -0.73  0.19 -0.   -0.08]]

*** Autovalores (raw):
[ 2.8   1.55  1.43  1.19  0.45  0.25  0.2   0.14]

*** Autovalores prop (raw):
[ 0.35  0.19  0.18  0.15  0.06  0.03  0.02  0.02]

*** Autovalores (var. %) ###TABLE IV### New variances after PCA, in percentages for scores on III.:
[35.0, 19.0, 18.0, 15.0, 6.0, 3.0, 2.0, 2.0]

*** Dados finais:
[[ -1.94621046e+00  -2.50798739e+00  -8.67535344e-01 ...,   9.34093453e-02
    1.18627148e+00   7.78090070e-01]
 [  2.93311277e-01   6.41203620e-02   1.59809463e+00 ...,  -1.95723758e+00
   -1.94148337e+00  -2.19587184e+00]
 [ -1.10275806e+00  -3.47171437e+00   1.07104961e+00 ...,  -2.41047994e-02
   -1.61621048e-03  -1.40079143e-01]
 ..., 
 [  7.07743797e-02   9.67315294e-01  -5.47880392e-01 ...,   3.44251384e-01
    4.21605425e-01  -4.70151780e-01]
 [ -8.30100190e-02  -3.38952177e-01   2.91663257e-01 ...,   1.60116209e-01
   -1.00720060e-01  -2.87204335e-01]
 [ -7.10594066e-01  -9.58002007e-01   2.11515472e+00 ...,  -2.26213775e-02
   -1.49863304e-01   8.51535302e-01]]

*** Componentes principais [T] (todos):
[-1.94621046 -2.50798739 -0.86753534  0.77463849  0.77975583  0.73235056
  1.78261209 -2.38610003  0.20744028 -1.94155843  1.23145334  0.42840019
 -0.12714764  0.60736546 -0.44754649  0.27446848  0.72650782  0.85475674
  0.65182769  1.48175378  0.65027525  0.42329521 -0.56705759  0.25645491
 -2.44176679  0.98906998 -1.63160278  1.23488612  0.92771506 -0.24189261
  1.69357029  1.0025486   0.21858637  0.36454417 -2.15615039  2.22923164
  0.46622256 -1.66004954  1.59681382  0.47615981 -2.19700474 -1.3772551
 -0.52186732  0.26362607 -2.00591487 -1.0663005   1.62818414  0.91702895
 -1.29414782  1.40824707  1.00865683  0.99488815 -1.83660482 -1.18946407
  1.22554033  0.52607732  1.03717271  1.13986065  1.70871524  0.98010527
  0.54903202  0.91531285  1.07371088 -1.53474168 -0.66439304  0.97279888
 -0.40515909 -1.79696905  1.09817642 -1.4431698  -1.78811621 -2.27633289
  0.83759747  0.03700243 -1.39316045 -1.81507111  1.08118152 -2.55427595
  0.07762424  0.96647269  0.72171528 -2.28597325 -0.39818435  1.73696231
  2.36261113  0.69783015 -1.0215555  -1.50380993 -0.69006244  1.07538391
 -1.01643109 -0.02956444  0.77170233 -1.44113798  0.78393518  1.0372286
  0.90401561  1.49372947  1.3045281  -2.71740046 -1.1891064  -2.30667391
  1.32463431  2.03204257  0.63179581 -0.67984367  0.31458465 -1.14536561
  1.58350592 -0.74296702 -1.4723167   1.40217808 -2.51661154  0.63514617
  1.24438354 -1.21417221  0.91853299  0.68645998  0.23790182  1.14357251
  0.31806062  0.20720706 -1.15705234 -2.3997333  -0.40969745  1.39884482
  2.05317659 -1.00589588 -2.27496173  1.28074701  1.08156074  1.58965914
 -1.98055935  0.763701    1.04273595 -0.48160963 -1.98172586  1.06844433
  0.80188315  0.5736846   1.97773914 -2.0722322  -2.81102326  0.02055342
  1.60117613  0.23104764  1.76952481  0.21380352 -0.15483303 -2.3145447
 -0.82580935 -1.41545791  0.88779832  0.47967477  0.74605869  0.94331192
  0.50917705  0.41423077  0.7785535   0.8633808   1.9349463   1.15606516
 -0.99099224  0.36096529 -0.06136057 -1.4040909  -0.15212999  0.89239419
 -2.01135984  0.49883428  0.35589886  0.85051006 -1.45186172 -2.20521154
  0.71248461 -2.44727342  0.7629217   0.23725024 -1.24230057  0.99020619
 -3.01847926 -2.33218796 -1.36749681 -0.46106214  0.81250935 -0.87570033
 -1.53620254 -1.70890427  2.10796979 -2.7013871   0.66271404  1.32648071
  0.49676796  0.42437818 -0.23833971  0.70055661 -0.35979931 -1.46029753
  1.92406786 -2.686742    0.73075579  0.75302196  1.05510551  0.24720111
  1.93620567  2.49879057  0.85893151  0.07971231 -1.09446129 -2.28522387
  0.67512929  0.71097513  0.85270318  1.06854877  1.39870212  0.93467035
  2.04959967  0.56564861  0.53494535  1.55167346  1.44530514 -0.82705971
  0.63101681 -2.09060541 -2.45395926  1.49404754  1.48510593 -2.05267685
  0.61061208 -0.15473231 -1.41835399 -1.43796475  1.50189833  0.74849263
 -1.97616403  0.68184065 -1.53410359 -0.74435676  1.04064081  0.33264728
  0.58054797  1.28431102 -0.04503142  0.19241018 -0.79078559  0.42902965
  2.26354839  1.29521536  0.26707962 -1.7433339  -1.92038389  0.80984631
 -2.22665158  1.31984368  0.39465805  0.30853558 -1.08804165 -2.46547464
 -2.02144066  1.34167289 -2.45865739  0.88800012 -1.97267104  1.65826085
 -0.98675434 -0.24317678  1.5467953  -1.8535193   1.23513372  1.21416306
 -1.11624855  0.74761525  0.84999359  0.16712299 -2.3036069   0.53855985
  1.08461725  1.07716592 -2.54872313 -2.65858449  0.14174596  0.69535203
  1.74402127  1.0606047   1.11375395  1.62093329  1.5556582  -1.68463481
  1.84774932  1.66475909 -0.2138207   0.44155344 -0.75605603  1.24169569
  0.48359022  0.90403721 -2.58479099  0.95596749  0.94137963 -1.99851127
  1.54657185 -0.75825997  0.03014955 -1.93091638 -0.24030738  0.96920596
 -1.89352663  1.03115296 -2.07612137  0.38345686 -1.35640568 -2.55853949
  1.85058542 -1.69279847  1.44838622  1.56301488  0.24376135 -1.39079419
 -1.97339686 -1.96211304  0.93164565  1.11539113  1.94805425 -2.17361332
  1.48342712 -2.37282393 -1.21548114  1.39471641  0.38789481 -0.60716648
 -2.01965066  0.89336791  1.30711953 -1.47460528  1.13746837  0.54832769
 -2.25908118  1.04190899 -2.29956419  1.97786728 -0.06171809 -2.45300277
  1.21140646 -0.27668664  0.42013007  0.8475902  -2.11102346  1.09108664
  0.01303389 -2.38480742 -1.6297439   1.43096266  0.60514236 -1.97315491
  2.00534295  1.74723413 -1.42989415  2.05207331  1.28482584 -0.88785503
  1.39681858 -0.95672101  0.91237911 -2.2044981  -2.69606549 -2.17758989
  0.57610761  0.72144214 -0.04650826  0.63556894 -1.7697723  -1.63712545
  0.71732025  0.97667901  1.24476735 -0.8843948   0.60235049  1.01447224
  1.44122669  0.60578248 -0.74860184  1.08703425  0.14073693  1.48699891
  1.27818386  0.83051274  0.31596535  1.68164914  1.44679833 -2.41285687
  0.06124973  0.17424604 -1.78031922  0.92509964  0.6123843   0.97581566
 -2.23070118  0.87280857  1.24862914  1.03852645 -1.22951519  2.16974769
  0.8322442   1.31270323 -2.48838724  1.75393949  0.82092724 -2.2988982
 -1.49369671  0.65207536  1.63003457  0.72300585  0.22962664  1.22324654
 -0.09711559  0.34668641  0.34247154 -0.53566044  0.22505489 -2.17115784
  1.25516721 -2.0928561  -0.0698778  -0.88285183  0.56450693 -0.20278544
 -2.24860814  1.12794465  1.29819548 -0.92266441 -1.92266559 -1.5436737
  0.48513462  0.1810476   0.10043332 -0.22451752  0.71922363 -0.7263258
  0.61473468 -1.83119869  0.80405306 -1.09399399 -0.07358879  0.4791734
  0.86613828 -1.16115207  1.81378153  0.73070547  1.22290015 -1.78086693
 -3.16315715  0.64332195  0.70457389 -0.86739753  0.51816789  0.41491327
  0.86764567  0.30684104  0.6385647   1.04281874  2.0815301  -2.56109629
  0.85652277  0.55308816  0.10144978  0.21345854  0.6464852   0.09340935
  1.18627148  0.77809007] [  2.93311277e-01   6.41203620e-02   1.59809463e+00   1.19641210e+00
   4.85649871e-01  -1.70711611e+00  -1.92437612e+00   5.87308576e-01
  -8.88704858e-01   2.51537876e-01   1.24733360e+00  -2.08175552e+00
  -1.43507026e+00   9.61273727e-01   1.39855146e+00   1.31207023e+00
  -1.13697834e+00  -1.81302255e+00  -2.44988752e-01  -1.32390626e+00
   1.99686760e+00   2.88004463e-01   1.24709595e+00  -2.28801745e+00
  -1.47903742e-01   8.46009364e-01  -2.63292997e-01   1.80001820e+00
   8.09052942e-01   8.95275810e-01  -2.07797368e+00   1.02458857e+00
   8.25222229e-01   4.06903041e-01   1.27010971e-01  -1.37388093e+00
  -1.43568013e+00   3.57383589e-01  -1.63461187e+00  -1.53282105e+00
   8.28853150e-01   1.70793411e-01   6.37707578e-01   7.34093615e-01
   3.21475699e-01   4.89499401e-01  -1.18073048e+00   4.70043057e-01
   1.38976893e-01  -1.59382303e+00   1.18404537e+00   1.55809580e+00
   3.60195291e-01   1.86135523e+00   9.09118938e-01   2.13775373e-01
  -1.70053655e+00   7.94813622e-01  -1.86115379e+00  -1.52826333e+00
   9.53916186e-01  -1.93731167e+00  -4.93914576e-01   1.02735124e+00
   7.06177984e-01   1.06359189e+00  -8.75647095e-01   2.80025405e-01
  -1.53875925e+00  -1.80968479e-01   6.53249865e-01   7.40502839e-01
   8.31770521e-01   3.25189060e-01  -3.73678972e-01   2.28731162e-02
   6.86615065e-01   4.36620443e-01   5.41138074e-01   5.67198219e-01
   9.51956192e-01  -9.67405450e-02   1.37228646e+00  -1.27946102e+00
  -1.66687626e+00  -2.78498498e-02   1.50004681e+00   1.29526622e+00
   3.51748333e-01  -4.46632532e-01   1.51890178e+00  -1.65206983e+00
  -1.76951235e+00  -8.34705207e-01   8.26564707e-01  -1.35940761e+00
  -9.55783788e-02   8.75136304e-01   5.05787356e-01   7.81668028e-01
   8.39354601e-01   3.31582288e-01   1.70435404e+00  -1.74259708e+00
  -3.63543339e-01   9.26415807e-01  -1.77071057e+00   1.32773833e+00
  -1.79894339e+00   1.22928104e+00  -5.55425929e-03   1.29640668e+00
   3.27563335e-01  -1.31150456e+00   6.81291639e-02   1.09398668e+00
   5.38499949e-01   2.83171462e-01  -2.45545842e+00   1.33021172e+00
   7.88550447e-01   1.04790527e+00   9.81017425e-02  -2.28245450e-01
   1.24910743e+00  -2.56163796e+00  -1.67560049e+00   1.04184590e+00
   9.74219413e-01   7.96511833e-01  -1.88141414e+00  -1.53703489e+00
   4.74426255e-01   2.27582128e+00  -2.33883738e+00   1.68295134e+00
   2.56688226e-01  -1.21793840e+00  -1.07735230e+00   6.92392340e-01
  -1.20950559e+00   1.00342611e-01   3.49452440e-01  -3.76970508e-01
   1.03029338e+00   3.50213745e-01  -1.38909336e+00   1.13117747e+00
   1.03861803e+00   8.09675780e-02   1.22906751e+00  -2.91986054e-01
  -1.41718849e+00   1.38534469e+00   1.17292670e+00   2.63619640e-01
   4.80831595e-01  -2.01410872e+00   1.59158257e+00   1.89902474e+00
  -1.71314218e+00   6.90223963e-01   6.18402243e-01   1.60517634e+00
   1.55729260e+00  -5.48426307e-01  -5.49150992e-01  -1.58770118e+00
   2.36937999e-01   4.76057303e-01  -1.64937002e+00  -1.74363883e+00
   3.87905078e-01   4.24305186e-01  -1.37684340e+00  -2.52534996e-01
   5.35634015e-01   3.81701491e-01   1.99563566e+00   6.49065141e-01
   3.26738618e-01  -2.08183021e-01  -6.33356921e-04   1.11937998e+00
   1.19916803e+00   1.07951128e+00   3.53236439e-01   1.23824240e-01
  -2.05119819e+00  -2.45200779e-03  -5.30823072e-01  -1.03708067e+00
   6.32505024e-01   6.35901022e-01   7.41779676e-01   1.19895602e+00
   9.58424529e-01   7.95294785e-01  -1.99484797e+00  -4.39578642e-01
  -2.31677023e-01   2.60238867e-01   7.26297582e-01  -2.55495652e+00
  -1.97554480e+00  -1.16973361e+00  -1.74760223e+00  -2.01878763e+00
   1.26908223e+00   1.26579208e-01  -1.28327933e+00  -1.68369877e+00
  -5.87944260e-02   1.07919399e+00  -1.31399415e+00  -1.93386161e+00
  -2.02467129e+00   9.22108167e-01   1.32763552e+00  -1.29322731e+00
  -2.27908072e+00   1.43018606e+00   3.37061952e-01   3.69155468e-01
  -2.85925301e-01  -9.58400605e-01   4.02869467e-01   1.65620424e-01
  -1.96594153e+00   7.09675359e-01  -6.67794369e-01   4.86894323e-01
  -1.77179104e+00  -2.11160586e+00   5.05451978e-01  -1.54978075e+00
   3.37077048e-01   1.42800776e+00  -1.68264136e+00  -1.36952333e+00
  -5.13510770e-01   2.39048563e+00   7.55367924e-01  -1.76217726e+00
   1.73255054e+00   8.23127638e-01  -1.37592384e+00  -1.30160536e+00
   8.80175620e-01   2.25680667e-01   4.89950675e-01  -1.93678364e+00
  -1.84228125e-01   4.30648875e-01  -3.29739293e-01   3.05651845e-01
   9.14579888e-01   4.99527084e-01   6.95589830e-01   7.49542757e-01
  -6.78576434e-01   5.30117556e-01   1.09635942e+00  -1.18703039e+00
   8.82797433e-01   1.69775627e+00  -2.09976474e+00   6.75885000e-03
   3.91584811e-01   3.47195247e-01   7.00256872e-01  -1.64447724e+00
  -1.05637589e+00  -2.40284689e+00  -1.94571520e-01  -1.21784043e+00
   7.35677203e-01  -1.43252738e+00  -7.94081778e-01  -6.46473925e-01
  -3.33627782e-02  -9.83390702e-01  -1.41804601e+00   1.77986662e+00
   1.13761223e+00   1.98211757e+00  -1.55212632e+00   5.68534700e-01
  -1.84026483e+00  -8.62307201e-01   4.99859576e-02  -6.47665464e-01
   1.29402981e+00   1.90670715e-01  -1.32810192e+00  -1.51970620e+00
   1.75737526e-01   1.23371062e+00   1.22214508e+00  -3.68236642e-01
  -1.76976640e+00   9.58919893e-01  -1.08974075e+00   4.11465433e-01
  -2.31625544e-01   7.89472513e-01   3.23955430e-01  -1.39926783e+00
   6.20068431e-01  -1.46389316e+00   8.18859192e-01   2.50333158e-01
  -1.26240967e+00  -3.13187879e-01  -1.95154459e+00  -1.58734981e+00
   9.16202373e-01   9.27579910e-03   1.43630230e-01   2.26758382e-01
   4.35240111e-01   3.17187898e-01  -2.28256678e+00  -5.82472494e-01
  -1.11658124e+00   5.06297590e-01   1.87576678e-01  -1.14082114e+00
   1.28931074e+00   1.66577141e+00  -1.81922297e-01   1.36836176e+00
  -2.23004968e+00   7.46595882e-01   1.09445499e+00   4.92722307e-01
   4.03126241e-01  -8.41210076e-01   4.61914562e-01  -1.56038421e+00
   1.08541862e+00   3.31874315e-01   1.15733170e+00   1.25697558e+00
   9.15774127e-01   1.01234028e+00  -6.55694552e-01  -1.68432261e+00
   1.42954104e-01   6.20102407e-01   2.43347137e-01  -1.71456609e+00
  -1.06350808e+00   5.67612298e-01  -1.95505587e+00  -1.77178220e+00
   2.12373232e-01   5.81177437e-01  -1.53914176e+00   1.94497985e+00
   1.55904482e+00  -6.73241035e-02   1.29733922e+00   8.98917248e-01
   1.72298723e-02   1.45707772e-01   4.84147492e-01   3.99798729e-01
   1.48716527e+00   9.61680234e-01   2.96194019e-03   3.67325624e-01
   1.02006513e+00   1.11955250e+00   1.21640621e+00   1.04337414e+00
   1.06478882e-01  -9.83736940e-01   1.71673263e-01   1.24186309e+00
   1.18343127e+00   3.07478968e-01  -2.22339538e+00   7.08873700e-01
   3.57247545e-01   1.80633328e+00  -1.06851965e+00  -1.97341465e+00
   6.54079191e-02  -7.33763457e-03  -1.11454521e+00   8.17912184e-01
   9.09884529e-01   9.23431631e-01   3.07126826e-01   1.38300158e+00
  -4.52110366e-01   1.63827338e-01  -2.16442157e+00  -6.99229195e-01
   1.20369399e+00  -2.22929586e+00   5.90023546e-01   1.46413545e+00
  -1.02408160e-01  -1.64916687e+00   1.01900057e+00   1.12944851e+00
   7.30294367e-02  -2.06469108e+00   3.13254493e-01   1.09035877e+00
  -1.18155318e-02  -2.00414231e+00   1.35959200e+00   4.15127783e-01
   3.10361488e-01   1.00493032e+00   1.93437166e-02   6.70741107e-01
  -2.24560725e+00   1.18715133e+00  -1.74426696e+00   1.45983362e+00
  -1.43906449e+00   1.68480728e+00   6.00314256e-01  -2.83032764e+00
   9.09973351e-01   1.02316665e+00   8.19420622e-01   6.76848004e-01
  -5.12214162e-01  -2.17404979e-01   1.42168459e+00   1.96197999e+00
   1.47350745e+00   1.68126850e+00   1.17203525e+00   6.30703047e-01
  -1.94854168e+00   1.57830310e+00   1.57615069e+00   1.48103513e+00
   1.41253347e+00   5.73500298e-01  -2.12135366e+00  -1.18117645e+00
   8.81318313e-01  -4.42916923e-01  -4.01159873e-01   1.00322353e+00
   1.29978140e+00   2.07146564e+00  -1.57032808e+00   7.98651952e-01
   9.02652945e-01   5.21967343e-02  -1.30843208e+00  -2.43431296e+00
   1.35413062e+00   1.89658020e-01   1.34736777e+00   6.18301276e-01
  -1.30135524e+00   1.71963403e+00  -1.62219350e+00  -1.95723758e+00
  -1.94148337e+00  -2.19587184e+00] [ -1.10275806e+00  -3.47171437e+00   1.07104961e+00   8.97906669e-01
   6.15627877e-01  -2.96275119e-02  -5.33106368e-04  -2.69889023e+00
  -2.46723268e-01  -2.07698308e+00   2.03897657e-01   3.52346504e-01
  -6.26552373e-02   1.00841832e+00   9.06123435e-01   6.24842617e-01
  -2.19951191e-01   5.36725555e-01   1.34677574e-01  -7.99547400e-01
  -4.79917656e-01   7.21922569e-01   5.78051225e-01   5.01199846e-01
  -1.11845177e+00   7.40935097e-01  -1.24620455e+00   3.16830403e-01
   1.19815090e+00   1.59774509e+00   5.90202138e-01   1.16029051e+00
   7.67969917e-01   7.14522038e-01  -1.08765557e+00  -2.30425794e-01
  -4.93971714e-02  -2.23935832e+00   4.98535160e-01   2.18178703e-01
  -6.01602321e-01  -2.51431169e-01   1.55415243e+00   8.57510624e-01
  -9.77625289e-01   4.35089617e-01  -2.15213367e-01   3.37142324e-01
  -1.69863965e+00  -1.30380026e-01   1.18583619e+00   1.18328987e+00
  -2.08447291e+00   4.61057827e-01   5.25753433e-01   8.13694791e-01
  -1.00878003e+00   7.50008695e-01   2.89772731e-01   5.40029338e-01
   1.26465318e+00  -7.01719077e-01  -8.66125757e-01  -9.21236103e-01
   1.50565948e+00   7.61615884e-01   1.24490620e+00  -7.59418938e-01
  -5.67924652e-02  -1.48655325e+00  -1.37969354e-01  -2.80145435e+00
   1.31542299e-01   4.30472236e-01  -1.40354787e+00  -4.18482485e-01
   1.01864178e+00  -1.20567343e+00   1.02488462e+00   1.24740569e+00
   8.24447003e-01  -3.61990633e+00   5.43363086e-02   3.42040228e-01
  -1.01648841e+00  -1.57164460e-01   9.61463955e-01   7.61700091e-01
  -1.50463079e+00   1.11763706e+00   1.19399598e+00  -3.39487877e-01
   3.90629583e-01  -1.34310194e+00   4.28846223e-01   4.10729456e-01
   5.68484288e-01  -2.83334162e-01   1.38190715e-01  -5.49493017e-01
  -1.45147862e+00  -1.08112167e+00   6.32920581e-02   4.44151576e-02
  -9.12737868e-01   1.73518988e+00   1.21590318e-01   1.19557044e+00
   1.03258932e-01   1.12342689e+00  -1.23568653e+00  -1.08784347e-01
  -1.28705403e+00  -7.69068004e-01   3.24978470e-01   1.36846196e+00
   1.31900134e+00   6.41620893e-01   9.22157054e-01   1.43747435e+00
  -2.81051230e-01   8.20030084e-01  -1.31789268e+00  -3.21073432e+00
   5.84757378e-01   9.70464917e-02  -3.96672603e-01   5.39650483e-01
  -1.25770940e+00   9.70081170e-01   5.45559622e-01  -4.22594296e-01
  -1.16348524e+00  -2.75772049e-01  -6.27844040e-01   8.22478710e-01
  -4.88422846e-01   7.36892572e-02   1.48036090e-01   1.01992964e+00
   6.07173483e-01  -1.18381984e+00  -3.38369350e+00   7.48997853e-01
   3.95752863e-01   1.55614600e+00  -7.31622383e-02   2.70741560e-01
   1.40506588e+00  -1.05879019e+00   8.14112075e-01  -1.22771940e+00
  -3.36853103e-01   7.20454311e-01   4.43096766e-01   8.55525613e-01
   1.16322566e+00   7.01362653e-01   9.68069573e-01   1.12989998e+00
   8.61574566e-01   6.55533146e-01  -9.99528312e-01   6.30198364e-01
   6.44592739e-01  -1.14714494e+00   1.04052565e+00  -2.49643514e-01
  -1.78864852e+00   2.01956467e+00   1.11853144e-02   4.32695329e-02
  -4.18608887e-01  -1.61761094e+00   1.31859704e-01  -2.33827328e+00
  -1.98335619e-01   7.67368917e-01  -2.05184248e+00   4.49325867e-01
  -1.19104140e+00  -3.35724085e+00  -1.27632109e+00   9.16708953e-01
  -4.12072150e-01   9.73939535e-01  -2.56536839e-01  -1.51367732e+00
  -6.44206233e-02  -8.11432866e-01   1.30992436e+00   1.87272298e-01
   9.31146902e-01   2.70059965e-01   1.21973342e+00   6.90352407e-01
   6.80229813e-01  -8.01774517e-02   1.13598566e-01  -5.70773963e-01
  -6.75427121e-02   4.45456477e-01   4.63220464e-01   5.95515971e-01
   1.06173699e+00   7.44355120e-01   1.60705581e-01   2.39969745e-02
   1.84627452e-01  -3.82827385e+00   1.11193331e-01   1.35673965e-01
   1.06224242e-01   6.78857876e-01  -4.50063923e-01  -3.11648490e-01
   1.16783876e+00   8.50446254e-01   9.65684850e-01  -4.79499054e-01
   8.48239483e-01   5.67552854e-01   1.02542053e+00  -9.38804376e-01
  -2.90472718e+00   1.71729737e-01   9.26648328e-01  -1.32815152e+00
   1.76635982e-01   1.00391289e+00  -8.66488818e-01  -7.58955212e-01
   1.12537555e-01  -5.72556678e-01  -1.20705713e+00  -4.13251475e-01
  -1.91728256e+00   1.13701636e+00  -6.02755236e-01   6.80122109e-01
  -8.76523540e-01   1.45151199e-01   6.19064498e-01  -4.54954329e-01
   9.30409944e-01   4.50032889e-01   2.89170372e-01  -5.36286664e-01
   1.59799931e+00  -1.15245962e+00  -2.55302722e+00  -6.58439794e-01
  -7.38245562e-01   1.03494070e+00   5.24132577e-01   5.55846809e-01
   1.86981782e+00  -1.84980106e+00  -6.25861328e-01   1.29870196e+00
  -1.12443742e+00   5.93641488e-01  -1.71543474e+00  -3.60465092e-01
   9.63274082e-01   7.52672389e-01  -5.58157456e-01  -8.66445036e-01
  -6.79978775e-02   2.75072812e-01  -1.51300228e+00  -6.61733247e-01
  -3.95312182e-01  -5.85745057e-03  -1.24064293e+00  -1.10953211e-01
   6.32920278e-01  -1.68267128e-03  -1.67471460e+00  -1.37394659e+00
   3.73030706e-01   1.46046640e-01  -9.13997194e-02   1.64547357e+00
   1.05069155e+00   5.93117960e-01   3.94132163e-01  -4.46672870e-01
  -1.45659819e-01   7.16054873e-01   6.83785082e-01   5.95555573e-01
   2.24214799e-01   6.95759695e-01  -2.67499293e-01  -4.07964064e-01
  -1.21618200e+00  -5.79929869e-02   9.49461362e-01  -1.25772576e+00
   5.84857802e-01   1.42821257e+00  -2.97905861e-01  -2.96833192e+00
   5.29142038e-01   7.28517648e-01  -1.45527057e+00  -1.99310539e-01
  -1.09069014e+00  -9.26517256e-01  -1.21322989e+00  -1.46121833e+00
  -5.91902578e-01  -1.16994987e+00   8.88238333e-01   1.76979183e-01
   1.61533233e+00  -5.25125016e-01  -6.95810782e-01  -1.14096162e+00
   7.38897024e-02   3.95051750e-03   2.51978791e-01  -1.32855967e+00
  -7.21630498e-02  -6.86652908e-01  -7.38809158e-01  -5.78804548e-01
   1.14211238e+00   1.08727805e+00  -9.73860543e-01   8.03297744e-01
   3.61128016e-01  -2.18679206e+00   7.38687101e-01   5.47539430e-01
  -1.82064238e+00  -2.80602220e-01  -1.10767829e+00  -1.47874034e-01
   8.94849378e-01  -6.97907713e-01   9.60721290e-01   1.39363484e+00
   7.95064970e-01   1.58097227e+00  -1.73159030e+00  -1.89473138e-01
   6.37405354e-01  -1.84378598e+00  -1.39373749e+00  -6.95691572e-01
  -8.66760692e-01  -1.67777551e+00   8.90873792e-01  -7.32153178e-03
   1.23251282e+00   9.34925207e-01   5.97674860e-01   5.67808708e-01
   8.80557687e-01   1.94848932e+00   9.94356331e-01   1.57331057e+00
  -7.50930421e-01  -4.80690389e-01   1.90023705e-01   5.53771292e-01
   1.56832073e-01   3.25309459e-01  -1.47760600e+00  -1.32118967e+00
   7.85187300e-01   1.82393586e-01   1.37397209e+00   9.75524329e-01
   6.22821669e-01   1.99129527e-02   1.15719321e+00   8.98923912e-01
   9.54790867e-01   1.31892472e+00   6.63117857e-01   5.03411947e-01
   5.50483009e-01  -2.76589077e-01  -1.96973917e-01  -8.12228343e-01
   7.24135876e-01  -8.09240133e-01  -8.62129410e-03   1.32501899e+00
  -2.02453865e+00   7.07835070e-01   1.33091408e+00   8.15816446e-01
  -1.04322544e+00   1.16709607e+00  -3.02185354e-01  -2.11626263e-01
   1.99001750e+00   1.74566423e-01   1.32266650e+00   9.95374818e-01
  -1.36400941e+00  -8.52360590e-01   5.99914369e-01  -1.66482844e+00
  -3.38428067e+00   5.50860652e-02   9.28387555e-01   9.40537396e-01
   3.58478101e-01  -6.58688340e-01   2.29105615e-01   8.52293976e-01
   8.06761696e-01   7.04662518e-01   4.25891647e-01  -1.83524843e+00
   7.13343330e-01  -5.83434882e-01   5.10781656e-01   1.26823078e+00
  -2.57042542e-01   1.09396579e+00  -2.92212178e+00   3.15532995e-01
   4.92901894e-01   4.77096683e-01  -1.46051431e+00  -2.01023967e+00
   6.28320794e-01   8.84335580e-01   7.85271816e-01   5.26600414e-01
   7.41132321e-02   9.68081886e-01   1.55581082e+00  -9.44782260e-01
   5.34689470e-01   9.28838348e-01   8.81959524e-01   8.03148711e-01
   8.71398553e-01  -1.51593010e-01  -5.67355269e-01  -3.44416164e-01
   9.22413008e-01  -5.17515393e-01  -3.21340763e+00   1.16740082e+00
   8.25663637e-01   3.53865874e-01  -4.74723243e-01  -4.29661734e-01
   5.05426158e-01   8.37955665e-01   2.27914615e-01   9.81726719e-01
   5.32105953e-01  -1.70617192e+00   1.38095831e+00   1.55705077e+00
  -3.15745509e-01   9.66112673e-01   4.42779684e-01  -2.41047994e-02
  -1.61621048e-03  -1.40079143e-01] [-0.43280095  0.40230315  0.73075795  0.67728329 -0.90513732  1.49281543
 -1.41482393  0.22147139  1.4717002  -1.01247419  0.66427041  1.86677183
  1.68640993  1.63523984  0.99116164  0.9877364   1.44382753  1.50808568
 -1.50200826 -0.98118228  0.91921164  1.55736381 -0.53748323  1.05840644
 -0.98084192  0.50411662 -0.14878687  0.72594374 -0.87028279  0.72368062
 -1.97714137 -0.28315311  0.16948692  0.4699874  -1.02267944 -1.39838226
  1.49583382 -0.0409624  -1.40019318  1.83491728 -0.56007628 -0.38247458
  0.75902904 -0.98784985 -0.02934484  1.33371753  0.76140361  0.23526217
 -0.50347263 -2.28410985  0.20079342  0.61599791 -0.78488374  0.34902467
 -1.68293889 -0.92218128  1.0917092  -0.48234629 -1.31455871  2.20364477
 -1.42103027 -0.8378026   1.28622662 -0.68024113  1.29103139  0.13057787
 -0.09360853 -0.24681505  2.10318669  0.19079826 -0.71466677  0.32789313
  1.22581755 -0.37044791  0.88534687 -0.86010202 -0.87201638  0.06255932
  0.52345321 -0.94908548 -0.99143745  0.77602759  1.33732478 -1.20699298
 -1.80195659 -1.36972924  0.95990247  0.03722222 -0.75352192 -1.09432005
 -0.44486859  2.05778338  1.00604026 -0.48496028 -0.64945708  1.26425493
 -1.12264728 -0.78214104 -1.00478548 -0.44460867 -0.77090724 -1.2900374
 -0.81091017 -1.03401068  1.87004443  0.07733918  2.01852818  0.71331415
 -1.23950505  1.66082674 -0.78030019  0.13488343  0.08377559  2.18302972
 -0.63693362  0.49341637 -0.79655679  1.06442433  1.03411963 -0.45969139
 -0.64433947  1.53938153 -0.96345719  0.80898553  0.71450274 -0.13118482
 -1.79047418  0.99962351 -0.28040182  0.15433975  1.22342375 -1.06852148
 -0.54466917  1.86258262  1.1965283   1.05707314 -1.14383798  1.40421314
  1.95347598 -1.81352687 -1.5005097  -0.67964612  0.76328379 -0.76259575
  0.80601954 -0.74775622 -2.71779563  0.63939221  0.48202976 -0.83644398
  0.58986305 -0.40999222  0.95404807  1.71015288  1.00746872 -1.5750406
 -1.14347273  0.87799609  0.93914162 -0.14805902 -1.26591965 -2.00132753
 -0.82592164 -1.00641367  0.74825102 -0.58708122 -0.41469302  1.49503318
 -0.36519201 -1.26580485  1.35830614  1.83194511 -1.63169676 -0.94933348
  0.91833912  1.36352898 -1.15105295 -0.38796809  0.05934476 -0.52388224
 -0.14293431  0.35761057 -0.79983421  0.74468311  0.76231233  0.85654337
 -0.84249731  0.12477506 -1.55784735 -0.5785983  -0.08764191 -1.49521503
 -1.07115104 -0.57311294 -0.88675505 -0.89037987  0.62762431 -0.93632922
 -1.44063346  0.30788939  2.00694801 -1.29620513 -0.69228036  1.61235406
 -1.11924778 -1.98128645  1.78894426  1.89708411  0.78803937  0.58855968
  1.45448052  1.31131329 -0.21979027  0.42330845  1.8015807   1.66105168
 -1.77312893  0.80639977  1.46214558  1.5568465  -1.19188482  1.01313501
  1.58634922 -0.48080693  0.08560221 -2.34886337 -1.28025728  0.00757982
  1.77755402 -0.61544566 -0.48081523 -0.49857217 -1.22976246  1.40914739
  0.32576266  0.82921253 -0.32456458  0.46823261  1.66107392  0.86016906
  1.20885971  0.29559819 -0.93795218  1.19318372  0.84033113 -0.31719773
 -1.59125956 -0.90499543  0.963808   -1.01471544  0.20847804 -1.26214849
 -1.19874715 -0.81043031 -1.00811061 -0.80166843  0.67049242  0.12549095
 -1.25841006 -1.38402691 -0.33531634 -1.14238099 -0.46452697 -1.08409584
  0.88585806  1.29230697 -1.39869603 -0.28484662 -0.17295655 -1.13040309
 -0.44534701  1.20748386  1.67256758  1.62815796 -0.68015263  1.23463094
 -1.16474126 -1.64844812  0.30393595 -0.26752051 -1.65261936  0.85796359
 -1.3653326   0.60256     1.60521915  0.42767891 -1.23705646 -0.46703091
 -1.26712788 -2.16157781 -1.2640975   1.80476113  0.46528929 -0.44132459
  2.01373865  0.83714425 -0.56550529 -0.74034191 -0.18122376  0.06545531
 -1.61401644  0.52230386  1.42266641  0.54518447 -1.0087903  -1.5276322
 -0.37559446  1.56069189 -0.23601698  1.45108897 -0.4099241  -0.74206062
 -2.10670189 -0.81645516 -1.61563138  1.086752    0.84131295 -1.10259568
 -0.48339646  0.92716432 -0.73008118 -0.48957079 -1.37328109 -0.01786338
 -1.93330763 -0.21076865 -0.28958222  0.93206381 -1.66222318  0.32721814
 -1.43568253  0.40829956 -1.16654966 -0.40306236  1.19331477 -0.72125334
 -1.19974607  1.62150633 -0.52517879 -1.22461085  1.23177995 -0.42236979
  1.26552793  0.85877389  0.78452291  0.16024934  0.48068136  1.55338994
 -1.87739677  0.08730375  0.38932715 -1.33485805  1.53678646  0.12872112
 -1.2617092  -1.04503752  1.08024126 -0.51126832 -1.37144572  1.14503998
 -0.04527765  0.88822459 -0.45126034  1.07052123 -1.08687917 -0.10922227
 -1.76200327 -0.34386895  1.53004075 -0.94286984  0.35077074 -1.02566525
  0.31611969 -1.1603503  -0.97738004  0.75072191 -0.57326897  1.61032558
 -0.29157771 -0.94866307  1.12453331 -1.72383505  0.55526675 -1.81142764
 -0.51129727  0.95627073  0.82426083  1.5901968  -0.19779077 -0.76844108
  1.83965742 -0.42251127  0.01395653 -1.1331135  -0.9181798   1.286718
 -1.08028849 -0.07183147 -0.64815124  1.00869997 -0.05956808 -1.42189445
 -0.44513432 -0.073933   -0.92898631 -1.48164215  0.93120311  0.29988242
  0.59604236  0.85154696 -1.01715912  1.41967439  0.45747879 -1.05055157
  1.22528678 -0.417312   -0.37241762 -0.20492304 -1.10971783 -1.31746541
 -1.76937386 -0.02834371  0.95256552 -0.1141436   2.13673613  0.03924555
 -0.06896983  1.60881574 -1.3266584   1.82063362 -0.36440183 -0.56569499
 -0.81631426 -0.52744478  1.17557208  1.427405    0.16719235  0.58998695
  0.49997575  0.32665583  0.96061408  0.606964    1.27369795  0.82740154
  0.93698861 -0.98071308 -0.7462919   1.48156454 -1.42551273 -0.71477946
  0.61785262 -1.15436144  0.40718155  0.81939276  1.65613308 -0.60884315
  0.475466   -1.59292558  2.13360239  1.16339242  0.41579026 -0.4647913
 -1.13254792 -0.73678949  1.14510687  1.28570435  1.80311383  2.15865625
  1.66332968 -0.7228684 ]

*** Componentes principais [T] (somente originais):
[-1.94621046 -2.50798739 -0.86753534  0.77463849  0.77975583  0.73235056
  1.78261209] [ 0.29331128  0.06412036  1.59809463  1.1964121   0.48564987 -1.70711611
 -1.92437612] [ -1.10275806e+00  -3.47171437e+00   1.07104961e+00   8.97906669e-01
   6.15627877e-01  -2.96275119e-02  -5.33106368e-04] [-0.43280095  0.40230315  0.73075795  0.67728329 -0.90513732  1.49281543
 -1.41482393]

*** Contribuições (autovetores) [P] (idem para todos e originais) ###TABLE VI.### Percentages of the contributions from each musical characteristic on the four new main axes.

C1 [18.442157578305718, 15.072782392028911, 0.75748030737577743, 18.429258520948061, 10.191564946396925, 6.9397650306190428, 15.746569552375828, 14.420421671949747]
C2 [5.041679269470043, 10.290724126056002, 27.687888953779133, 0.1283138537656649, 13.82819703738482, 13.161673257095257, 23.416579526956873, 6.4449439754922064]
C3 [9.3031251802836508, 17.755104044767059, 14.102729090873925, 15.287277245562098, 12.349574766784478, 19.385309502116645, 0.13494447466495518, 11.681935694947192]
C4 [15.054056881132702, 5.4087923922941847, 10.339652708381507, 7.4714685944047314, 22.901393990476539, 21.317089343596365, 0.39667093724528379, 17.11087515246869]
princ_orig [[ -1.94621046e+00   2.93311277e-01  -1.10275806e+00  -4.32800953e-01]
 [ -2.50798739e+00   6.41203620e-02  -3.47171437e+00   4.02303153e-01]
 [ -8.67535344e-01   1.59809463e+00   1.07104961e+00   7.30757948e-01]
 [  7.74638486e-01   1.19641210e+00   8.97906669e-01   6.77283293e-01]
 [  7.79755828e-01   4.85649871e-01   6.15627877e-01  -9.05137321e-01]
 [  7.32350564e-01  -1.70711611e+00  -2.96275119e-02   1.49281543e+00]
 [  1.78261209e+00  -1.92437612e+00  -5.33106368e-04  -1.41482393e+00]]
princ [[ -1.94621046e+00   2.93311277e-01  -1.10275806e+00  -4.32800953e-01]
 [ -2.50798739e+00   6.41203620e-02  -3.47171437e+00   4.02303153e-01]
 [ -8.67535344e-01   1.59809463e+00   1.07104961e+00   7.30757948e-01]
 ..., 
 [  9.34093453e-02  -1.95723758e+00  -2.41047994e-02   2.15865625e+00]
 [  1.18627148e+00  -1.94148337e+00  -1.61621048e-03   1.66332968e+00]
 [  7.78090070e-01  -2.19587184e+00  -1.40079143e-01  -7.22868398e-01]]

###TABLE VII. TABLE VIII###.


*** Oposição:
[1.0000000000000002, 1.0060133571843002, 0.02628976500131127, 0.1763785121043345, 0.48597925749839216, 0.23873294960674696]

*** Inovação:
[4.6132179771739169e-08, 0.77808322530628704, 1.6971424109651387, 1.587379937318502, 2.6642526864197387, 2.8774796275028884]

*** Dialéticas:
[3.2590770829481115, 2.7899305312337179, 1.1015062305429877, 0.2899863884955789, 0.32477849896546024]
[ 1.          0.84198982  0.27332269  0.          0.0117181 ]
dados [[ 1.58949445  0.12509284  1.05934105 ...,  2.03173416  0.93333609
  -1.26900718]
 [ 1.77465351  1.21239405 -0.09912625 ...,  1.0377522   1.87432239
  -0.12122386]
 [ 0.0860634  -1.27981303 -0.99354922 ...,  1.91856425 -0.53882332
  -0.03509517]
 ..., 
 [ 0.2581209   0.56453572 -0.17913724 ...,  0.49388568 -1.73765197
  -1.81120613]
 [ 0.68705264 -0.95034795 -0.77654623 ..., -0.73641239  1.97895204
   0.04735536]
 [-1.11736682 -1.56253733 -1.45764706 ...,  0.14480296  1.07481227
  -0.76991653]]
###TABLE V.### Average and standard deviation of the deviations for each composer and for the first 4 eigenvalues.
main_means [2.2834464683642168, 2.769297321144859, 2.1162503537872746, 1.9165905231593532, 1.5489730188072894, 2.2238042549774639, 2.8900401246790302]
main_stds [0.98180070239152206, 1.0242904267572595, 0.9157173480331422, 0.9064391583567315, 0.80071834931991359, 0.90810060299163475, 1.0369570516808475]
eigenvalues means [-0.20085038 -0.05351041 -0.04463814 -0.02062178]
eigenvalues stds [ 0.00600775  0.00376422  0.0031767   0.00290566]
