
*** Dimensões da tabela de notas: (868, 8)

*** Tabela geral de notas:
[[ 3.          8.          5.         ...,  5.          3.          7.        ]
 [ 2.          6.          9.         ...,  2.          1.          5.        ]
 [ 6.          4.          1.         ...,  7.          2.          2.        ]
 ..., 
 [ 5.23808827  6.68251096  4.54465132 ...,  8.22964637  4.53018541
   7.1618072 ]
 [ 7.29261713  5.83452215  3.508297   ...,  7.79733885  4.73856293
   5.82683278]
 [ 6.42177989  8.46912273  5.51925473 ...,  3.43876186  8.25157012
   5.40422394]]

*** Matriz de covariância:
[[ 1.   -0.19 -0.04  0.58 -0.17  0.13  0.44 -0.17]
 [-0.19  1.   -0.06 -0.17  0.15 -0.4  -0.11  0.32]
 [-0.04 -0.06  1.   -0.18  0.23  0.01  0.38  0.09]
 [ 0.58 -0.17 -0.18  1.   -0.31  0.14  0.37 -0.07]
 [-0.17  0.15  0.23 -0.31  1.   -0.24  0.01 -0.19]
 [ 0.13 -0.4   0.01  0.14 -0.24  1.    0.17 -0.09]
 [ 0.44 -0.11  0.38  0.37  0.01  0.17  1.    0.03]
 [-0.17  0.32  0.09 -0.07 -0.19 -0.09  0.03  1.  ]]

*** Pearson (igual matriz covar.):
 ###TABLE III. Pearson correlation coefficients between the eight musical characteristics.
['1.0', '-0.19', '-0.04', '0.58', '-0.17', '0.13', '0.44', '-0.17']
['-0.19', '1.0', '-0.06', '-0.17', '0.15', '-0.4', '-0.11', '0.32']
['-0.04', '-0.06', '1.0', '-0.18', '0.23', '0.01', '0.38', '0.09']
['0.58', '-0.17', '-0.18', '1.0', '-0.31', '0.14', '0.37', '-0.07']
['-0.17', '0.15', '0.23', '-0.31', '1.0', '-0.24', '0.01', '-0.19']
['0.13', '-0.4', '0.01', '0.14', '-0.24', '1.0', '0.17', '-0.09']
['0.44', '-0.11', '0.38', '0.37', '0.01', '0.17', '1.0', '0.03']
['-0.17', '0.32', '0.09', '-0.07', '-0.19', '-0.09', '0.03', '1.0']

*** Autovetores (raw):
[[ 0.51 -0.06  0.19  0.33 -0.05 -0.77  0.04  0.  ]
 [-0.35 -0.02  0.54  0.2  -0.14  0.02  0.53 -0.49]
 [-0.01 -0.7  -0.03 -0.3  -0.48 -0.04  0.29  0.33]
 [ 0.51  0.12  0.29  0.23 -0.53  0.52 -0.21 -0.  ]
 [-0.16  0.    0.6  -0.52 -0.04 -0.2  -0.55 -0.02]
 [ 0.39 -0.52  0.23 -0.04  0.64  0.3   0.03 -0.15]
 [ 0.33  0.08 -0.33 -0.52 -0.18 -0.08  0.09 -0.68]
 [-0.27 -0.47 -0.23  0.41 -0.15 -0.04 -0.53 -0.41]]

*** Autovalores (raw):
[ 2.27  1.47  1.33  1.13  0.6   0.46  0.4   0.35]

*** Autovalores prop (raw):
[ 0.28  0.18  0.17  0.14  0.07  0.06  0.05  0.04]

*** Autovalores (var. %) ###TABLE IV### New variances after PCA, in percentages for scores on III.:
[28.000000000000004, 18.0, 17.0, 14.000000000000002, 7.0000000000000009, 6.0, 5.0, 4.0]

*** Dados finais:
[[-2.54561039 -3.4636937   0.98511267 ...,  0.82010468  1.14672433
   0.20314998]
 [-0.45512773 -0.51686837  1.76415578 ..., -1.08817979 -0.34322955
   0.67482778]
 [ 0.32341788 -0.09514002  0.61388358 ..., -1.165852   -0.21739418
   1.50574372]
 ..., 
 [ 0.07591037 -0.4302974   0.31833479 ...,  1.43282619 -0.03850391
  -0.46955509]
 [ 0.07043652  0.27135327 -0.17947387 ...,  1.19978336  0.3803339
  -0.19727711]
 [-0.07085678  2.48986243  1.65214015 ..., -0.52131903 -0.21274123
  -1.28423296]]

*** Componentes principais [T] (todos):
[ -2.54561039e+00  -3.46369370e+00   9.85112674e-01  -9.02856680e-02
   5.49623748e-01   9.58996012e-01   2.24677370e+00   8.36321433e-01
   2.23958740e+00   1.76160836e+00  -1.53682078e-01   5.14968650e-01
   1.60708255e+00   1.13483628e+00   6.13423610e-01   1.19506939e-01
   3.91642930e-01   7.60954205e-01   1.97027297e+00   2.96029917e-01
   1.61308257e+00  -9.49058935e-01   1.04044547e+00   1.32421168e+00
  -1.85377897e+00  -2.02574704e+00   7.85596508e-01  -2.11779915e-01
  -9.82463123e-02  -2.45749983e+00  -2.42068835e+00   1.06712764e+00
   4.25409785e-01   2.47630828e+00  -8.10403848e-01   1.33663886e-01
   1.39511628e-01  -6.12063323e-01  -2.41166770e+00   3.01712991e+00
  -9.53493845e-01  -2.22993334e+00   2.29979052e+00   1.88271059e-01
   1.12689817e+00   9.90005984e-01  -1.45510457e+00   1.11255032e+00
  -3.17624597e+00  -5.80173570e-01   1.56280914e-01   7.65013633e-01
   1.10402119e+00  -3.82046701e-01  -9.01033623e-01   3.14852937e-03
   1.15046842e+00   4.00793233e-01  -4.65753317e-01   2.67159386e-01
   6.69732596e-02   1.21021781e+00  -1.57307357e-01   5.58801004e-01
   2.62574541e-01  -2.48403442e+00  -2.46341183e+00  -2.97124087e-01
   8.40002682e-01   1.14327901e+00   1.02292080e+00   1.96890756e+00
   4.26072931e-01   6.68543625e-01   4.38222754e-01   1.02314741e+00
  -4.51362442e-02   9.98098116e-01   1.43777126e+00   1.52528880e+00
  -1.54620402e-01  -2.05307390e-01   4.30761074e-01   7.64014567e-01
  -1.00892121e+00   1.41019004e+00   2.13425436e+00  -2.90824879e+00
  -1.53912626e+00   2.03701862e-01   1.89823877e+00  -1.28880186e+00
  -1.07904601e+00  -2.32677902e+00   7.35085222e-01  -2.22467074e+00
  -2.37914113e-01   7.51219939e-01   1.02480766e+00  -2.77498912e+00
   2.63000944e+00   8.59497224e-01  -2.00123134e+00   1.83740867e+00
   1.50089025e+00  -7.42538830e-01   1.81958726e-01   1.66980450e-01
   3.44505699e-01  -2.08864676e+00   1.12082551e+00  -3.38102380e+00
   1.03297527e+00   1.42772198e+00   2.18822331e+00   1.23553112e+00
   1.29480657e+00  -2.01712082e+00   1.07491719e+00  -4.28636297e-01
   2.07659633e+00   2.32018289e+00   5.92233801e-01   5.93964943e-01
  -1.13174723e-01   1.86542775e+00  -9.40760812e-01   1.22058706e+00
   2.51894838e-01   1.53047733e+00   8.43010176e-01  -1.97311523e+00
   4.17096649e-01   8.15101218e-01   8.29275328e-01   1.88819441e-01
  -2.94971754e+00   2.59153152e+00  -2.60527097e+00  -6.05924415e-02
  -2.17463061e-01   1.61691432e+00   8.94025661e-01   6.90193916e-02
   1.74626265e+00   6.77554968e-01  -2.15809229e+00  -6.24318913e-01
  -1.86278294e+00  -4.55572126e-01  -2.28845855e+00   1.42862854e-01
   3.85010311e-01  -2.31434292e+00   1.39874784e-01  -1.43257773e+00
   1.36325643e+00  -7.71128615e-02   2.07518470e+00  -6.20744426e-01
  -1.09370574e-01   4.65634076e-01   9.41602494e-01   1.47370116e+00
   1.13113281e+00   1.15283426e+00   8.77414579e-01   7.85081340e-01
  -2.48424291e-02   7.22062582e-01   4.31495856e-02  -2.64981305e+00
   1.60016969e+00   1.22188666e+00   3.09123327e-01   1.62048352e+00
  -2.10247107e+00  -3.29485084e+00  -2.77573776e+00   1.34702435e+00
  -8.94261325e-01   8.97492259e-01   1.38795212e+00   8.82017604e-01
   1.63613979e+00   7.14317062e-01  -1.42374914e+00  -4.47503264e-01
   2.58404156e+00   1.31842597e+00   8.23683173e-01  -1.31773613e+00
  -6.14277350e-01   1.25657052e+00   1.17946835e-01   7.13769415e-01
   4.08290718e-01   2.22968638e+00  -2.61329213e+00  -2.94343127e+00
   1.45208289e+00  -4.45943691e-01   2.61896349e-01   8.61032181e-01
  -7.29609515e-02   6.40747642e-01  -1.54601310e-01   3.04530556e-01
   5.44503596e-01  -2.92357984e+00   9.39728060e-01  -1.64574889e-02
   1.60775420e+00   1.24282339e-02   8.71754343e-02   1.84231286e+00
  -6.16204588e-01  -9.92135001e-02  -2.26034175e+00  -1.23907489e+00
   1.36721490e+00   1.92213914e+00   5.46814923e-01  -1.96257266e+00
  -1.02968355e+00  -1.75320190e+00  -3.16486741e-01   6.74821805e-01
  -2.09034009e+00  -2.53632104e+00  -2.75947631e+00   1.96700227e+00
   2.88033141e-02   7.05639272e-01   6.76067407e-01   1.04845974e+00
   8.75308315e-01   9.04841532e-01   3.47059706e-01   5.61653791e-01
   3.07817428e-01   4.95229741e-01   7.20717362e-01   9.65493659e-01
   1.20425372e+00  -1.15552371e+00  -2.98041983e+00   1.01745471e+00
   1.44016741e+00  -7.29558598e-01   1.52124037e+00   2.48514351e+00
  -2.15272280e+00  -2.38855980e+00  -1.16554996e+00   1.50595421e+00
  -1.53468614e+00  -2.48403107e+00  -1.10064753e+00  -2.34276729e+00
   1.85425846e+00   4.34455454e-01  -2.49552915e-01   7.79666330e-01
   2.37231919e-01  -2.69208624e+00   1.04166920e+00   6.05317759e-01
  -2.43845640e+00   1.13940009e+00   1.30456930e+00  -6.58668400e-01
   3.04229211e-01  -2.99892898e-01   2.64834440e+00   8.36845494e-01
   6.62568806e-01  -3.34292877e+00   4.08177724e-01   7.08911807e-01
  -1.98591320e+00   1.44114916e-01  -4.73460613e-01  -4.33466103e-01
   8.46634271e-02   3.42465867e-01   1.22737790e+00   4.37715365e-01
   6.46938956e-01   7.23505653e-01   9.95491474e-01  -3.43929426e+00
   1.53260968e+00   5.21810812e-01  -1.34351173e+00  -2.27444271e-01
   1.71019724e+00  -2.45831760e+00   1.91602224e-01   8.84269057e-01
   8.13127687e-01  -2.64305162e+00  -6.92336913e-01   1.21731657e+00
  -2.79587163e+00  -5.81477544e-01  -2.24737308e+00   2.77019482e+00
  -4.09887342e+00   7.03162617e-01   7.78133814e-01   1.80646732e-01
  -2.15728031e+00   7.63490961e-01  -2.59200550e+00   9.66842776e-01
   6.74756509e-02   1.15060647e+00   5.21122429e-01   1.38235966e+00
   8.79043889e-01   3.85407022e-01   2.53818036e+00   4.47642446e-01
   1.75815144e+00   1.11423681e+00   1.19144584e+00   9.00131405e-01
   1.41840569e-01  -2.47450978e+00  -1.69711188e-02   1.02612803e+00
   3.05267097e-01  -2.07006023e+00   2.82171057e+00  -2.31207429e+00
   4.51392392e-02   5.72489946e-01  -8.29586266e-01   6.32404407e-02
   5.51235546e-02  -1.97985586e+00   6.31146385e-02   2.20166529e+00
   8.84765990e-01   4.23089240e-01   4.86577796e-02   9.78574327e-01
  -2.34054674e+00   1.74238173e+00   1.17194641e-02   5.73554025e-02
  -4.84649722e-01  -3.30912662e+00   9.43156779e-01  -2.83016926e+00
   5.10342886e-01  -6.06232408e-01  -2.57618555e-01   1.34882932e+00
   1.88627646e+00   6.01704810e-01  -1.31190248e+00   1.05289237e+00
  -1.62265790e+00   1.29518185e+00  -5.88355327e-02  -2.12698449e+00
  -1.30200800e-01  -1.79853621e+00   1.52614771e+00   1.05136950e-01
   9.52492988e-01   3.10238403e-02  -2.29570304e+00   1.57591265e+00
   3.95933104e-01   3.86055343e-01   1.79532837e-01  -3.18575397e+00
   2.18029636e+00   1.17152630e+00   2.25137139e+00   9.40864635e-01
   1.20976042e+00   6.86856221e-01   3.04212816e-01  -2.89610951e+00
   1.35641959e+00   1.19994922e+00  -3.24586284e+00   1.55163997e+00
   1.22392192e+00   7.73024530e-01  -2.22259280e+00   3.87430855e-01
  -2.83462572e+00   9.06536994e-01   5.85124456e-01   1.08446602e+00
   1.88397322e-01  -3.46804317e-01   8.18394726e-01  -2.57316298e-01
  -1.67886844e+00   2.59785077e-01   1.40926774e+00  -2.94880563e-01
   1.25294092e+00  -2.47569547e+00   1.64975041e+00   1.38455535e+00
  -2.60766867e+00  -2.63049807e+00  -1.20599266e+00   9.79131728e-01
  -1.28780061e+00   3.75708819e-01  -6.83778043e-01   1.11936322e+00
  -1.28219095e-01  -1.87037499e+00   1.22969464e-02   1.09559178e+00
   2.03873835e+00  -5.72965792e-01   8.54226275e-01   1.76601222e+00
  -3.73082362e+00  -7.22494138e-01   1.64199058e+00   8.86874000e-01
   2.24818736e+00  -3.39738902e+00  -6.10345268e-02   1.91397514e+00
   5.92571133e-02   1.89283074e+00  -1.09387324e-01  -3.07732686e-01
  -2.47069750e+00   3.34250899e-01   1.03582801e+00   3.55008581e-01
   2.14312535e-01   9.70563168e-01   5.20704578e-01   2.03125168e+00
  -4.84887889e-01   2.26659627e-02   1.12279057e+00   7.91862220e-01
   1.42271392e+00   1.16533657e+00   7.57095869e-01   3.26055447e-01
  -3.16378709e+00   1.09900194e+00   2.25866084e+00   2.42254259e+00
  -8.53654819e-02  -1.77036446e+00  -7.60216612e-01   3.33552994e-01
  -5.51872338e-01   1.17941765e+00   2.18429244e-01  -2.92124118e+00
   2.36707832e-01  -1.98836799e+00   3.84636339e-01   1.10336357e+00
   4.10798701e-01   1.41055771e+00  -6.59062826e-01  -2.98773298e+00
  -3.17128544e-01  -8.91415373e-01  -7.65050047e-01   1.73409717e+00
   7.90063737e-01   3.19732741e-01   1.38617861e+00  -2.09844968e+00
  -2.84621821e+00   1.02956153e-01   1.82285307e+00  -3.12735677e+00
   1.30200284e+00  -2.32085667e+00  -2.11307818e+00  -1.39160808e+00
  -9.27839541e-02  -2.47518656e+00   1.42751992e+00   7.25364542e-01
   8.77198830e-01   9.31572302e-01  -1.91031589e-01   7.74110525e-01
   3.00032353e+00  -3.39975063e+00  -2.57960534e+00  -3.34958365e-01
   2.52192323e+00   1.12055782e+00   2.04227136e+00   3.21727118e-01
   4.12246392e-01  -4.67930513e-01   9.77435551e-01  -3.03103490e+00
  -2.78566885e-02   9.75714292e-01  -3.63930916e-01  -1.02290843e+00
  -1.19912013e+00   7.37420594e-01   2.40957779e-01   5.04505700e-01
   1.75422174e-01  -2.82271316e+00  -1.37820390e-01   3.37360510e-01
  -3.00209952e-01   6.74873086e-01   1.14279453e+00   9.45415358e-01
  -8.75648545e-03  -5.91840947e-01   1.79353483e+00  -1.39727529e-01
   1.61300562e+00   1.28743061e-01  -2.58066829e+00   1.06285400e+00
  -7.49699825e-01   5.20125573e-01   1.68634202e+00   2.46843297e+00
   7.72726718e-01   2.67139365e-01   8.78744547e-01  -1.50355296e-01
  -5.08248747e-01   3.95784140e-01   6.07982087e-02   2.15557745e-01
   1.39294134e+00   1.58891702e-01   7.91194720e-02   1.42423309e+00
   9.55644840e-01  -2.47042730e+00   1.90590702e+00   6.30355965e-01
  -1.35574115e+00   1.47956851e+00   1.67342251e+00   2.00078182e+00
  -3.05242583e+00  -3.01260623e+00  -3.48377905e-01  -2.54308552e+00
   2.44720405e-01  -4.40854150e-01   2.64396724e+00  -2.56041444e-01
  -4.46051251e-01   2.37430468e-01  -1.84887636e+00   1.47216687e-01
   4.17946740e-01   1.08322311e+00   1.11396742e+00  -5.13452334e-01
  -3.09634365e+00  -3.84838963e+00   1.10881978e+00   7.75632350e-01
   1.75864025e+00   1.29487462e+00  -2.16766451e+00   2.08612310e+00
  -3.04691486e+00   1.20173819e+00   1.06963478e-01   5.52924155e-01
  -1.88949215e+00   8.84717302e-02   3.50612174e-01  -5.35696466e-01
   3.52332572e-01   1.13807003e+00   1.19639686e+00  -1.91077928e+00
  -2.72640213e+00   1.27733887e+00   2.97494002e-02  -2.32676492e+00
  -1.86126758e-01  -7.89626625e-01   8.56865060e-01   9.42432018e-01
   3.67940448e-01   9.20264194e-01  -1.99316387e+00  -3.55529271e+00
   1.14928571e+00   5.89353547e-01   1.35448883e+00  -2.72231100e+00
  -2.11427316e+00   1.46469163e+00   8.62188855e-01   6.12258308e-01
   1.65495023e-01  -2.94259379e+00   1.14322980e+00   1.44007670e+00
  -1.83978852e+00   3.13093186e-01   9.39092672e-01   1.95938530e+00
  -2.20520994e+00   5.89430605e-01  -2.13903340e-02   7.83067379e-01
  -1.80894023e+00  -2.57824075e+00   2.67467021e-01  -1.28876458e+00
  -2.69282029e+00   2.64105516e+00   3.79972584e-01   1.18697403e+00
   1.79920123e+00   1.24757683e+00   1.79408861e+00  -6.09625289e-03
  -1.92192656e+00   3.78718712e-01  -1.44001575e+00   8.53241217e-01
   9.62108629e-01  -7.40321035e-02  -2.19273547e+00  -3.53946810e-01
  -4.07898523e-01  -2.56996808e-01  -1.79749333e-01   3.43839743e-01
  -2.28647287e+00   9.19116625e-01   7.90213923e-01  -2.27942415e+00
  -2.61049380e+00   2.19784453e+00  -6.66574963e-01   8.54253225e-01
   9.24039137e-01   9.85393628e-01   1.14321698e+00   1.18679059e+00
   1.00994630e+00  -7.96752511e-01   6.19183028e-01   6.18618468e-01
   3.75733725e-01   7.06776154e-01  -2.29604056e+00   6.63085827e-01
   3.22126360e+00   1.32014353e+00   1.15707195e+00   1.16871296e+00
  -2.59365315e+00  -9.52045171e-01   2.85346292e-01  -2.19655053e+00
   6.87445548e-01  -4.75005660e-01   1.29407331e-01  -2.72126893e-01
   1.85954613e+00  -9.45914272e-01  -7.19486186e-01   4.33518582e-01
  -1.01622846e+00   1.60204959e-01   1.31277587e+00  -1.78126273e+00
   5.75177343e-01   1.78647993e-01   4.56365723e-01  -6.00370425e-01
   8.70545566e-02   7.95180441e-01   1.63614003e+00  -1.55523638e+00
   8.48676624e-01   9.18196904e-01   1.15974575e+00  -2.58774781e+00
  -1.84088464e+00   7.20170203e-01   2.67492543e-01  -2.18870301e+00
  -3.90330763e-01  -2.49176254e+00  -1.39965424e+00  -1.80017864e-01
   1.20468117e+00   1.25042835e-01   6.53746060e-01  -1.23628753e+00
   6.38262285e-03  -2.24319740e+00   1.67260414e+00   2.68489110e+00
   5.47897905e-01   2.65543081e+00   3.64001753e-01   3.50580072e-01
   1.47947910e+00   7.72410032e-02   1.01827361e+00  -2.09639519e+00
   6.66389391e-01   5.46189266e-01   2.36945859e+00   2.77112399e-01
  -1.95324777e+00  -1.26854264e+00  -2.56736568e+00   3.86603925e-01
   1.72360487e+00  -1.49594052e+00  -2.36751825e+00  -2.06547533e+00
   8.26316034e-01  -1.52284700e+00  -5.26825675e-01  -1.78194845e-01
  -2.25181745e+00   1.69837770e-01  -3.88174591e-01   5.30875270e-01
   8.16074019e-01   1.98507103e+00   8.68580392e-01   2.75802262e-01
  -1.31878069e+00  -5.79021748e-01  -2.25178542e-01  -4.89629931e-01
  -7.85685245e-01  -2.11760870e+00   2.35606617e-01   1.81019778e+00
   1.35437686e+00   6.50065109e-01   2.06760174e+00   4.92840472e-01
  -8.89649440e-02   6.55235970e-01  -2.21286579e+00  -1.73605548e-01
  -1.48276400e+00  -2.19608199e+00  -2.39819356e-01  -1.37118732e+00
  -3.47011766e+00   5.34001262e-01   8.17189430e-01   1.64402092e+00
  -2.59876190e+00  -3.64763041e+00   1.60662423e+00   2.49873915e+00
   2.07304709e-01  -1.02741050e+00   1.75101244e+00   1.12114866e+00
   3.80913563e-01   1.16055512e+00  -2.57580509e+00  -2.43664407e+00
   1.16410276e+00   9.16799935e-02   2.06566744e-01  -7.55154136e-02
  -2.85168786e+00  -2.41073385e+00  -3.71759986e-01   5.49786463e-01
   1.44915662e+00   2.59649525e-02  -2.11721665e+00  -9.91657819e-02
  -1.11711505e+00  -1.54323151e+00   2.11153515e+00  -4.24513262e+00
  -7.78000080e-01   7.91861717e-01   9.22398798e-01   1.33542433e+00
   2.04014954e+00   8.82441345e-01  -6.06326688e-02   2.23369533e+00
   1.16035872e+00  -3.52707029e+00  -2.53738504e+00  -1.84464314e+00
  -3.14430431e+00   8.70080703e-01  -2.48548791e+00  -2.00034032e+00
   5.76302058e-01   1.00255289e+00   2.61002518e+00  -2.76875480e+00
  -2.43365638e+00   1.47064340e+00  -2.44361931e+00  -2.53690468e-02
   1.17115263e+00   1.25946853e+00   3.97358976e-01  -2.16659755e+00
   8.60878884e-01  -1.80172699e+00   7.18504009e-01  -2.29165929e+00
   6.32926811e-01   2.58336096e-01   2.31805330e+00  -4.77068513e-01
  -4.14525749e-01   8.46493440e-01   2.42310026e+00   3.84481291e-01
   1.49308748e+00   3.25157852e-01  -1.36651363e+00   1.90309225e+00
   1.38927071e+00  -7.32262326e-01   1.83969510e+00   2.03672389e+00
   1.80328559e+00  -2.55578084e-01   1.36354590e+00  -2.42276826e+00
   1.39602743e+00  -2.32660804e+00  -6.43456519e-01  -9.11550666e-01
   9.97705102e-01  -2.66505582e+00   4.44070328e-01   7.76879822e-01
  -1.11376847e+00   8.20104682e-01   1.14672433e+00   2.03149982e-01] [ -4.55127732e-01  -5.16868372e-01   1.76415578e+00   9.46808456e-01
  -3.16626674e-01  -1.39366532e-02  -1.80000404e+00  -2.00813451e-01
  -5.02870303e-01  -1.58924844e+00   2.45180208e-01  -6.75951942e-01
  -8.46626998e-01   1.30649899e+00   7.84058066e-01  -6.84346800e-01
   1.60561346e-01   7.89566179e-01  -1.05448058e+00   6.52583506e-01
  -2.80442784e+00   1.99272621e+00   7.23791596e-01  -3.47143392e-01
  -4.72522319e-01   1.19821097e+00   1.17092683e+00  -1.18877207e+00
  -2.34993670e-01  -4.87747634e-01  -1.97933000e-02   5.98858256e-01
   1.43303080e+00  -1.89013274e+00  -4.74671414e-01  -3.30318214e-02
  -1.22892268e+00  -9.55648125e-01  -1.17235168e-01  -1.57985832e+00
  -1.65127454e-03   2.31877078e-01  -1.85886023e+00   1.05975330e+00
   2.28626004e+00   2.53182588e+00  -2.18150115e-01  -6.04711115e-01
  -8.62713464e-01   5.26891149e-01   1.39812193e+00  -7.16898160e-01
  -8.93270470e-01   1.48090676e-01  -4.30246456e-01   1.12807916e+00
   1.19214487e-01   8.77010565e-02   5.75254842e-01   5.03413707e-01
  -6.25642721e-01   1.35796868e+00   1.27005775e+00   1.88020192e+00
  -5.52812376e-01  -4.04069690e-01   5.79366640e-01   9.18273858e-01
   1.70437138e-01   1.37131354e-01  -3.87551006e-01   6.01278885e-01
   1.43831655e-01  -2.91981566e-01  -4.99466688e-01   1.06059189e+00
   1.31510605e+00  -5.76088536e-02   8.89161559e-01  -2.10894250e+00
  -6.47004702e-01  -3.27026024e-01   7.05076460e-01   2.84490473e-01
   1.21437468e+00   1.60600256e+00   1.32266765e+00  -2.51253804e-01
  -8.12173666e-02   1.51011411e-01   6.17101966e-01  -1.00648334e+00
   8.64102638e-01  -1.04849087e+00   8.09510790e-02  -6.25249237e-01
  -4.03151005e-01   1.16897984e-01   5.85813495e-02  -2.94177359e-01
  -1.56987638e+00   8.56758209e-01   1.22618472e+00  -3.39362915e-02
  -5.22414034e-02   8.05290785e-01   7.26810624e-02  -4.93881291e-01
   4.97344993e-01  -3.40761397e-01   4.29249357e-01   1.27999814e-01
  -1.11995816e+00   1.69856521e+00  -1.60851812e+00   1.18862874e+00
  -1.40226867e+00  -1.07525847e+00  -1.28849723e+00   1.73034524e-01
  -1.61276080e+00  -8.03300567e-01  -2.99720127e-01  -8.33532389e-01
   3.90122521e-01  -4.41170179e-01   7.07179577e-02   1.69585785e+00
  -5.25565710e-01  -1.64491116e-01  -5.03630318e-01  -6.66748471e-01
  -1.03551331e+00   2.40098871e-01   1.85183514e-01   5.85073469e-01
  -5.88012646e-01  -1.60618332e+00  -1.04921900e+00   4.18619398e-02
   1.33345297e+00  -1.38705533e+00   1.16487309e+00   2.35384691e-01
   9.20431593e-02   9.06527546e-01  -1.24999448e-01   5.21477418e-01
   3.08975973e-01  -3.40857933e-03  -8.97406212e-01   1.53636809e+00
   9.91758127e-01  -5.74947701e-01  -1.24312825e+00   1.76037413e-01
  -1.88055135e+00   1.76635217e+00  -1.39630016e+00   1.74065346e+00
  -6.53648446e-01  -2.00087246e-01   7.02855596e-01  -1.66747635e+00
   1.13110769e+00  -4.36247985e-01  -9.87549767e-01  -6.51111391e-01
   2.07384526e-01   1.72009969e+00   4.64019551e-01  -4.70597690e-01
  -1.50712123e+00   3.71540934e-01   7.46372746e-01  -1.01880977e+00
  -1.21664518e+00  -1.98347497e-01  -5.76019191e-01  -5.49703770e-01
   1.07009727e+00   5.90561142e-01  -1.01708635e+00   7.10833947e-01
  -4.86575763e-01  -1.01696322e+00   5.78276879e-01   7.86768990e-01
  -1.68330755e+00  -5.02387498e-01  -6.82137822e-01   1.12706772e+00
   1.69270508e+00  -1.40431565e+00   1.09567263e+00   1.67897448e+00
  -8.86013005e-01   7.31409405e-01  -2.57634723e-02   1.20955564e+00
  -7.92045644e-01   5.23131230e-02  -5.49770137e-01   2.14736151e+00
   5.29549364e-01  -4.12856822e-01  -1.67386536e-01   9.36720774e-01
   1.86456322e+00  -2.02552575e-01  -6.89324769e-01  -4.30741422e-01
  -2.11739150e+00   1.84276568e+00   1.52611320e-01   6.33255632e-01
  -1.52034593e-01  -6.21146402e-01  -1.14148694e+00   1.34543213e+00
   6.66898664e-01  -1.48551775e+00   9.59857344e-02  -1.09986955e+00
  -1.40038339e-01  -8.38315838e-01  -1.59796078e+00  -2.31634066e-01
   2.14317747e-01   6.85958651e-01  -1.61524085e-01  -2.36237107e+00
   5.85212740e-01  -7.74892794e-01   7.46312147e-01  -1.37190482e+00
  -1.23004967e+00   1.51765436e+00  -6.76604578e-01   1.00197765e+00
  -6.77554205e-01  -4.17517146e-02  -1.13411912e-01   8.16056490e-01
   1.83844196e+00   4.06924908e-01  -2.46262072e-01  -1.71089767e+00
   5.08781197e-01   1.44950424e+00  -1.32291976e-01  -8.53171152e-01
   6.09840373e-01  -1.89590159e-01   5.96985948e-01  -1.29345814e+00
   1.17780147e+00  -1.27683348e+00  -2.15733162e-01  -1.13501687e-01
  -1.66624850e+00   4.71103764e-01  -4.93677999e-02  -8.45663501e-01
  -9.24265219e-01   6.41698010e-01  -2.56708499e-01   1.11676062e+00
  -1.20583773e+00  -1.82891491e+00   1.99773200e-01   7.50183837e-01
  -9.14237024e-01   5.70710849e-01  -5.94685412e-01  -1.03282487e+00
   1.20228765e+00  -1.59949562e+00  -5.04154522e-01   9.36902454e-01
  -4.48005919e-01   1.62981682e+00   1.57458336e+00  -1.74680123e-02
  -1.54925749e-01   9.95425508e-02   1.78670065e+00  -1.55224621e+00
  -7.61554281e-02  -1.64573221e+00   2.32191225e+00  -6.31783073e-01
   1.66506998e+00  -2.00775853e+00   3.60235784e-01   7.52938506e-01
  -3.27854223e-01   1.88888730e-01   2.09160652e+00   4.87267677e-01
  -6.66096835e-01  -3.72339263e-01   9.09555684e-01   7.97203839e-01
  -6.42998027e-01   1.82435797e+00   3.88198663e-01   5.51656858e-02
   4.27406675e-01   2.31787322e-01  -7.96232343e-01   1.32974246e-01
  -1.26701382e+00  -1.40511849e+00  -5.06720113e-01   7.96787214e-01
  -9.10134985e-01  -1.47830572e+00   1.98426032e-01   1.67225876e-01
  -2.57812907e-01   8.73895676e-01  -1.96775655e+00  -7.17867943e-01
   1.02582521e-01  -3.06781574e-01  -1.12126131e+00  -7.56347800e-01
  -1.36796128e+00  -7.82006046e-01   4.94238159e-01   4.35616585e-01
   1.18435637e-01  -3.61947101e-01  -1.66555114e+00   7.16187972e-01
  -4.23843159e-01  -1.62176578e-01   4.00082338e-01  -5.82841544e-01
   2.50941957e+00  -9.23340205e-01   7.13279670e-01   1.01525362e+00
   6.56962635e-03  -1.41410199e+00  -1.07680758e+00  -1.03831408e+00
  -1.01717652e+00  -2.65207382e+00  -1.00417904e-01   6.37173377e-01
  -2.72029040e-03   1.53311992e-02   1.39980708e+00   1.80447880e-01
  -1.32260583e+00   1.03062815e-01   8.27175235e-01   6.02252642e-01
  -2.00777288e+00   1.04776371e+00  -3.68783359e-01  -1.58334434e-01
  -1.41500644e+00  -3.89814077e-01   1.08531144e+00   4.92336951e-01
  -1.08074283e+00  -4.81556793e-01  -6.28551422e-01   7.38253874e-01
   8.22323891e-01   9.43370229e-01  -4.96066817e-03   6.01995157e-02
   4.90170567e-02  -7.29140141e-01   3.23127797e-02   7.80583953e-01
  -1.95346444e+00  -8.52985726e-01   1.36707262e+00   2.04451804e+00
   8.87676409e-01  -1.40301790e-01   1.64939078e-01  -5.62643127e-03
  -5.71257165e-01  -4.46662723e-01  -6.40560047e-01   6.09040778e-01
  -9.87807783e-01   1.50597980e+00  -5.64956668e-02   6.43249067e-01
   5.78512044e-01   5.63120151e-01  -6.61558924e-01   3.27120577e-01
   1.28050242e+00  -1.89627071e-01   1.12062870e+00   1.59056093e+00
   1.37479956e-01  -5.21899811e-01  -1.64684603e-01   1.58255219e+00
   1.33499216e+00  -1.07274646e-01  -5.93472435e-01   6.25824755e-01
   2.70699737e-01  -3.49062218e-01   8.41707473e-01  -4.56552401e-01
  -1.20349392e+00   9.86927213e-01  -3.08112098e-01  -3.01436651e-01
  -1.45365425e+00  -1.71158159e-01   2.12621695e+00  -1.02740830e+00
   1.45393424e+00   6.29662200e-01   6.62463308e-01   5.87619322e-01
   9.00925264e-01   1.27097105e+00   4.68588629e-01   2.93896206e-01
   1.00768630e+00  -2.68560974e-01   8.93610105e-01   1.88423488e+00
  -3.85397287e-01   7.31795320e-01   2.22949663e-02   1.35333950e+00
  -1.65856465e-01   1.41623715e-01   5.59990127e-01  -4.03620994e-01
   1.15130198e+00   1.75824871e-02  -6.05348843e-01   9.51177298e-01
  -5.14155810e-01  -6.64950852e-02   1.13172052e+00   1.74752837e+00
   1.10526947e-01   1.26757413e+00   1.75700348e+00   5.89930149e-01
   1.68877073e-01   1.45310179e+00  -1.63285623e+00  -1.28594640e+00
  -1.43894830e-01  -9.75559868e-01   7.30852418e-01  -7.57681885e-01
  -2.07102317e-01  -2.87235258e-01  -6.97950840e-01  -3.52082287e-01
  -3.54531739e-01  -1.52504039e+00  -8.07526657e-01  -6.79631369e-01
   6.00945002e-01   8.39596205e-01  -9.10392177e-01  -9.30184125e-01
   2.77435059e-02   3.17909476e-01  -7.32547212e-01   2.46031589e-01
   1.43617094e-01   1.35597058e+00  -1.03984934e+00   2.83798996e-01
  -3.17118557e-01   1.67752632e-01   4.22427714e-01   5.31279001e-01
  -1.19644561e+00   2.81465784e-01  -4.20721465e-01   1.79604513e+00
  -2.49632726e-01  -5.31966374e-01  -2.74773458e-01   6.26348535e-01
   1.57394613e+00   9.07157729e-02  -9.36870874e-02  -9.20025505e-01
  -1.44147588e+00   5.37200144e-01  -1.64790402e+00  -2.94603875e-01
   6.97344266e-01   3.38977780e-01  -1.89019313e+00   1.51188958e+00
   1.04106545e+00  -5.09205102e-02  -4.89987939e-01  -5.81143478e-01
   1.44112335e+00  -4.61388073e-01   4.88478710e-01  -7.94374899e-01
  -8.06641467e-01  -1.45573114e+00   2.51604551e-01  -5.10712811e-01
   2.76198718e-02  -5.75580428e-01   6.54844033e-01   1.51158454e+00
  -3.62154557e-01   1.25103284e+00  -4.77932571e-01   2.14683753e-01
   1.22923772e+00  -3.90057337e-01  -1.32313009e+00   1.23980182e+00
   1.82096623e+00   5.60160879e-01  -8.68403174e-01  -5.91975017e-02
   2.06912363e+00  -1.10349086e+00   8.28113678e-01  -1.51903565e+00
   7.75013070e-02   1.08293898e-01   1.19652866e+00   1.57032707e-01
   1.41544979e+00   1.28070887e+00  -7.58373870e-01   3.28798166e-01
  -5.19931366e-01  -2.70478637e-01  -1.11969441e+00   5.25920209e-01
  -3.41431808e-02  -2.03599939e-01  -1.46130331e+00  -2.10252252e-01
   1.50140022e+00   1.42722409e+00  -1.86131572e+00  -1.80062038e+00
  -6.84461592e-01  -1.75769413e+00   1.47235492e+00  -3.71914397e-01
   1.12007740e+00   1.02857436e+00  -2.04793904e-01  -1.32134925e+00
   3.77268675e-01  -1.23673071e-01  -6.72578013e-01  -1.19635560e+00
  -6.33878330e-01   7.12507545e-02   6.04234915e-01   7.01518882e-01
  -3.97111230e-01  -4.98077946e-01  -2.05262765e+00  -9.15556024e-01
   7.80677829e-01   5.34517991e-01  -7.02828246e-01  -8.38683172e-02
   7.06756432e-03   2.09773165e-01  -3.78155945e-01   1.31852300e+00
   5.87154009e-01   3.87793176e-01   6.24926688e-01   8.50935591e-01
   1.94462790e-01  -3.71768769e-01   1.71160100e+00  -1.26058561e+00
  -2.78348989e-01  -1.12885740e+00  -2.92974451e-01  -7.92815630e-01
   5.91155621e-01   4.10458521e-01  -7.50598897e-01   9.84642065e-01
   4.73444052e-01   1.50087587e-02  -1.99137715e+00  -1.17429927e+00
   9.66285141e-01   1.17624319e-01   2.21392973e+00   1.06198897e-01
  -2.20758541e-01  -4.96329666e-01  -1.04852425e-01   7.83879320e-01
   1.12902570e+00  -4.36487885e-01   1.65719198e-02  -2.42818941e-01
  -1.57141772e-01  -1.40868450e+00  -2.04352481e-01  -1.18559312e-01
  -1.10421128e+00  -3.58063326e-01  -5.29149623e-01  -2.48908164e-01
  -5.01914932e-01  -1.92850280e+00  -2.90794125e-01  -1.52561888e+00
  -8.12382118e-01  -2.14357385e+00  -9.05582262e-01  -1.20566646e+00
  -1.52074602e+00  -3.79179388e-02  -2.01117175e+00  -6.94179847e-01
   4.40793681e-01  -3.26082355e-01   1.26378178e-01  -1.02315103e-01
  -8.21096900e-01  -2.41821896e-01  -8.17921527e-01   1.97535727e-01
  -1.31895078e-01  -1.46010299e-01   1.22923655e-01  -9.31026271e-01
  -2.10120049e-01  -3.39136604e-01   2.27647271e-01  -1.01566006e+00
  -5.98159727e-02  -1.57831718e+00   1.34436293e+00   1.02396010e+00
   2.53099072e+00  -3.42142421e-01   2.94098673e-01  -6.93080242e-01
   6.13214542e-01   1.48988298e+00   8.42426974e-01  -4.08682794e-01
  -9.99448558e-01  -1.18885560e+00  -9.22172909e-01   8.23848797e-02
  -2.05713079e+00   2.51765712e+00   1.37887169e+00   1.44513652e+00
  -6.02870227e-01   8.35713685e-01   2.39251326e+00  -5.75164120e-01
  -7.39208705e-01   2.20234620e-01   6.01398551e-02  -5.31622409e-01
   1.11501049e+00   1.89126179e+00  -7.97994177e-01  -6.50853170e-01
   1.22783769e+00   2.47034779e+00  -9.28054174e-01  -8.92915385e-02
   7.29822066e-03  -8.59213366e-01  -4.17315204e-01   8.31867011e-01
   5.12307196e-01   5.25402716e-01  -2.14064964e+00  -1.09277597e+00
   1.54244814e+00  -1.12123023e+00  -8.26028781e-01  -1.03131115e+00
   1.66697540e-01   9.33499373e-01   1.59969014e+00  -1.40673114e-01
   1.80557927e+00  -4.28661769e-01   1.90422967e+00  -7.06933396e-03
   1.52516353e+00   2.23032354e+00   6.20965741e-01   6.59269988e-01
   9.17111306e-01   4.32041614e-01   5.20358240e-01  -8.44218084e-01
   1.26566285e-01  -1.23201129e+00  -2.47066738e-01  -4.84203556e-01
  -6.81273529e-02   1.51428121e+00   4.03951182e-02  -4.09212670e-01
   1.04654353e-01   1.33438648e+00  -1.88800999e+00   3.14387059e-01
  -6.32199109e-01  -1.30641988e-01  -3.40776796e-01   1.75030168e+00
   1.03077817e+00  -6.25455909e-01  -5.17603142e-02  -6.65997016e-01
   6.42438869e-01  -1.60294952e-01   6.35916592e-01  -4.21947341e-01
  -6.69029808e-01   8.80075371e-01   2.87717636e-01   1.66172537e+00
   9.79682039e-01  -1.93344560e-01  -2.35993435e-02   1.39712574e+00
   4.55094476e-01  -1.18549430e+00   6.61788616e-01  -9.27414620e-02
   1.81833210e+00  -1.83558566e-01  -3.07912623e-01  -1.27259633e+00
  -5.32253060e-04   2.82455029e-01   3.66678345e-01   1.39374617e+00
   3.76529935e-01  -7.60925017e-01  -7.03906482e-01  -1.07893611e+00
   4.73295834e-01  -5.03471158e-01   1.03968499e+00  -8.80385806e-03
  -8.33666100e-02   1.77235129e+00  -8.02814882e-02  -2.14424399e+00
  -2.31486146e-01   3.15173805e-02  -9.80748587e-01  -1.10169179e+00
   1.00805505e+00   1.28029065e+00  -7.24952085e-01  -8.36807260e-01
  -1.27572200e-01  -6.27835761e-02   1.07737757e+00  -6.52492852e-01
  -1.73385024e+00   1.20907579e+00   1.57506025e+00   8.64096582e-01
  -5.16054012e-01  -1.76896501e+00   5.95950434e-01  -3.00728309e-02
   1.75881593e+00   4.85897144e-01  -2.13971974e+00   2.19492776e+00
   3.45316931e-01  -1.81735773e-01   8.75815088e-02  -5.06522925e-01
  -1.71732987e-02  -3.45962690e-01  -2.88994087e-01  -9.91057308e-01
  -5.76782152e-01   2.06439096e-01  -8.34492796e-01  -1.54214416e+00
   1.04511913e+00  -8.53557585e-02  -1.38287584e+00  -8.64571808e-02
  -9.43698309e-02   1.93337955e+00  -7.61024081e-01  -1.57388655e-02
  -2.09931825e-03  -1.04832197e+00  -8.16654178e-01  -4.36152936e-01
  -1.15675439e+00   1.54792986e+00   9.56200170e-01   1.74859506e+00
   5.91546179e-01  -1.14313646e+00   1.16958218e+00   1.30243864e-01
  -8.63862168e-01  -1.21293069e+00  -1.65246263e+00  -1.01225644e+00
  -8.89572554e-01   2.17197653e-01   1.13934568e+00  -2.84986374e-01
   1.36151357e+00  -4.58336774e-01   1.18356967e+00   2.01323263e-02
  -1.94239751e+00   3.97190276e-01  -3.54917432e-01  -2.03142176e+00
  -8.12179632e-01   2.21676926e+00  -3.99131298e-01  -1.75764785e+00
  -1.25073266e-02  -3.80848596e-01   1.07442761e+00  -1.28675282e+00
   1.44024747e-01  -1.79504547e+00   1.32110314e+00   1.17557284e+00
   7.00596820e-01   9.37077391e-01   3.25599728e-02   1.35592749e+00
   4.68134470e-01  -1.08817979e+00  -3.43229550e-01   6.74827776e-01] [  3.23417879e-01  -9.51400163e-02   6.13883579e-01   4.95729830e-01
  -3.74025137e-01   9.27435880e-01  -1.05192949e+00   1.56456924e+00
  -1.21466166e+00  -1.01103139e+00   9.69589975e-01   4.33025820e-01
  -8.17750404e-01   9.95275477e-01  -5.59178918e-02   7.18255350e-01
  -2.48131050e-01   1.16691004e+00  -1.40601368e+00   6.57644587e-01
  -2.69257509e+00   8.76617394e-01   4.29811976e-01  -7.76011826e-01
   6.84975330e-01  -7.35051269e-01   5.65727682e-01   1.41158604e-01
   1.20590447e-01  -4.05279200e-01  -4.91161106e-01   2.36555798e-01
   1.12513311e+00  -1.49996437e-02   1.45316206e-01   4.34558096e-02
   5.67704787e-01   1.46013596e+00  -1.85171646e-01  -9.39521709e-01
  -1.32536535e+00  -2.63293909e-01  -8.52265310e-01   1.10164134e+00
  -1.71673356e-01   9.32643107e-01  -1.71437923e-01   1.89065785e-01
  -3.16672546e-03  -4.36097419e-01   7.95784467e-01   1.35143609e+00
  -5.16953281e-01  -1.81027675e-01   8.78928959e-03  -1.10827831e+00
   1.35816438e+00  -5.40000213e-01   1.19642592e-01   1.24776615e+00
  -8.88241266e-01   9.85047924e-01   1.03390109e+00   2.19174601e-01
   1.52493260e-01  -3.31798196e-01  -1.58968597e+00   1.29584363e+00
   3.70025273e-02  -1.46451084e+00   1.05132133e-02   6.59765111e-01
   7.26176311e-01   1.70030364e-01  -4.21237142e-01   9.47290136e-01
   3.85216898e-01   3.39758311e-01   2.14593541e-01  -1.88781756e-01
   3.63670053e-01  -1.18944260e+00  -5.45425347e-01   5.66509804e-01
  -8.59775730e-02   3.94378417e-01   1.61538893e+00  -1.01742582e+00
   7.07632626e-01   1.61324696e+00   7.49346212e-01   1.70178469e-01
  -2.54356920e-01   8.41826502e-01  -7.66065171e-01   7.99114323e-02
  -4.79849347e-01  -8.28109090e-01   8.53203285e-01   6.46746117e-01
  -4.02182515e-01   6.18499075e-01  -1.26548730e+00   7.41108491e-01
  -6.91525823e-01   7.97685289e-01   6.88302712e-02  -3.91977845e-01
   7.69651255e-01   7.54942694e-01   4.76218078e-01   6.06360236e-01
  -1.58002111e-01   4.82777212e-01  -1.31157014e+00  -9.06396631e-01
   7.88463580e-01  -4.03668385e-01  -1.59838731e-01  -3.05379825e-01
   3.68965113e-02  -3.66381106e-01   4.61094977e-01  -1.90692107e+00
   1.32585498e+00  -3.81213634e-01   4.93186008e-01   3.86652038e-01
  -2.43795081e-01   7.49776417e-01  -4.22110613e-01   3.62191825e-01
   7.31032787e-01   4.40570305e-01   8.41886168e-01  -5.19112346e-01
   8.53556014e-01  -4.48744956e-01   7.81551737e-01  -1.21291925e+00
  -5.31108185e-01  -1.20634664e+00   6.11929888e-01   1.21463764e+00
  -2.26200406e+00   7.70182601e-01   3.12817591e-01   3.28827646e-01
  -2.55946307e-01  -6.84934691e-01   4.78428822e-01   9.55731668e-01
   4.54753122e-01   5.40161017e-02  -1.06188005e+00   7.44842768e-01
  -1.14534284e+00   7.24254426e-01  -1.23710975e+00  -2.70587161e-01
  -5.01555539e-01  -3.96259679e-01  -1.23125262e+00  -7.47693278e-01
   7.60337682e-01  -1.09998191e+00  -5.81022708e-01  -4.23891781e-01
  -7.35876435e-01  -1.50436495e+00  -1.31986575e+00   1.62214092e+00
   1.80353678e-01   5.98412439e-01   1.77189345e+00  -1.27740265e+00
   8.28251893e-01  -3.51049236e-01   2.87077145e-02  -1.47385410e+00
   8.74412421e-01   2.89960588e-01   1.19657027e+00  -3.81009012e-01
  -1.98733444e-01  -6.14140956e-01   6.69604621e-01   1.23352802e+00
  -1.65875380e+00  -8.99246988e-02  -1.05488866e+00   1.01463355e+00
  -1.29361572e-01  -3.90792113e-02  -1.80058405e-02   4.46728496e-01
  -1.07113046e+00   2.00436857e+00  -1.42579367e-01   7.06368737e-01
   2.09689324e-01  -1.34874589e+00   1.28213177e-01   2.04157447e-01
  -3.84543208e-01   6.22060477e-01  -4.68437401e-01  -2.75353505e-01
  -7.47334466e-01  -1.22887543e+00  -3.77489292e-01   8.99344524e-01
  -1.14543092e+00   1.13981756e-01   6.56038887e-01   4.69872738e-01
   1.00378612e+00  -5.00409078e-01   2.84696823e-01  -8.68547425e-01
  -1.35937289e+00  -1.68532704e+00  -7.77375244e-01   1.13623260e+00
  -1.40809702e+00  -1.31785913e+00  -8.71227346e-01  -4.82842908e-01
   4.55279526e-01   3.79777742e-01  -7.38681332e-01  -1.23047634e+00
   8.05138882e-01  -2.62843737e-02   1.01343783e+00  -4.60359887e-01
   2.96171734e-02  -1.82262085e-01  -2.02387713e+00  -2.40072718e-01
   1.20024351e+00  -4.55948171e-01   8.37560426e-01  -6.01370102e-02
  -1.15903971e+00  -2.97449000e-01  -1.02460405e+00  -1.00447897e-02
  -1.27888323e+00   1.74997617e-02  -2.08842450e-01  -1.33715267e+00
   1.01599009e+00   1.09384199e+00   7.74596213e-01  -1.91036576e-01
  -3.87893580e-01  -7.46659171e-02   5.26912162e-01   4.63587222e-01
  -1.19662657e+00   4.11924688e-01  -1.70405238e-03   8.50082440e-02
  -3.62428880e-01   4.99877819e-01   1.42309731e+00   6.02136761e-01
  -1.26600924e-01  -7.41661599e-01  -5.72495054e-01  -3.09822523e-02
  -3.69928798e-01  -3.00571109e-01   3.06001383e-01  -2.28840916e-01
   1.56469870e-01   3.56282943e-01  -1.42138595e-01   4.60441494e-01
   1.36325175e-01   1.40133409e+00   1.49148743e+00   3.08717038e-01
  -5.92072642e-02   6.18303812e-01   1.04909996e+00  -8.03900682e-01
   4.28043022e-01  -1.58645852e+00  -1.70712672e-01   2.48201740e-01
   6.54067015e-02   1.29308209e+00   2.79910293e-02  -1.36440427e+00
  -1.07757778e+00   3.62191144e-01  -7.86910426e-01  -4.23350226e-01
   4.71692246e-01  -8.22154013e-01   7.66354537e-01   1.10296308e+00
   9.63650557e-01   6.93154084e-01  -2.76671812e-01  -1.11486102e+00
   2.83125598e-01   6.16920482e-01   5.95285313e-01   3.52258772e-01
   1.03833234e+00  -2.24526481e+00   1.23358072e+00  -2.51417938e-01
  -2.63748682e-01  -1.12236869e+00   7.24627094e-02  -7.44150716e-01
   5.42342154e-01  -5.86873828e-01  -1.72117790e+00  -1.46061158e-01
  -1.20894131e+00   8.15754373e-01  -2.87942128e-01   9.97379074e-01
  -4.80790424e-02   7.21320445e-01   7.89596477e-01   6.36572074e-01
  -3.35030837e-01   4.42808610e-02  -8.06416820e-01  -1.04707058e+00
   1.03600668e+00   9.30231522e-02  -2.26811223e-01  -1.67390881e+00
   9.74162028e-01   1.56888868e-01  -3.18403091e-01  -1.25502004e-01
   3.50905463e-01  -1.16743736e+00  -9.93709479e-01  -1.06775273e+00
  -3.34135622e-01  -1.11520365e+00   3.18508767e-01  -7.90809396e-01
   4.07937085e-01   1.14066988e-02   8.25770989e-01  -1.98988243e-01
   6.21516851e-01   2.06809153e-01   7.87451880e-01  -1.18665705e+00
  -4.99652347e-01  -1.04252509e+00   1.59482691e+00  -4.57614152e-01
   1.99657135e-01   1.22269581e+00   1.05812348e-01  -2.20906472e-01
  -4.00334670e-01   8.76991888e-02  -1.81006519e-01  -3.16924299e-01
   1.65895217e-01   7.02061360e-01  -1.01482291e+00   8.02110729e-01
  -1.61902678e+00  -1.12311561e+00  -2.62052557e-01   1.11280470e+00
  -1.07039507e+00  -1.20320141e+00   3.40534248e-01   1.00161493e-01
  -1.24946082e-01  -1.92954753e-01   8.14989918e-01  -2.67696237e-01
   1.50844058e-01  -1.42278992e+00  -2.14758273e-01  -8.44346480e-01
  -2.02308465e-01   6.64021347e-01   1.26444990e-01  -6.30797837e-01
  -2.56349890e-01   5.85251520e-02   3.78845399e-01   2.04535664e-01
   4.87746061e-01  -8.20516358e-01   6.06870942e-01  -1.75836900e+00
   2.72228112e-01  -2.50456111e-01  -6.69441475e-01  -1.32266674e-01
  -9.02707243e-01   4.01401744e-01   1.38724252e+00  -3.14908487e-01
   1.56226773e-01   1.35409777e+00   2.21516049e-01   1.82421965e+00
  -9.41402788e-01  -4.73138655e-01   1.35680423e-01   7.59894060e-01
  -9.97778459e-01   5.38048665e-01  -1.87852211e-01   4.82754017e-01
  -3.54171614e-01  -1.66608094e-01  -4.33062955e-01   1.93832538e-01
   2.22874909e-01   9.04442232e-01  -4.43279320e-01   5.83460833e-01
   6.15935975e-01  -1.29156835e+00   5.37409949e-02  -9.91676758e-02
  -1.13850354e+00   3.13134022e-01  -8.56178213e-02   1.58609980e+00
  -9.29233862e-01  -3.81299988e-02   2.44890667e-01  -3.06061426e-01
  -1.96831446e-01  -5.82512736e-01   8.97774148e-01   1.66648409e+00
  -7.95968376e-01  -1.26413301e+00   4.70556707e-01   3.35342352e-05
   7.10504842e-01   8.42632236e-01   1.12674032e+00   4.72433604e-02
  -3.76260461e-01   1.58208865e+00   3.72774910e-01  -1.83259260e+00
   9.43989588e-02   6.66786684e-01  -1.20610449e+00   9.44358262e-01
  -1.28214434e-01  -9.23348872e-01   5.77893548e-01   6.13833964e-01
   2.37166563e-01  -1.63903573e-01  -1.14823252e+00  -7.38945494e-01
   8.80714368e-01  -2.74314723e-01  -1.59901023e+00  -1.06174063e+00
  -5.79849595e-01  -8.94423614e-02   4.09229948e-01  -1.62120090e-01
  -2.86811831e-02   9.26690425e-02  -5.25750552e-01   8.12956624e-02
  -9.95957442e-01  -2.86413762e-01   3.50848679e-01   6.41447506e-01
   2.32605523e-01  -1.93303832e-01   1.25479198e+00   1.46041022e+00
  -1.19684275e-01   6.29970467e-01   1.33994512e+00  -5.04336250e-01
  -6.09678993e-01  -1.43746796e+00  -1.11958249e+00   3.52648302e-03
  -1.08229204e+00   1.28266129e+00  -8.39871809e-01  -3.17425387e-01
  -1.83867606e-01   8.08080821e-01  -9.36784598e-01   8.26158691e-01
   2.41409667e-01  -1.29063663e-01  -1.51252195e-01   5.33116893e-01
  -1.29841109e+00   1.79454565e-01   6.93878357e-01  -5.38520881e-01
   3.17538152e-01   7.02605891e-01   7.36575737e-01   3.03651296e-01
   1.54662106e-01   1.41446438e-01   1.30584855e-01   4.47281073e-01
  -3.07913522e-01   4.51537510e-01  -3.30221020e-01  -1.82258879e+00
  -3.55379758e-01  -1.77168086e-01  -6.69632069e-01   7.73394813e-01
   1.34080788e+00   1.05287024e-01  -5.94960526e-01   1.74348405e-01
   2.20477281e-01  -8.90904239e-01  -2.38656499e-01  -1.46034528e+00
  -5.37190965e-01   5.02271513e-01   7.15669711e-01   1.62821310e+00
   6.65075006e-01  -1.31483146e-01   1.11447487e+00  -1.76824182e-01
   1.63651020e-01  -3.38596961e-02   1.01264876e+00   1.16773395e-01
   2.26978003e-01  -9.40269740e-01  -2.14874419e+00  -2.11570431e-01
   4.69083740e-01  -9.59397510e-01  -1.08221349e+00  -4.21419966e-01
   2.14252023e-01  -2.97460356e-01  -7.91006105e-01  -2.24662421e-01
   1.13632859e+00   6.09193365e-01  -5.06138989e-01  -4.71865280e-01
  -5.46677284e-02  -1.66834904e+00   1.06999358e+00  -9.14841016e-01
   4.17505187e-01   6.40313634e-02   6.71153908e-01  -1.86260747e+00
   5.62138774e-01  -7.68605320e-01  -1.27669812e+00   5.55354533e-01
   2.22161424e-01   9.29967247e-01   2.67547593e-01  -1.22027511e+00
   2.76002983e-01   8.42508079e-01  -1.08161360e+00   2.37743406e-01
  -5.63674509e-01  -9.49975512e-01   3.45789403e-01   1.92218922e-01
   1.05123701e-01  -1.14657810e+00   5.52249419e-01  -3.98541496e-01
   7.61677810e-01   1.26448040e+00  -2.38286734e-01  -7.89735926e-02
  -3.76003830e-01  -6.43626231e-01   1.86179522e+00   1.85084485e+00
  -1.65154069e-01   1.26839054e-01   1.26173159e+00   2.96525582e-01
   6.53188689e-01   6.07926125e-01  -4.41463349e-01   2.55745908e-01
  -6.22400535e-01   4.52523018e-01  -1.17474876e+00   1.02591706e+00
  -1.28171478e+00  -1.45565060e-01  -9.52190326e-01   6.87465006e-01
   1.80238669e-01  -1.42322441e+00   3.29263503e-01   1.22383293e+00
   1.15436247e-01  -6.66073198e-01  -1.85134110e-01  -1.90093859e+00
  -4.24391754e-01   5.36739349e-01   1.46967151e+00   1.18027223e+00
   1.04124938e+00  -8.76007178e-01   1.33535324e+00   6.44926973e-01
  -1.08404837e+00  -7.38064721e-01  -1.93928977e+00  -7.63671849e-01
   7.27692777e-01  -2.90125247e-01   8.74960023e-01  -1.42216001e+00
   1.48787006e+00   6.60790980e-01  -9.95281465e-01   8.56642523e-01
   5.92443511e-01   4.29980770e-01  -3.10753451e-01  -1.09996822e+00
  -6.92199890e-02  -8.75384966e-01  -1.00838449e+00  -1.31911297e-01
  -4.01770549e-01   6.43268223e-01   1.49095193e+00   1.60378467e+00
   1.08965904e+00  -2.38913061e-01  -3.13102959e-01  -1.44775167e-01
   4.48743772e-01   1.64155765e+00   3.75600045e-01   6.27776119e-01
  -7.49840036e-01  -6.61357065e-01   8.02950045e-01  -6.28178176e-01
  -1.84845742e+00   1.21161952e+00   1.47665225e-01   1.65818356e-01
  -8.24459809e-01   1.09920513e+00  -8.15052010e-01   3.10041077e-01
   5.84682966e-01  -5.96967700e-01   6.92687276e-02  -8.86074983e-01
   3.28388417e-01   5.95740944e-01   1.29930821e+00  -1.17428434e-01
   8.74334739e-01   5.26449379e-01   8.62876076e-01  -6.83652996e-01
   1.14894773e+00  -8.66446665e-01  -8.90015035e-01   1.50127121e+00
  -6.38189966e-01   9.70059890e-01  -2.03066708e+00  -3.33753353e-01
   2.49653901e-01   1.07831159e+00  -2.04456285e+00  -7.22728049e-01
   3.48881261e-01   7.60974191e-01  -2.03455763e-01   3.87745633e-01
   2.13370628e+00   1.22300862e+00   8.89870829e-01   7.39874691e-01
   1.74267323e+00   3.70605038e-01   7.53842724e-01   1.57364974e+00
   1.48419402e+00  -7.09004803e-01   4.44256212e-01  -1.88544136e+00
  -7.44530582e-02  -6.91006357e-01  -1.82775938e-01   7.70594882e-01
   8.85211114e-01   4.56070848e-02   6.92333599e-01  -9.26205318e-02
  -1.00626059e-02  -1.45995927e+00  -1.84953197e+00  -9.91644597e-01
   9.44950731e-01  -5.11237540e-01   3.51226190e-01   7.46653774e-03
   1.19222789e+00  -7.62740468e-01   7.75671656e-01  -1.16303744e-01
   1.08993285e+00  -2.53773413e-01   7.25253451e-01  -1.39795076e-01
   1.22075086e+00   3.56994393e-01   3.28276103e-01  -9.88949054e-01
   1.53158767e+00   5.16722067e-02   1.05050529e+00   1.91642394e-01
   1.25470540e+00   2.53466416e-01   2.00621380e-01  -1.15288360e-01
   4.59159722e-01   3.40164962e-01   2.36729383e-01  -9.34602662e-01
   2.27278311e-01  -1.29986130e+00   3.41171063e-01  -1.12053575e-01
  -9.41696647e-01  -6.70096763e-02   1.08125404e+00  -1.68476614e+00
   8.13565494e-01   5.58763139e-01   6.44995428e-02   3.14515648e-02
  -1.02672236e+00   6.00371993e-01   6.07570887e-01   3.80367974e-02
   1.23842663e+00  -4.26798239e-02  -3.70677978e-01  -1.30225747e+00
   8.28949628e-01  -7.86836985e-02   5.43570206e-01   1.17869415e+00
  -2.10348868e-01  -4.91152482e-01   7.55760238e-01  -5.78700682e-01
   5.19293257e-02  -4.93446113e-01   6.63760530e-01  -1.07125351e+00
   2.86179532e-01   5.02182201e-01  -5.21334545e-01  -1.76607440e+00
   1.21672695e+00   3.73861811e-01   4.82033063e-01  -3.90668069e-01
   1.45510483e+00  -6.36214769e-01   1.19469043e-01  -5.27490089e-01
   1.11828269e+00  -7.67857730e-01  -1.19132559e+00  -1.04387518e+00
  -2.10293660e+00   1.15180548e-01   5.28810989e-01  -6.29152401e-01
   3.99716141e-01   6.98025766e-01  -6.84224474e-01   8.77298671e-01
  -1.14056206e-01   9.70931783e-02   4.15001952e-03   8.44968963e-01
   1.01174266e+00  -7.37627137e-01  -1.32983989e+00  -2.64984144e-01
   2.93291378e-01   2.21573639e-01   2.00134830e-01   1.21104549e+00
   1.28675231e-01  -6.60966044e-01   3.57897412e-01   6.74360442e-01
   1.76342642e-02  -1.97286371e-01  -8.98801817e-01  -1.12254248e-01
   1.41960081e+00  -8.61850013e-01  -6.20024614e-01  -7.00356025e-01
   4.56492319e-02   1.13910229e+00   1.12015786e+00  -1.05005968e+00
  -4.69432393e-01  -4.81119020e-01   7.14885117e-01  -1.30054788e+00
  -1.87591632e+00   1.07853986e+00   1.27456491e-02  -1.70356089e+00
   3.98680480e-01  -8.07053292e-01  -3.01462645e-01  -5.20401763e-01
   1.34475101e+00   3.47220791e-02   2.37789535e-01   4.22824542e-01
   8.40152215e-01   4.72355313e-02  -9.47996858e-01  -3.83650499e-01
  -1.87099178e-01  -1.16585200e+00  -2.17394176e-01   1.50574372e+00] [ -3.80249616e-01  -1.71845539e+00  -9.59757851e-03   1.65653749e+00
   7.61496064e-01  -1.28187025e+00  -1.28251587e+00  -1.72283576e+00
   1.03049626e+00  -2.95806869e-01  -1.60371038e+00   2.46639834e+00
   7.53164725e-01   2.14340705e-01   1.19900136e+00   1.84099152e-01
   1.47212038e+00  -5.76156394e-03  -1.04462174e+00   1.49591264e+00
   1.99301586e-01   7.06026648e-01  -1.22535702e+00   7.05951539e-01
  -6.01149834e-02   3.89478408e-01  -1.21772978e+00  -1.53646538e+00
  -5.45557591e-01  -1.54739531e+00   1.02389464e-01  -5.50686452e-01
  -2.26005745e+00  -1.05466985e+00   2.31873649e-01   7.82258638e-01
   3.92084971e-01   2.91802921e-01  -2.28235702e-01  -9.30592869e-01
  -1.27321956e-01  -5.10211835e-01   3.32025379e-01   7.11858894e-01
   7.57555903e-01  -8.82241923e-01   1.68727324e-01   1.48929917e-01
   6.71264619e-01   2.30518984e+00   1.94094928e+00  -7.03088852e-01
  -1.04305212e+00   2.77893241e+00   1.64788499e+00   2.53961601e-01
  -1.12013851e+00  -2.96716069e-01   1.85118390e+00  -1.20109237e+00
   1.43918214e+00  -1.07526183e+00   7.81281672e-01   5.73891634e-01
   1.29090095e+00   2.48076944e-01   5.14760217e-01  -5.31866596e-01
  -3.92304070e-03   2.14233915e+00  -1.61955667e-01  -1.43060677e+00
  -7.65495269e-01  -2.46543574e+00  -4.93142198e-01  -2.49848355e-01
   1.58605359e+00  -8.76561071e-02  -3.96432888e-01  -9.61947455e-01
  -8.34108159e-01   8.70128227e-01   1.09743847e+00   3.26909902e-01
   2.04392755e+00  -3.44462807e-01   2.06969203e-01  -2.22288573e+00
  -4.60895041e-01   5.20334464e-01  -3.65165583e-01   5.57454699e-01
   1.43243794e+00   7.94286770e-02   3.94867360e-01  -4.12509394e-01
  -1.07822602e-02  -9.48563066e-02  -1.26785468e+00  -2.07735555e+00
  -1.12872560e+00   2.40738975e-01   9.75997001e-01  -1.18270469e+00
   2.24310286e+00   3.02999017e-01   7.27183640e-01  -1.66811128e+00
  -8.52473681e-01  -9.49305580e-01  -1.02550631e+00  -1.80035130e+00
   4.83682433e-01  -9.56361648e-02  -1.01927227e+00   2.57433678e+00
   1.84054603e+00  -1.60747394e+00   3.83673799e-01   2.99605427e+00
  -2.21112398e+00  -1.13071042e+00   1.39913557e-01   8.08677223e-01
  -1.60531576e+00  -1.44966742e+00  -3.60993879e-01   1.89726068e-01
  -3.80410640e-01  -1.41075583e+00   2.80115876e-01   8.30560534e-01
  -2.49789942e+00  -9.15128001e-01   3.07056693e+00   5.90570112e-01
  -7.42367458e-01  -9.48778436e-01  -8.55035592e-01   6.61974411e-01
  -6.45112868e-01  -6.19151138e-01   2.61411136e-01  -1.90367578e+00
   1.28938342e+00   1.28163918e-01   9.46762183e-02   1.43855245e+00
  -7.32495975e-02   1.29143173e+00   3.78311363e-01   1.15547299e+00
   1.11635356e+00  -4.66314901e-01  -2.53909484e-02   1.39303070e+00
  -2.01893025e-01  -7.68041856e-01  -1.36796982e+00   6.91375376e-01
   1.28496255e+00   5.11575670e-01   3.07678827e-01   2.61348591e-01
  -8.79555674e-01   4.46372531e-01   1.91646828e+00  -1.89032571e+00
   8.86891007e-01   7.96738931e-02   1.51783451e+00  -1.01811391e+00
  -1.28288902e+00  -1.39385153e+00  -1.73076046e+00   1.03635230e-01
   1.71247988e-01  -5.29172702e-01  -4.67587541e-01  -7.78912899e-01
   7.29880447e-01  -1.35897065e+00  -7.31348981e-01   2.18653472e-01
   1.06545050e+00   5.87769406e-01  -2.61179827e-01   1.94913373e+00
  -1.22475370e+00  -1.45137750e+00   1.45430721e+00  -4.64693314e-01
   2.20152329e+00  -1.64387040e+00   2.26547857e+00  -2.48120439e-01
   5.64226188e-01   3.09284215e-01  -8.92249881e-01  -8.61654388e-01
  -1.56501826e+00   1.35241211e-01   1.34926649e+00  -6.92081418e-01
   8.51665027e-01  -6.22398397e-01   8.95874371e-03   1.38423704e+00
   1.76562539e+00  -1.98322772e+00   4.12902546e-01  -1.17978383e+00
  -6.99439062e-01   9.66196370e-01   6.40896814e-01  -1.57847374e-01
   1.24230333e+00   1.58314546e+00  -3.07594460e-01   2.05320330e+00
   4.13617340e-01  -6.08366782e-01   1.94891288e-01  -3.63549216e-01
   6.68261072e-01  -3.91900510e-01  -5.30775822e-01   2.35521822e-01
  -1.07544013e+00   9.65021571e-02   1.30225779e+00  -1.52284475e+00
  -9.31989631e-01  -7.66275523e-02   1.26135746e-01   8.24443336e-02
   8.17703821e-01   1.54360543e+00   3.78189181e-01   2.19459994e+00
  -1.68356591e+00   2.23293008e+00  -1.50578521e+00  -8.69296181e-01
   2.52508770e-01  -2.08175058e-02  -2.10919363e-01   3.75047835e-01
   9.14147610e-01   1.40243035e-01   5.82557678e-01  -2.16774764e+00
  -4.95400994e-01  -1.27178323e-01   2.17406559e+00  -9.65224584e-01
   1.43478684e+00  -1.93144692e+00  -1.28814567e+00  -1.49598922e-01
  -1.72076156e+00  -1.04560489e+00   7.20378907e-01   4.11744474e-01
   5.11381270e-01  -1.22454301e+00  -6.93115665e-01  -1.60845527e+00
  -1.85749235e-01  -6.41405801e-01  -2.03973170e-01   1.80406987e+00
  -2.25620812e-01   1.78965578e-01   7.19728158e-02   5.69795944e-01
   1.40315257e+00  -7.27950322e-01   9.67790775e-01  -2.78158050e-01
   4.52151668e-01   1.65307463e+00   2.30927879e+00   1.62563417e+00
   5.88633082e-01   8.21913249e-01  -4.98373571e-01   6.93373844e-01
   7.22000180e-01  -2.68972029e-01   3.16621183e-01  -4.02412767e-01
  -5.70308649e-01   5.49862165e-01   1.60315005e+00   8.13908216e-01
   2.44027402e-01  -1.18460438e-01   1.43581235e+00   1.43430986e+00
   3.20913701e-01  -9.72759611e-01  -2.19129055e+00  -4.43903203e-01
  -1.97111717e-01   7.70369272e-01   4.75887367e-01  -1.06037370e+00
  -3.72794424e-01  -1.02616918e+00   9.92612548e-01   1.56467615e+00
  -1.55014197e-01  -2.35073406e+00   3.83871972e-01  -7.62154064e-01
   9.73674973e-01  -1.40240093e+00   6.57704566e-01   1.07946340e+00
   2.97910450e-01  -1.56958161e+00  -1.86693096e+00   1.23434755e+00
  -1.07228232e+00  -1.50163799e+00  -2.00506401e-01  -8.59973113e-01
   1.69538266e+00  -2.20985564e+00   8.74017149e-01  -1.14076052e+00
  -3.27410788e-01  -8.55632350e-01  -6.49383037e-01  -1.41671751e-01
  -5.93967427e-01   2.03614688e+00   2.61038450e+00   8.92634875e-01
   1.51898441e+00  -1.40074161e+00   2.39430730e+00   1.31629242e-01
  -3.52136457e-01   2.85301280e-01   1.78619112e+00   4.05288256e-01
   4.05644654e-01  -1.38292814e+00   7.19123500e-03   1.72723644e+00
   1.31228915e+00  -4.05293424e-01  -5.84434107e-01   3.47253484e-01
  -1.70148787e+00   5.65747008e-01   1.04360360e+00   2.48437514e-01
  -1.23693830e+00   2.02866925e+00  -5.03399279e-01   1.66875333e+00
   2.35790017e-02  -1.08364113e+00   1.19247328e+00  -1.60219749e+00
   1.41729813e+00  -4.24988195e-01   4.34557840e-01   2.32586747e+00
  -1.21885190e-01   1.57948947e+00  -4.68576981e-01  -3.14309327e-01
  -3.09220374e-01   7.97616517e-01   3.49766201e-01  -2.83822997e-01
  -8.82638543e-01  -2.15892768e-01  -2.00482022e-01  -3.13957909e-01
  -9.31032523e-01   1.26804865e+00  -9.70732929e-01  -7.30159842e-01
   6.41686035e-01   1.45425672e+00   1.89787259e-01   1.05737462e+00
   2.67591702e-01   2.30435726e-01  -1.39725129e+00   2.26295320e+00
   7.82205290e-01  -1.23775092e+00   9.81241091e-01   3.07968152e-02
   1.01089530e+00   1.16046639e+00  -4.25070197e-01   2.23749203e+00
  -2.37384214e-01   8.25787117e-01   1.31120783e+00   2.30845823e+00
  -1.30348904e+00  -9.11951680e-01  -1.36241933e+00   9.28152748e-01
  -2.32828643e+00   3.48024820e-01   3.82465775e-01  -1.66747968e+00
  -1.72914397e+00   1.53989777e+00   4.85458960e-01  -8.51767769e-01
   1.03596706e+00  -7.50963987e-01  -9.98891149e-01  -1.41243849e+00
  -1.17448566e-01   1.46138532e+00   1.39408211e+00  -1.32655796e+00
  -1.17492872e+00   7.21738267e-01   7.80794216e-01  -1.26078241e+00
   1.29189844e-01  -1.02415371e+00   2.15864184e+00   4.85049709e-01
  -6.99984762e-02  -8.33161994e-01  -8.27530046e-01   1.36576728e+00
  -1.51055597e+00   9.74109694e-01   2.17072385e+00   1.71459000e+00
   2.35126343e+00   3.98206549e-01  -2.17099850e+00   5.80018203e-01
  -1.27026376e-01   1.58099741e+00   1.63027330e+00   5.92123820e-02
   1.99264626e-01  -3.41212577e-01   2.18241090e-02   6.46466686e-02
   5.36171743e-02  -5.59239358e-01  -1.23902906e+00  -1.26655942e+00
   4.45194204e-01  -6.43594733e-01   1.76283979e+00  -9.83604485e-01
   9.00129418e-01   1.48844376e+00   1.00587833e+00  -5.07439130e-01
   7.41558082e-01   1.10251399e+00   1.99147838e+00   6.36615316e-02
   6.75015377e-01  -5.31557388e-01   1.52773654e+00  -1.27902401e+00
   9.09843946e-01   1.62126241e+00   9.86325237e-01   9.71484066e-01
  -5.79367531e-01  -1.67385031e-01  -8.80392740e-01  -2.36111444e-01
  -6.14530706e-02   1.04923651e+00  -6.87271842e-02  -4.95780889e-01
   1.54741810e+00  -1.18287056e+00  -7.46795618e-01   9.62021472e-01
   1.94322776e-01  -1.50564774e+00   1.24873753e-01   2.66263822e-01
   3.06726628e-01   3.95566191e-02  -6.85237626e-01   2.20505231e+00
  -8.81146759e-01  -7.47531361e-01  -6.65402967e-01   1.26019387e+00
  -2.91347290e-01   1.04123190e+00  -1.66356820e+00  -4.87912216e-01
   4.18664553e-01  -3.79854644e-01  -1.22113609e+00   3.54543665e-01
   1.88731720e+00   2.26603384e-01   2.38106503e+00  -2.79018439e-01
  -2.98310265e-01  -1.41185341e+00  -3.48246066e-01   1.41506797e-01
   6.04849043e-01   4.91946559e-01  -4.46302912e-01  -9.05363732e-01
  -5.75495675e-01  -2.07538117e+00   2.32669860e+00  -2.09000941e-02
   4.68332597e-01   1.24800703e+00   7.11678213e-01  -8.37125671e-01
  -4.65319036e-01   1.90909553e-01  -5.96938213e-02   1.02286636e+00
   6.16810453e-01   1.72529419e-01  -5.55995511e-01  -4.00299091e-01
   3.38251938e-01  -4.05917424e-01  -1.23248737e+00   5.23940369e-01
   4.75385405e-01  -2.10177140e-01   3.96033715e-01   5.74117912e-01
  -4.01373212e-01  -2.05757739e+00   7.14205072e-01  -1.04319360e+00
  -2.52066073e-01  -1.61150998e-01  -1.77692134e+00   1.98622507e-02
   7.27390216e-01  -2.88211793e-01   7.29527113e-01  -1.16884029e+00
  -1.21969890e+00  -4.76498680e-01   1.84524881e+00  -3.02918328e-01
   4.23906435e-01   2.73077755e+00  -1.24511019e+00   7.40603478e-01
   1.48126093e-01   1.45874645e+00  -9.41395236e-01   1.51406000e+00
   1.01423868e+00   6.46668859e-02  -9.80440289e-01   1.36225823e+00
  -7.21685345e-01  -1.71543960e+00  -5.80303011e-01  -8.40800395e-01
  -4.12854336e-01  -1.66713491e+00  -4.12565576e-01   7.68872477e-01
  -1.12927359e+00  -9.90334201e-02   1.81956057e+00  -3.55810911e-01
  -2.24450835e-01  -2.36686195e-01  -9.25915604e-02   7.16625525e-01
   2.14063561e+00   1.32045040e+00  -3.65484929e-01  -9.45646676e-01
  -1.52713208e+00  -5.46935800e-01  -1.88080442e+00  -2.53685866e-01
   2.39664944e+00   1.40519485e+00  -8.75058888e-01  -9.38975657e-01
  -5.93881170e-02   9.96869237e-01  -5.21897703e-01  -1.43311914e+00
  -1.15761498e+00  -1.24112183e+00  -6.24962218e-01   1.26947107e-01
  -2.21183920e+00  -8.84797254e-01   9.71605040e-03   2.98256145e-01
   1.68098309e+00  -2.28082804e+00   8.68537256e-01  -1.55996244e+00
  -6.80670897e-01   6.56591305e-01  -1.30652108e+00  -1.83122905e+00
   1.20690759e+00   4.81970328e-03   5.21865763e-01  -3.97292452e-01
  -2.68145640e-01  -6.23249004e-01  -2.08345262e-01  -1.19056723e+00
  -1.41736808e+00  -8.60919067e-01  -1.26353512e+00  -2.11570298e-02
   1.84208568e-01  -5.42237817e-01  -6.98244080e-01   7.33095655e-01
  -1.39416633e+00  -7.52171743e-01  -7.88610926e-01  -7.04342110e-01
  -2.41341045e+00   1.89491648e+00   6.32462748e-01   2.40533764e+00
   8.85692787e-01  -1.90068444e+00   4.44093146e-01   1.33187233e+00
  -1.42186882e+00   7.69364819e-04   9.51881844e-01  -1.39526438e+00
  -7.51366562e-01  -7.50319271e-01   1.63040417e+00  -9.53514342e-01
  -7.86282138e-01   1.41299521e-02  -5.51575588e-02   2.77330036e-01
  -4.11436374e-01   5.72372378e-01  -1.24133768e+00  -5.46867676e-01
   1.02275653e+00  -1.02934713e+00   6.72536820e-04  -2.19973721e+00
   3.50643496e-02  -9.97656561e-01   7.56209716e-01   3.88300987e-01
  -1.24523779e+00   5.13914053e-01  -3.95165977e-01  -6.46294391e-01
   6.44532009e-01   1.57063658e+00  -4.28161565e-01   2.02912713e-01
   7.69767232e-02   7.83163087e-01   7.97814296e-01   5.90004044e-01
   5.10844936e-01  -9.58895531e-01  -2.14054844e+00   4.76388103e-01
  -1.17180347e+00   1.38350384e+00  -1.64030549e-01   1.80284296e+00
   9.34459320e-02  -6.50185654e-01  -1.05156646e+00  -1.91179607e-02
   1.01548119e+00  -1.13593134e+00   1.84347480e-01  -1.54926042e+00
  -1.99172489e-01  -6.80065861e-01   4.96646354e-02  -5.84629387e-01
   5.92021188e-01  -2.35422655e+00   1.24239439e-01  -6.29132585e-01
  -8.38552194e-01  -2.16578076e-01   2.12045572e+00  -4.33958943e-01
  -1.05147870e+00  -1.08990093e-01  -9.99282600e-01  -1.34472336e+00
   2.27937825e+00  -6.92042650e-01  -1.37698556e+00  -5.87468470e-01
  -1.66920623e+00   1.01958871e+00  -1.66507144e+00  -8.19486303e-01
  -1.53369640e+00   3.94992633e-02   5.53585970e-02   8.80988429e-01
  -9.72542252e-01  -1.12781226e+00  -2.07490218e-01  -1.57534285e+00
  -2.97893894e-01  -1.63278732e+00  -2.36790832e-02  -7.58619225e-01
  -2.15088449e+00  -1.03534462e+00  -2.94870403e-01   5.47664465e-01
  -1.73650124e-01   2.54028675e+00  -1.00096825e+00   1.15928174e+00
   3.38175719e-01  -1.07183999e+00  -4.15247418e-01   4.44656800e-01
  -4.00436449e-02   6.52626361e-01  -6.23274497e-01  -1.75006603e+00
   2.28152418e+00  -2.39103560e-01   1.40300780e+00  -1.67245710e+00
  -1.34109320e+00   2.92794183e-01   1.09639980e-01  -5.87083992e-03
  -2.48364365e-01   6.37676112e-01  -2.04524372e-01   1.23002268e+00
   5.74740021e-01  -2.16417402e-01   1.46811130e+00   6.20806131e-02
   7.61481280e-01  -3.64365904e-01   1.65416032e+00  -1.00774002e+00
  -1.88974878e-01  -2.02597096e+00  -1.54323313e+00  -6.90688922e-01
   6.30907023e-01   1.96609798e+00  -9.71019137e-01  -1.50462669e+00
   1.21880936e+00   1.29764195e+00  -4.92107848e-01  -5.61367684e-01
   1.25900540e+00   1.73821267e+00  -1.31251010e-01   7.75451626e-01
  -6.14446504e-01  -1.75355231e-01   1.17929861e+00   1.58295383e+00
   2.99663847e-01  -2.48887087e-01  -9.83005763e-01   1.91405035e-01
   1.89102850e-01  -9.77683834e-01  -1.56981904e+00  -7.98723260e-01
   1.25076231e+00  -1.03835446e-02   3.13022294e-01   1.49378953e+00
  -1.24478465e-02   1.18697531e+00   8.91576361e-01  -1.82170478e+00
   1.64116119e+00  -1.23708339e-01  -4.39792956e-01  -5.71961998e-01
  -1.34515646e-01   1.42888080e+00  -1.18309438e+00  -8.33471709e-01
  -1.03864998e+00   5.62947929e-01  -1.85633528e-01  -9.53320824e-01
  -8.78796513e-01   5.03558093e-01   1.15170467e-01  -1.27954223e+00
   1.03409764e+00  -1.99431279e+00   2.17801634e+00  -3.37575189e-02
   1.96860274e+00  -7.05111531e-01   1.07298830e+00  -1.58275432e+00
  -1.87079238e+00   1.73662453e+00  -6.41439952e-01  -2.04383122e-01
  -7.04003683e-01  -1.40909217e+00   8.14817127e-01  -9.62645997e-02
  -1.21127800e+00   7.88718226e-01   1.21325908e-01  -7.16503156e-01
  -6.56848690e-01   5.88624477e-01   9.02658004e-01   4.88269085e-01
  -1.29188916e+00   7.57368823e-01   1.68126374e+00  -1.15340848e+00
   2.69490792e-01  -5.04319788e-01   1.91182992e+00   4.87303319e-01
  -1.85402763e+00  -2.05247860e-01  -1.11259222e-01   1.89911317e+00
   1.03576958e+00   1.75968652e+00   8.16997036e-01  -1.33804564e+00]

*** Componentes principais [T] (somente originais):
[-2.54561039 -3.4636937   0.98511267 -0.09028567  0.54962375  0.95899601
  2.2467737 ] [-0.45512773 -0.51686837  1.76415578  0.94680846 -0.31662667 -0.01393665
 -1.80000404] [ 0.32341788 -0.09514002  0.61388358  0.49572983 -0.37402514  0.92743588
 -1.05192949] [-0.38024962 -1.71845539 -0.00959758  1.65653749  0.76149606 -1.28187025
 -1.28251587]

*** Contribuições (autovetores) [P] (idem para todos e originais) ###TABLE VI.### Percentages of the contributions from each musical characteristic on the four new main axes.

C1 [20.128871150721725, 13.939870882033457, 0.45976244290608065, 19.973305575305663, 6.3779835095307327, 15.231339392277199, 13.106509995821089, 10.782357051404045]
C2 [3.2312393830760282, 1.105399213921594, 35.242096686622887, 6.2911354958058094, 0.22622679055419051, 26.179255842018321, 3.8832546013018985, 23.841391986699268]
C3 [7.8003460325280116, 22.087675531597121, 1.2323349300833044, 11.812645089274, 24.531979250986463, 9.5035872595674853, 13.489040397669452, 9.5423915082941697]
C4 [12.880942708112245, 7.8200328941406312, 11.865620026549347, 9.0322446033012103, 20.288252989377654, 1.6793924461601895, 20.268597987001318, 16.164916345357412]
princ_orig [[-2.54561039 -0.45512773  0.32341788 -0.38024962]
 [-3.4636937  -0.51686837 -0.09514002 -1.71845539]
 [ 0.98511267  1.76415578  0.61388358 -0.00959758]
 [-0.09028567  0.94680846  0.49572983  1.65653749]
 [ 0.54962375 -0.31662667 -0.37402514  0.76149606]
 [ 0.95899601 -0.01393665  0.92743588 -1.28187025]
 [ 2.2467737  -1.80000404 -1.05192949 -1.28251587]]
princ [[-2.54561039 -0.45512773  0.32341788 -0.38024962]
 [-3.4636937  -0.51686837 -0.09514002 -1.71845539]
 [ 0.98511267  1.76415578  0.61388358 -0.00959758]
 ..., 
 [ 0.82010468 -1.08817979 -1.165852    1.75968652]
 [ 1.14672433 -0.34322955 -0.21739418  0.81699704]
 [ 0.20314998  0.67482778  1.50574372 -1.33804564]]

###TABLE VII. TABLE VIII###.


*** Oposição:
[0.99999999999999989, 1.1781985953682621, 0.24223190357950972, 0.26681310899488764, 0.41950732977439908, 0.032324578382182091]

*** Inovação:
[2.51307462861165e-08, 0.8651838687827702, 1.7251457448291996, 1.579710129408767, 2.0118687746853037, 2.9587421546019987]

*** Dialéticas:
[3.221293286968498, 1.9366018989585494, 0.58807392878584053, 1.2492283544780167, 0.19227429188091949]
[ 1.          0.57587213  0.13066925  0.3489427   0.        ]
dados [[ 0.33757155 -1.69096     1.94512577 ..., -0.54070447  0.26426537
  -0.27836519]
 [ 0.95155659 -0.29806133  0.27262736 ...,  1.91848708  1.05418083
   1.6100767 ]
 [-0.62741125  1.40643999 -0.81221299 ...,  0.1561327   1.62043027
  -2.01817442]
 ..., 
 [-1.26783811 -1.97031913 -0.18809053 ...,  1.27488703 -0.87990981
   0.35234983]
 [ 0.7452592  -0.40349701  0.69027587 ...,  1.11323944  0.36422416
  -0.57518125]
 [ 0.42860979  1.00251858 -1.74853379 ..., -0.29215818 -0.04855764
  -0.30126342]]
###TABLE V.### Average and standard deviation of the deviations for each composer and for the first 4 eigenvalues.
main_means [2.7663250000545685, 3.6626146266114894, 2.3006996918818379, 1.5646031243635667, 1.4509323200286213, 1.5957889009120734, 3.0465263929881217]
main_stds [0.9709967545203837, 1.0373913099239482, 0.9714748008252333, 0.77155404616620904, 0.69001739343679602, 0.84032784571882535, 0.98769651558106597]
eigenvalues means [-0.14081619 -0.04683965 -0.03518574 -0.01404883]
eigenvalues stds [ 0.00421355  0.00282799  0.00254396  0.0023418 ]
