
*** Dimensões da tabela de notas: (539, 8)

*** Tabela geral de notas:
[[ 3.          3.5         9.         ...,  3.5         5.          4.5       ]
 [ 8.          7.5         7.         ...,  8.          2.5         2.5       ]
 [ 1.5         2.5         9.         ...,  2.5         7.5         7.5       ]
 ..., 
 [ 4.53794205  4.21103653  8.63348288 ...,  4.76468436  4.13280881
   7.57814399]
 [ 7.31871927  4.71588357  6.14385974 ...,  1.23796906  7.84596502
   3.05158148]
 [ 3.89691541  8.05779947  1.39996369 ...,  5.62488932  5.74656382
   5.88034697]]

*** Matriz de covariância:
[[ 1.    0.26 -0.2   0.11  0.06  0.36 -0.18 -0.35]
 [ 0.26  1.   -0.51  0.17 -0.01  0.63 -0.47 -0.21]
 [-0.2  -0.51  1.   -0.36  0.44 -0.3   0.32 -0.01]
 [ 0.11  0.17 -0.36  1.   -0.2   0.03  0.1   0.17]
 [ 0.06 -0.01  0.44 -0.2   1.    0.18 -0.11 -0.15]
 [ 0.36  0.63 -0.3   0.03  0.18  1.   -0.47 -0.36]
 [-0.18 -0.47  0.32  0.1  -0.11 -0.47  1.    0.46]
 [-0.35 -0.21 -0.01  0.17 -0.15 -0.36  0.46  1.  ]]

*** Pearson (igual matriz covar.):

['1.0', '0.26', '-0.2', '0.11', '0.06', '0.36', '-0.18', '-0.35']
['0.26', '1.0', '-0.51', '0.17', '-0.01', '0.63', '-0.47', '-0.21']
['-0.2', '-0.51', '1.0', '-0.36', '0.44', '-0.3', '0.32', '-0.01']
['0.11', '0.17', '-0.36', '1.0', '-0.2', '0.03', '0.1', '0.17']
['0.06', '-0.01', '0.44', '-0.2', '1.0', '0.18', '-0.11', '-0.15']
['0.36', '0.63', '-0.3', '0.03', '0.18', '1.0', '-0.47', '-0.36']
['-0.18', '-0.47', '0.32', '0.1', '-0.11', '-0.47', '1.0', '0.46']
['-0.35', '-0.21', '-0.01', '0.17', '-0.15', '-0.36', '0.46', '1.0']

*** Autovetores (raw):
[[-0.32 -0.07  0.66  0.41 -0.35 -0.36  0.17 -0.  ]
 [-0.49  0.13 -0.11 -0.33 -0.2   0.19  0.34 -0.66]
 [ 0.35 -0.5   0.18 -0.07  0.07  0.28  0.71  0.08]
 [-0.09  0.49  0.51 -0.25  0.62  0.09  0.13  0.11]
 [-0.02 -0.55  0.29 -0.57  0.12 -0.31 -0.38 -0.18]
 [-0.48 -0.12  0.05 -0.28 -0.28  0.45 -0.11  0.62]
 [ 0.33  0.37 -0.02 -0.5  -0.46 -0.42  0.25  0.24]
 [ 0.43  0.17  0.42 -0.01 -0.37  0.53 -0.35 -0.27]]

*** Autovalores (raw):
[ 2.76  1.77  0.94  0.87  0.6   0.45  0.31  0.29]

*** Autovalores prop (raw):
[ 0.35  0.22  0.12  0.11  0.08  0.06  0.04  0.04]

*** Autovalores (var. %):
[35.0, 22.0, 12.0, 11.0, 8.0, 6.0, 4.0, 4.0]

*** Dados finais:
[[ 1.22603851 -2.63857838  2.89573471 ...,  1.05804784  0.52246453
  -1.11050689]
 [-0.6923725  -1.80280544 -0.15666225 ..., -0.33772796  0.72829624
   2.25901268]
 [-0.98694846  0.48320502  0.086941   ...,  0.21548773  0.06439161
  -0.56732551]
 ..., 
 [ 0.35497847  0.12464561  0.33302414 ...,  1.53857172 -2.00625017
   0.76099005]
 [ 0.41242835  0.12131135 -0.43199248 ..., -0.09759678  0.94911951
  -0.81887531]
 [ 0.04093288 -0.02068082 -0.26784678 ..., -0.27482219 -0.47560419
  -0.68018572]]

*** Componentes principais [T] (todos):
[ 1.22603851 -2.63857838  2.89573471 -1.61423901  1.20967515 -4.36021002
 -1.37820319  1.51323563 -1.81588916 -2.22517317 -2.51916567  1.11956493
  0.90636423  2.42328192  1.14564105  0.24945973 -1.30685964  0.83893051
 -0.97533562  1.80724729  3.25393506  0.85170569  2.1623425  -2.03445096
  0.75706201  2.17891947 -2.80788905  1.13453191  0.48713643 -1.09154598
  1.75585394  1.59202031  1.11222785 -1.80493401 -1.930947    2.02575317
  0.93822277 -2.43765146  2.21576775 -1.58202012  1.63079592 -2.63669283
 -1.77426543 -1.44915237 -0.41347067  1.24980683  0.58462061 -2.53311911
 -2.56977157  0.73827526 -1.86231695  1.39222596  2.65568286  0.66344977
 -0.15091393  1.22811523  0.28982252  1.33164354 -2.72785823  0.04477485
  1.11648847  0.25108872 -3.02891762  0.37597152  0.99149755 -2.54759214
 -1.86771484 -0.9702528   2.11795626  1.98216108  0.82395659 -2.67376387
  2.84883583 -0.79218461  0.58521153  2.62005237  1.19647892 -1.62385908
  2.08264284  1.47798859  0.72888628  0.3419452   2.12805291 -2.55834558
  0.14441602 -0.57939145  1.34626596  1.35943194  1.74635897 -1.25690217
  1.12054069  1.0647016   0.91851485 -1.21037691 -2.38673306 -2.27156253
  2.4261035  -1.8601747  -2.33791765  2.31932969  1.28621634  0.63285568
  1.55017879  1.55974032 -1.42441056  1.80937487  1.29850814  1.22854597
  0.61435572  1.66580591  2.37924759  0.24379919  1.99824799  0.16554344
 -0.49892954 -0.70642574 -0.62015722 -1.05391278  0.14854736 -2.48095964
  1.53202944 -1.69685282 -0.6539484   1.95831627  1.52057187  1.3394464
  1.12341315 -0.1285996   0.90089957  0.64572061 -2.21354611 -0.8230679
 -0.877498   -2.2373057  -1.66349952 -1.47548747  0.61104004  0.63882237
 -0.60610638 -0.12621743 -1.31145286 -1.46205969  1.34476844  0.95043035
 -1.75332441 -3.31405512 -2.91405752  1.63742311  1.12861224  1.06643527
 -2.3715839   0.43028612  0.50138473  1.16958631  0.05519154  1.13061666
  1.03084911 -1.1889922   1.48853493 -1.11220947 -2.16462077 -2.30966155
  1.64323325  1.82327744  1.07557508 -1.18312309  0.53990417 -1.9958705
  1.51955446  0.92956264  0.51903896  0.28901974  0.23439425 -1.92593589
  1.135267   -2.51535794 -0.56062796  1.73986697  3.42898348 -3.45894098
  1.18876058 -0.5028284  -2.92919697 -0.75832584 -1.55331375  0.68338801
  0.81848817 -1.31620226 -1.82115541  1.7548719   2.32133635  0.19168926
  0.9471782  -1.31990215  0.53678473  0.06560973 -2.32222695  1.73297379
 -0.8965498   0.64168481 -1.0265621   1.32889943  2.59534737  1.62118099
 -2.15583863  1.69157394  0.16915101 -2.17981875  0.24672906  0.78730336
  2.41547454 -2.30840313  0.49861793  1.85481707 -3.12345747  3.05310543
 -1.43831131  0.54660984  0.49766595  0.92377523  2.38328281  0.86111874
  0.15470378  2.1716487   1.07206393 -3.23491175  2.5070119   0.36286948
  3.26929622  2.16874563  0.95643932 -1.69843217  0.76408474  0.57859661
  1.37337421  0.94281041 -2.06541571  1.27178496  2.78988996 -1.87510194
 -1.4111451   1.72146559 -0.86548693  1.53820471  0.60041505 -3.89873904
 -0.58971121 -3.69888851  1.97484437  0.97435863  1.14408167 -1.14406423
  1.5068462  -2.0041292  -1.50215509 -1.47903156 -1.90211424  1.35315619
  0.70889651  1.14570858  0.7098006  -0.97390776 -2.74719917 -2.84147534
  2.49347188 -2.12097948 -0.01538312  1.61062094 -1.52234695  0.15343001
 -2.14679454  1.30409547 -2.02228729 -2.07789051  1.29676756 -1.73409579
 -2.11847368  0.54193923 -0.28905725  1.1051934   1.86076951 -0.46080893
 -2.37645457  0.74121571 -0.721605    0.77671942  0.10435376  2.92092893
 -0.43843881  0.44269809 -0.42968055  2.0143861  -0.05579729 -2.14778893
 -1.8716292   0.95980681 -0.72640562 -1.71977626 -1.07373398 -1.01184271
  0.87920422  1.08870413 -1.11420385 -1.21580605  1.36887665 -2.12720333
  1.20791631  1.38424811  2.14608302  0.75783022 -2.04149208 -1.9408857
  2.64115889  1.24171758  0.58930543 -1.78600778  0.26435235 -1.17602101
 -1.00046046 -0.30234277  0.94068016 -1.10650784  0.26954     1.19873577
 -1.44490817  2.20196851  0.52255076 -1.17816817  0.48511962 -1.01725914
 -2.29917144 -2.56781088 -2.05761466 -0.21659033  0.590395    0.802793
  0.78602979 -1.76092986  1.43681628  1.4437366   0.46308719 -0.68628769
 -0.96518931 -2.36059139 -1.89162148  2.23014859  0.05610524  1.37760469
  1.45872031 -2.26753359 -0.22485422  2.29207347  0.59582    -2.65643966
  0.91766841  0.62793098  1.61274303 -2.18029765  0.6283505  -2.64411614
  0.10888972 -1.95654158 -1.23301172 -1.61329596  0.52800047  0.34345503
  0.53653343 -1.54571375  1.40285397 -0.08826538 -0.51177971 -1.16467405
  0.51344699  2.23745163 -1.21915967  1.54614996 -0.05306545  0.92619287
  2.7597657  -1.37692988 -1.98860268  0.85062815  1.35187146  1.52731521
  0.65994726 -2.3313345   1.62485807  1.76415409  1.84545252  0.34341793
  1.09974462  0.15984654 -0.03959545 -2.61742931 -1.62881239 -3.03582632
 -1.39444028  1.05430022  1.59307442  1.14103592  1.44125798  0.89805841
 -1.42199835  2.32036424 -1.67423849 -0.37570846  1.17690642  1.87267009
  1.37890259  1.3986941   1.52455202  0.9723347   1.75795441  1.08385083
  2.16776042  2.0217138   2.04455901  2.39831926 -1.49985896  1.90128502
 -0.37252053 -3.33066125  1.56514032  0.47508394  2.24450994 -1.04575654
  0.24809267  0.97187548  1.04075715 -1.48040212 -0.85939398  1.49885115
  3.14275684  0.66505018  0.19946521 -2.10099926  1.32917419 -1.40324458
 -0.72293413  1.73144453 -3.55899126  1.10134847 -2.59302991 -1.77143163
 -1.61487941 -2.38618655 -0.83519897  1.62556308  0.22554883 -1.34498803
 -0.07836    -0.01090657 -1.74287248 -2.36265242  2.05066504  1.04223328
 -1.918153    1.38976754  0.85155993  1.09537501  2.91463379 -2.01568802
  0.91767237 -0.0444806  -1.01155979  1.7476448   2.11623115  0.59295756
 -1.22367143  0.93406072 -0.86797007 -3.15272971 -2.45484044  2.10238359
 -1.98046546  1.36541635  2.18699289  1.94058232 -2.44566585 -3.50645438
 -1.57480695  1.78341593 -2.54310718  1.1341661   0.38057955 -2.12991096
 -1.20809324 -0.67748392 -2.37476068  1.36890469  0.7070512  -1.14985191
 -0.25134445  0.90693417 -0.87969403 -1.21459574 -4.09392483  1.53296652
  1.44283945 -1.34468519  1.46188986  0.54893291  0.14917662  0.7711171
 -2.84193695  1.3358304   2.09755982  0.2909705  -2.19010821 -2.18308744
  1.97271653 -1.76020962 -1.91536011 -2.52405128  0.38045702 -1.68638497
  0.84610763  1.76347439  1.21733788 -3.72426461  1.47684456 -1.61860204
  0.85081924  2.44075327 -1.70937915 -2.51299448 -1.9838533   0.95934839
  1.26126124 -1.87344681  1.34166781 -1.68297924  0.87823322  0.73772666
  2.62501587 -0.07819036  1.05804784  0.52246453 -1.11050689] [ -6.92372504e-01  -1.80280544e+00  -1.56662253e-01   3.65226171e-01
   2.01613659e-01   9.45733680e-01   2.58714432e+00  -2.02152066e+00
  -2.49351737e+00  -1.89584515e+00  -1.78426195e+00  -3.45142736e-01
  -8.81025175e-01  -3.32818982e-01  -1.56642716e+00   7.55496231e-01
  -8.18464996e-01  -1.16985094e-01   1.92175092e+00   2.42185178e-01
  -4.72792198e-01   3.38766811e-04   1.29328997e+00   1.34998404e+00
  -2.13325092e-01  -1.26009278e+00   1.17744390e+00  -1.12075257e+00
  -8.52567451e-01  -6.43358541e-01   6.81655448e-01  -4.38454104e-01
   7.21725834e-03  -1.71139057e+00  -1.43791866e+00  -3.85956229e-01
  -3.22580403e-01   2.52657609e+00  -6.26355674e-01  -1.21748137e+00
   7.02925952e-01  -5.71916444e-01   2.86637325e+00   2.83281164e+00
   1.93494339e+00   5.45419086e-01   2.74951822e+00  -1.05635296e+00
  -1.13430360e+00  -1.60427419e+00   1.84803161e+00   4.92695183e-01
   7.84987374e-02  -5.62628265e-02   2.40311248e-01   2.12284137e-01
   1.05850388e+00  -4.07019108e-01  -1.01467115e+00  -1.08596159e+00
  -9.04543974e-01   9.52612357e-01  -9.62609690e-01   4.29077880e-01
  -3.35727992e-01  -1.82816542e+00  -2.37962706e+00   2.23557730e+00
  -3.38652260e-01  -1.94058076e-01   6.75544441e-01  -6.52045971e-01
   8.84831901e-02   2.41191536e+00  -3.74397185e-02   6.18323596e-01
  -9.05264068e-01   1.96945598e+00  -5.58642154e-01   2.19877898e-01
  -5.75417846e-02   7.12449630e-01  -1.14942878e+00  -1.20355740e+00
   4.63756237e-01   2.60503281e+00   9.03835422e-01   1.04191591e+00
   7.02753751e-01  -9.43333438e-02   4.46114931e-01  -2.91470558e-01
   2.02729255e-01   1.12998115e+00  -8.25585346e-01  -1.17439980e+00
   1.13926383e-02   1.96121101e+00  -1.59153788e+00  -3.46292873e-01
   8.41753402e-01  -4.82856827e-01   1.96153940e+00  -8.36132193e-01
  -5.81814655e-03   7.87865893e-01   4.47053121e-01  -4.10869015e-01
  -5.79169524e-01  -1.18284110e+00  -3.40132344e-01   5.04571401e-01
   5.71609592e-02   2.98030980e-01   2.62867169e+00   1.57611465e+00
   2.61447336e+00  -4.32093955e-01   1.17059927e+00  -1.70723292e+00
  -1.14979841e+00   1.63618020e+00   2.06114244e+00  -7.15519249e-01
  -1.49769712e-02  -1.32944414e+00  -1.44710659e+00   9.89896658e-01
  -7.48133157e-01   8.96973288e-01  -1.90942385e+00   1.36752385e+00
  -1.96610595e+00  -2.16156635e+00   1.35185659e+00  -1.24257529e+00
   3.44438307e-01   2.80122801e-01   2.48665428e+00  -6.82476849e-01
   2.21212271e+00   1.74818511e+00  -3.45860655e-01  -9.65469517e-01
   2.52715377e-01  -1.59989981e+00  -1.91309093e+00  -1.09368786e-01
   6.87951268e-01   6.35798144e-02  -1.80686366e+00  -6.84153299e-01
  -3.85027818e-01  -4.34943748e-01  -7.72291065e-01  -1.64816027e+00
  -4.61488861e-01   2.07185617e+00  -1.90760072e-01   2.10192833e+00
  -2.62863482e+00   2.23094525e+00  -3.04322317e-01   1.01655552e+00
   3.98518809e-01   2.03922128e+00  -1.49081169e+00  -2.16111446e+00
   1.37960738e+00  -5.03185580e-02  -7.28718365e-01  -8.17450015e-01
   7.25454706e-01  -7.35816629e-01   1.62581759e+00  -1.60065802e+00
   2.56742671e+00  -7.14148391e-01  -7.51141118e-01  -1.23769474e-01
  -2.81550194e-01   2.18177196e+00  -1.98330816e+00   3.55058538e+00
  -9.84945724e-01  -3.54217344e-01   2.11327772e-01  -4.68692623e-01
   1.87024275e+00  -5.51975227e-02   4.53857420e-01   2.67203971e+00
  -1.28117980e-03   5.73292830e-01  -1.51441106e+00   1.05834563e+00
  -2.18997076e+00  -2.15745019e-01  -6.09034725e-01  -1.26328784e-01
   2.29054572e+00  -2.42367094e-01  -5.87682117e-01  -9.29713882e-01
  -1.48403162e+00   4.12494405e-01   1.92573139e+00  -1.25063185e+00
   5.89135335e-01   6.49456696e-01  -1.04862205e-01   2.14450469e+00
   2.18268563e-02   6.85938300e-01  -1.09483114e+00  -4.94297731e-01
  -2.15498782e+00  -1.58426897e+00  -8.80230853e-01  -1.71539343e-01
   3.76686283e-01   6.50171559e-01  -1.42511218e+00   5.79268974e-01
  -6.52178709e-01   1.00782356e+00   5.34249729e-01   6.99397220e-01
  -7.60852463e-01  -3.06756193e-01  -1.42334025e-01   2.58028477e+00
   1.70497816e-01  -4.14274320e-01  -2.83123408e-01  -1.36710876e+00
  -2.80406900e+00  -8.94632939e-01  -2.22238531e-01  -9.28862828e-01
  -1.14931856e+00   8.41104688e-01   2.33762272e+00  -5.25034118e-01
  -8.39997931e-01   8.22587363e-01  -2.28951583e+00  -1.08830790e+00
   3.73508156e-01  -1.10977133e+00  -9.08926143e-01   2.37453291e+00
   1.09522561e+00  -1.96864439e+00  -5.54923695e-01   2.44565746e+00
  -1.76218245e+00  -3.65684652e-02   3.43759563e-01  -1.63055331e+00
   5.05474900e-01   2.09351654e+00  -1.93743387e+00  -9.19887754e-01
  -1.09346502e+00  -1.20797635e+00   6.92584132e-01   5.82811608e-01
   1.67924176e+00  -5.90283284e-01  -2.65032536e-01  -1.20393215e+00
  -2.73518216e+00  -1.43374249e+00  -1.18378883e-01   1.70081820e+00
  -8.87010893e-01   4.70987527e-01  -1.08520871e+00   5.70136054e-01
   5.87698783e-02   2.36935698e+00  -1.08547249e+00  -1.63964205e-01
   2.33595340e+00   8.64769990e-01  -3.54762495e-01   8.36004224e-02
   2.07482198e+00  -1.06862271e+00  -2.58293464e-02  -3.04871993e-01
   3.40342410e-01  -2.15251772e+00  -2.04593089e+00  -1.03906269e+00
   1.93645451e+00   1.85996440e+00   1.40230833e+00   2.53820046e+00
  -4.28671167e-01   5.45390407e-02   2.26370756e+00  -1.33502222e+00
  -7.46189773e-01  -6.04513961e-01   6.61777792e-01   6.11888745e-01
   1.27316984e-01   7.01597190e-01   2.23438737e+00  -2.02809001e+00
  -4.34903980e-01   1.53581904e-01  -3.40438332e-01  -2.39702627e+00
  -4.04391998e-01   1.47144016e+00   2.75343622e+00  -1.23303160e+00
   3.55473852e-01   3.02117486e+00   1.78220171e+00  -2.83960555e-01
   1.60088406e+00  -6.22007574e-01   1.23643184e+00   7.31798782e-01
  -2.11648631e-01   2.87156782e+00  -1.18728061e+00  -1.25200666e+00
   3.89912806e-01   2.65652083e+00   6.67881557e-01   3.01663954e-01
   1.01271208e-01  -2.16590587e+00   9.13660967e-01  -1.02091085e+00
   1.29316842e-01   4.63368617e-01   1.76745711e+00  -1.88197963e-01
  -4.59046653e-01   1.52460917e+00  -2.29945075e-01   7.53960733e-01
   6.30167383e-01  -1.42482957e+00   1.06288077e+00  -4.21392549e-01
   6.36759807e-02  -9.10065486e-01  -1.06710873e+00   4.41495541e-01
  -7.86409845e-01  -2.13146038e+00   1.18239981e+00  -8.47239652e-01
   1.16368702e+00  -2.58618853e+00  -2.22527783e+00   6.96297960e-01
   2.23975983e-01  -1.19770123e+00   3.98729101e-01   1.49320336e+00
  -2.25137418e-01   7.73525780e-01   1.28220592e+00   1.62240273e+00
   8.73041770e-01   5.90709430e-01  -3.28205035e+00  -4.44800268e-01
  -1.54492501e+00  -1.45674985e+00  -4.26009980e-01  -1.51425356e+00
  -1.59108546e+00  -5.85236104e-01  -7.66576358e-01  -9.07707946e-01
  -6.64145475e-01  -2.63730807e+00   3.22029345e-01   1.79308629e-01
   3.28807027e-01  -1.23888249e-01  -1.79294994e-01   3.05770021e+00
   1.88394749e+00  -1.90576893e+00  -1.52967386e+00  -1.75015455e+00
   2.27984041e+00  -3.48556573e-02   4.38809356e-01  -9.40491196e-01
  -1.32634993e+00  -7.26169743e-01  -1.71140469e+00  -3.98048664e-01
  -1.72306386e+00   3.05408107e+00  -1.03277724e+00  -1.31048003e+00
   1.49194290e-01   3.66174831e-01  -7.58054202e-01   5.26839474e-01
  -7.69460982e-01   6.30990986e-02  -8.33829369e-01  -5.11612428e-01
  -5.18836106e-01  -1.81820846e-01   1.84020225e+00  -1.25038095e+00
  -5.61670620e-02   6.23762038e-01   6.29054272e-01  -8.16593406e-01
  -4.38743693e-01   2.18295115e+00   9.79379123e-02  -7.33153955e-01
   9.81311853e-01   1.50681637e+00   2.41662126e+00   9.87268241e-02
  -8.04660860e-01  -1.26968054e+00  -1.76994208e-01   2.43190835e+00
   9.12381745e-01   1.22824001e+00   2.29702908e+00   1.16536625e+00
   1.07698583e+00   1.13621601e-01  -2.34776357e+00  -1.74020678e+00
   6.17072623e-01  -2.67275142e+00   1.42185968e+00  -6.92139954e-01
   1.62668835e-01  -5.44208265e-01   1.03421272e+00  -1.71271035e+00
  -2.25320973e+00  -1.03850319e+00   6.71395845e-01  -3.19482617e-01
   2.26156400e+00  -3.38668268e-01  -4.08435175e-01   4.47090509e-01
  -3.83702102e-01  -9.24497294e-01   8.45118858e-01   1.22859539e-01
   6.61706724e-01  -5.52222914e-01   4.81406261e-01  -6.08641324e-01
   1.21381613e+00   2.76442049e-01  -5.48336528e-01   7.52233572e-01
  -7.41220971e-01  -1.04983249e+00   2.31633056e+00   2.93474535e-01
   5.64515422e-01  -1.46377389e+00  -1.84066178e+00   1.55800572e+00
   1.93168619e+00  -5.72070912e-01  -1.46095998e+00  -1.27171928e+00
   7.07545595e-01  -1.30671547e+00   2.20012090e+00  -5.34363724e-02
  -2.31204423e+00   1.58212941e-01  -1.42225635e-02   2.59803344e+00
   5.65119406e-01  -5.06789316e-01   1.91488432e+00   1.47969282e+00
   1.07231183e+00   4.40017651e-01   1.68296998e+00   2.57334346e+00
   5.21458433e-01  -1.72219000e-01  -1.01646287e+00   1.82023560e+00
  -1.09335838e+00   1.17716180e+00   1.95862752e-01  -3.68975985e-01
  -4.94045078e-01  -1.08967420e+00  -4.38042395e-02   1.86925340e+00
  -2.66935188e+00   6.84933861e-01   2.17199235e-02  -1.64045751e+00
  -1.55458682e+00   1.35513098e-01  -1.90933649e-01   1.42745517e-01
  -6.01985289e-02  -1.39573548e+00  -3.60076613e-01  -9.90105796e-01
  -1.81415502e+00  -5.96709715e-01  -1.82560790e+00  -1.24787287e+00
   4.27726536e-01  -9.97194260e-01  -1.50035250e+00   6.51534867e-01
   1.19344251e+00   3.06100063e-01  -3.09710597e-01  -5.56192276e-01
  -3.37727956e-01   7.28296239e-01   2.25901268e+00] [-0.98694846  0.48320502  0.086941   -1.10259281  0.79745335  0.39366678
  0.06594236 -1.22770698 -0.184039    0.4971706   0.1155992  -2.85459844
 -1.12735625  0.05739519 -0.77114413  1.9298413   0.22506122  0.6816956
  0.56814754  1.05313074 -0.03552555 -0.90401732  0.95374106 -1.52042809
  2.10775555  0.15170106 -0.33549398 -1.26841051 -1.23224247 -1.43438001
 -0.38678911 -0.10107632 -0.90782429  0.68157388  0.88832655 -0.87138317
  0.0921163   0.21888932  0.70474419  1.45443728 -0.65215405  0.28047722
 -0.29729878  0.48892368  0.04738391  0.3475586   0.67427983  0.40750211
 -0.05865695  0.74993533  0.44015228 -1.10873527 -1.17708914  0.63884228
  0.54246573 -1.11610811  0.93362228 -0.58120633  1.88172981 -0.58940426
 -0.98057011  0.99102634 -0.39067307 -1.11577998  1.01397699 -0.28372911
 -1.0421056   0.26214255 -0.26297116  0.47477105 -0.13298158 -0.01793032
 -0.8263549  -0.75005035 -1.6340467  -0.61898057  0.40201851 -0.6074147
 -0.15798451 -0.28680704 -1.95568961  1.30681457 -0.88801516  0.53549486
 -0.31481932  0.72768347  0.99573096  0.18052148  1.29449481 -1.18995468
  0.09438177  0.64911933  0.32696142 -1.13510437  0.25497837  0.21616
 -0.50454478 -0.10441661  0.48005061  0.77351104  1.3488453  -1.33261714
  1.65658457 -0.48598932 -0.92559958 -0.14813501  1.17726164  0.39458872
 -2.24438849 -0.00322398  0.66153474  0.42512396  1.10478589  0.5098762
  1.20270494  0.32690262 -0.55941464  0.35772613  0.78660226 -0.35356556
 -0.32237444 -0.41325735 -0.79768916 -1.00787369  0.62729114 -0.67552477
 -2.37642979  0.75905387  0.58710961  0.07291791 -0.59223702 -0.48270305
 -0.11734319  0.17239983  0.53328674 -0.10815139 -0.63412032 -1.43116806
  0.33892769  0.7194712   0.50656264 -0.34765726 -1.93071612 -1.56684945
 -0.92734704  0.76345199  0.64256714  0.93509683 -0.03523022 -0.75599601
 -0.3328906   1.60113726  1.22313111  1.71231037 -1.81252313 -0.95190958
 -0.55843307  0.01846866 -0.40813231 -0.82722876  0.00358859  0.38159257
  0.62499657  0.99385995  0.51298264  0.75711391 -1.3237534   0.14889519
  1.15859201  0.05378173 -0.02246082 -1.3014194   1.35226007  1.05968087
  1.27947399  0.74973717  0.04098673 -1.88176636 -0.9242602   1.08248096
  0.09805736  0.15997843  0.80702019  0.43484198  0.02467379 -0.73182084
  1.3721302   1.24856012  1.24636216  0.46971285  0.51242561  0.46456368
  0.19678061 -0.38290306 -1.71610397  0.25657398  0.21966815 -0.04666262
 -1.00928626 -0.67624767  0.11350399 -1.53977496  0.31480601  0.35433282
  1.36757173  1.59043652  0.57557372  0.22208037  0.326916   -0.71252588
  0.9872872   0.15563744 -1.25136028  0.80344898 -0.23494949  0.16359258
  0.50335219 -0.72745935 -0.09387433  1.34993197 -0.26558776 -0.08154308
 -0.26139335  0.69370771 -1.10352916 -0.44609094  0.61314841 -0.33936586
 -0.09558782  1.10164694  0.70002347  0.14340789  0.92091964  0.21042894
  0.42538088 -1.66533533 -0.38584109 -0.55114922 -0.41487417 -0.27144114
  1.48859244  0.0285542  -0.65866279 -0.80220272 -0.20704097  0.27833974
  0.32577818  0.13668651  1.77958208  0.45420346 -0.36355397  0.1057765
  1.4925979  -0.78411474  1.39058827 -0.4348595  -1.70780412  0.78502098
 -2.543999    0.68641131 -0.42921741  1.40251929  0.07214731 -0.55597832
 -0.4689769   1.54414962  0.62412082  0.10051021  0.96257946 -2.00767648
  0.69875483 -1.01452915 -0.24721052 -0.33768374  0.55585774 -0.09662653
  0.46148592 -1.07607798 -1.485857    0.92951821 -0.02172016  0.67022682
  0.55860355  2.0607662  -0.81849653  1.50073015 -1.32133774 -0.56882127
  0.225611    1.33911294  0.02611805 -0.84544193  0.02323221 -0.40077994
 -0.68378539 -0.95187303  0.10914217 -0.64658996 -0.28666983  0.52539719
  0.48095912 -2.48441538  0.80647026  1.29883039 -1.59219741  0.39863147
  0.24854796  1.99053167  0.57925255 -0.98707379 -0.27305562  1.19890989
  0.02404605 -1.45904991 -0.79339551  0.62825464 -0.27163533  0.85312171
  0.59409203 -2.27230681 -0.82594228 -0.16820976 -1.17776556  0.82040132
 -0.06657858  0.00987904  1.66739271 -1.15097114  0.23433962 -0.66724684
  0.65313176 -0.64668829 -0.33265406  0.30933025  0.19161799  0.57967657
 -0.92898162 -0.0072841  -0.25385588 -0.86860866  0.35120671 -0.44662667
  0.26210457  0.26660686 -0.68090215  1.37590393  1.3613026   0.95502634
  0.71972355  0.36809767 -0.02952515  0.60372196  0.31684257  0.27132856
 -0.84524172  0.09249505 -0.25695227 -0.12411597  1.2111893   0.45642148
 -0.10269829 -0.07754795  1.27088275 -0.60919261  1.68415822 -0.93343072
 -1.49313545  0.24508477 -0.1107239  -1.78569013 -0.11054212  0.20189406
 -0.29614998  0.59417464 -0.5511576  -0.43544551  0.0265527  -0.75801452
  0.22480879  1.31487538  0.09139529 -1.6225912  -1.59018395 -0.45060026
 -0.99637915  0.08702129  1.71181683  1.51916833  0.34099271  0.22201017
  0.25818086  0.08977463 -0.2309411   0.30753343  0.07791544 -0.39334346
 -0.50832633  1.36766544  1.05385537 -2.46690851 -1.44158066  0.97673355
  0.18717056  0.74811179  0.26488357 -0.08506595 -0.37075094 -0.12537608
 -1.40909377 -1.40947482 -1.69477389  1.10716509  0.24757285 -0.03171524
 -1.91440333 -0.52074402  0.13559272 -0.64284428 -0.58814386 -1.21109946
 -0.95325336  1.14337984  1.5038511  -0.26118962  0.08543065 -0.0312338
  0.73420637 -1.18354249  1.53542252 -0.03376688  0.15432698 -1.07497039
 -0.49314788 -0.59506432  0.59219023  0.63082548  1.59477157 -0.87957315
 -1.03800725 -0.27976017  0.12407482  0.63170745 -0.44777136  0.23580632
  0.07111063 -0.82563797  0.26652317  0.46491019  0.14553716 -0.53356144
 -0.4130853  -1.71150831  0.92066774  0.62815961  1.97325716 -1.14843261
  0.33704747 -0.36552338  0.96537988 -0.09375616  0.92874625  0.63207076
  1.72294269  1.19113473 -0.23480836  0.02764648  0.05332534  0.53748607
 -0.52882022  0.70652236 -1.11400317  0.16121779  0.60311344 -2.04370249
 -0.48014093  0.63764715 -0.1036557  -1.07631254  0.55281424 -0.12859391
 -0.05781919 -0.4544722   0.494729   -1.51259536  1.68782111  0.41776244
 -1.11192197 -0.95704378 -0.21983049 -0.79448503  0.2994649   0.66321909
 -0.42208238  0.44620094 -0.23349697 -0.30301574  1.0505995  -0.44265811
  0.22273207 -1.43621    -0.50348097  0.69323336 -1.11896296 -1.09885892
  0.73223803  0.74140085  0.33378661 -1.77799492  0.93762851  0.09858864
 -0.11000677  1.04185383 -0.36267     0.5032727   1.23041817  0.09040946
 -0.20624169  1.52488045  1.40860744  1.49635808 -0.30240767  1.23724892
 -1.355736   -0.45369064 -0.03218626  0.53502548  1.04092205  0.09930371
 -1.25259452  0.03519704 -1.08149479 -1.04871486  0.74532894  0.04218952
 -0.00874727 -0.03299664  0.21548773  0.06439161 -0.56732551] [  1.79260432e-01  -3.74017535e-01  -1.41133359e+00   3.35573721e+00
   2.43833327e-01   2.82216838e-02   1.22670222e-01   1.08539884e+00
   1.19567842e+00  -3.29865377e-01  -5.16166458e-01   7.58811080e-01
   4.31609051e-01  -6.33474108e-01  -5.98319034e-01   6.57416774e-02
   3.33325611e-01   9.32478321e-01  -2.85493583e-04   9.73998655e-01
  -7.33882459e-01   2.56744534e-01   5.51003403e-01   1.91187537e-01
  -7.14555735e-02  -6.51355733e-01   7.29688897e-01   3.23272859e-01
  -3.67699617e-02   3.16509668e+00   3.70668835e-01  -1.39444955e-01
   9.47693058e-01  -1.28963370e+00  -4.04269410e-01   1.11412041e-01
   2.65966345e-01  -1.43541609e-01  -9.28304619e-01  -6.79081737e-01
  -9.58372750e-01  -9.10685755e-01  -2.62364353e-01   7.23360902e-01
  -9.11250465e-01  -1.55726884e-01   2.47324461e-01   2.15918104e-01
   1.20574972e-01  -4.17186371e-01   7.73524605e-01   3.00618835e-01
  -2.61952632e-01   4.05088626e-01   3.61186523e-02   6.87578377e-01
   6.10072769e-01   7.33909509e-01  -8.89555109e-01  -5.18179203e-01
   2.55113238e-01  -1.07323081e-01   7.05262509e-01  -3.66865338e-01
  -9.46388845e-02  -1.20904978e+00   7.12337827e-02  -1.13865222e+00
  -3.92173411e-01   2.89790222e-01   9.15109809e-01  -1.11011206e-01
   2.13710615e-02  -3.40098863e-01   5.52157808e-01  -2.61794615e-01
   2.57285732e-01  -4.96251961e-01  -3.87561123e-01  -5.58454982e-01
   7.73609455e-01   2.71156172e-02   9.07904509e-02  -9.70748972e-01
   7.61160827e-01   1.02185845e+00  -7.08940186e-02   9.45292951e-01
   2.50674092e-01   2.52379215e+00  -3.36884760e-01   1.58082738e+00
   3.24306567e-02   4.15963866e-02   1.70968246e-01  -9.08759541e-01
  -1.46749535e+00   1.53648118e-01  -2.83306642e-01  -2.16401330e+00
   1.72671215e+00  -5.94139330e-01   7.10900970e-01  -7.69233996e-01
   3.20886028e+00  -7.47905119e-01  -9.69720886e-01  -1.13444846e-01
   2.06415900e+00  -4.22656563e-01  -2.20848584e+00  -4.80159663e-01
  -5.71689780e-01  -5.72578286e-01   2.07414927e-01   1.99870434e+00
   2.77087400e-01   3.71072607e-01   5.83452416e-02  -8.40966186e-01
  -1.19792270e+00  -5.19525310e-01   1.84484038e-01  -1.14467124e-01
   7.37074813e-01   8.40016719e-01   1.29953232e+00  -5.75147556e-01
  -1.34645800e+00   7.82602464e-01   5.28800936e-02   3.16674737e-01
  -4.58192634e-01  -1.49715263e-01  -6.69452503e-02  -4.38338432e-01
  -1.34100924e-01   5.53598691e-01  -1.47515949e-01   2.02219261e-01
   6.64931878e-03  -8.04828063e-01   2.60413948e-01  -2.54076180e-01
   2.84593342e+00  -7.38056259e-01   4.87581068e-02  -7.36420090e-01
   3.84071023e-01   2.47947942e-01   5.91198681e-01   1.06720368e-01
   2.24123500e-01  -6.37739313e-01   1.00704890e+00  -1.55921297e-01
  -3.06278369e-01   3.23409472e-01  -3.71243364e-01  -1.39700173e-03
  -4.85240169e-01  -2.37038686e-01  -6.11687980e-01   3.00419527e-01
   5.56983490e-01   8.40181568e-02  -3.34998973e-01  -7.31631357e-01
   4.03558431e-01  -5.58372138e-02  -6.46930950e-01   6.79186402e-02
  -4.57300063e-01  -7.78681190e-01   5.85469921e-01  -1.09802411e+00
   6.67373565e-01  -4.25221849e-01  -5.93136925e-01  -1.92281599e-01
  -1.02856579e+00   6.63581096e-02  -7.58275685e-01  -3.03556366e-01
  -8.98681848e-01  -6.90428666e-01   9.58035040e-01  -1.24323442e+00
   9.50862527e-01  -1.15970388e-01   3.03374370e-01  -8.18986356e-01
  -1.68210378e-01   2.92060951e+00  -2.74079119e-01  -7.09593893e-01
  -1.94191446e-01  -9.32679537e-01   1.81437851e+00  -3.64557501e-01
   1.07661098e+00  -6.42462553e-01  -1.29225671e+00   2.49500682e-02
  -1.61845491e+00  -1.29236771e+00   3.10198275e-01  -7.23024331e-01
   6.98560073e-01   2.50716025e-01  -1.14869740e-01  -3.44938213e-01
   4.07418548e-02  -5.75772371e-01  -5.61175882e-01  -9.57194040e-01
  -1.01998717e+00  -7.06947609e-01  -1.64039977e-01   2.99699646e-03
  -1.05182722e+00  -1.01777944e+00   1.52387878e-02  -1.03578885e+00
  -1.16988420e+00   3.79513591e-01  -4.43227636e-01   1.44394286e+00
  -4.47772533e-01  -8.79950425e-01  -1.92079708e-01   3.17336604e-01
  -2.53924441e-01  -8.31830820e-02   1.86398333e-01  -1.70538777e-01
   6.67951774e-01   3.33568980e-01  -5.08374574e-01   8.42366258e-02
  -4.14027487e-01   5.43660124e-01  -4.04562754e-01   2.23509763e-01
   4.21099984e-02  -3.26451127e-01  -1.20124949e-01  -8.02929744e-01
   2.41110890e-01  -2.30306983e-01   3.53941060e-01   1.08021989e+00
   5.08428070e-01   2.01318166e-02  -1.48057372e-01  -3.99103373e-01
   5.96163520e-01   4.29848167e-01   7.85588250e-01  -4.03244772e-01
   4.66077716e-01   2.43838469e-02   7.44409216e-02  -3.55938204e-01
  -8.40087296e-01  -1.08819010e+00  -7.08148598e-01  -3.07055618e-01
   2.68330696e-01  -3.05355704e-01  -2.04505894e+00  -3.38676895e-01
  -4.36406989e-01  -4.76874911e-01   6.83143708e-01   5.15388608e-01
  -9.53085251e-01  -4.89931087e-01   2.35794240e-01   7.88027274e-01
  -1.30414524e+00  -1.06312270e+00  -5.90250316e-01  -5.96899697e-02
  -4.13742286e-01   6.42802294e-01   8.77115126e-01  -1.12049034e+00
   2.67418108e-01   3.20965969e-01   3.73281462e-01   2.40592499e-01
  -1.25450896e-01  -4.85521911e-01  -6.49812344e-01   4.00893402e-01
   2.06268364e-01   1.10982444e+00   1.46053226e+00   8.24240271e-02
  -8.64044550e-01   2.26840712e-05   7.66174204e-01   8.12933750e-01
   1.10277367e-01  -5.06475590e-02   4.48366833e-01   1.36521823e+00
  -1.51411547e+00  -3.75429632e-01   6.10818300e-01  -4.15597805e-01
  -1.46280239e+00   8.06564549e-01  -1.50585184e+00  -9.17245982e-01
   1.88015259e-01   7.36245802e-01   6.19115578e-01   3.63099413e-01
  -4.65198338e-01  -2.82411939e-01  -1.63895284e-01   6.19199643e-02
   5.32108786e-02   1.05784283e-01   4.60004765e-01   1.14613465e+00
  -1.21834082e+00  -1.81452800e-01  -4.84905472e-01   2.90724072e-01
   2.65629648e+00  -6.14480402e-01   4.70029856e-01  -4.57137562e-01
   5.11207038e-01  -2.19569260e-03  -8.49850012e-02  -3.19146435e-01
  -6.62596297e-02   2.48673737e+00  -2.38034992e-01  -4.13522419e-01
  -7.03023725e-01  -2.96243313e-01   1.00844253e+00   7.20940732e-01
  -1.04410253e-01  -1.00673565e+00   4.61628581e-01  -7.40183803e-01
   2.24707672e-01   2.06849271e-01   3.79531773e-01   3.35828976e-01
   7.39004919e-02   4.71983032e-01   1.10583065e+00  -1.01891671e+00
   8.79449252e-01   1.22791079e-01  -9.31706168e-01   2.90513014e+00
  -8.08693908e-01   1.23313446e-01  -1.27722250e+00  -5.90692450e-02
   3.92106864e-02  -8.02861492e-01   9.32453394e-01   6.66675259e-01
   5.07219016e-01  -1.89250772e-01  -2.81802238e-01  -4.82440823e-01
  -2.39771775e-01   1.77846504e+00  -1.40926002e+00  -6.69509791e-01
   5.03587811e-01   7.10475255e-01   7.61681266e-01   2.98802781e-01
  -2.45139494e-01  -9.52356614e-02  -4.39186697e-01  -5.74125269e-01
  -2.20527471e+00   5.58584837e-01   2.42256717e-01  -3.64676704e-01
  -1.09235237e-01   1.82822449e-01  -9.25017715e-02   1.09950678e+00
   7.44089658e-01  -2.92460870e-01   3.74484442e-01   3.69629031e-01
   6.96365471e-01  -5.18126025e-01  -9.73018058e-01  -1.19904849e+00
  -8.14242056e-03  -1.12895599e+00  -8.05953839e-02  -1.48202996e+00
   6.92814006e-01   3.71402385e-01   9.78876825e-02  -1.96087946e-01
  -5.55691986e-01   8.30795874e-01   9.67107105e-01  -1.39870585e+00
  -1.26984528e+00   2.52784785e-01   2.29439284e-02   9.69172596e-01
   3.26954879e+00   3.50460486e-03   3.56012507e-02  -2.13243611e-01
  -1.15373051e+00   1.12621571e+00  -1.14417839e+00  -9.00618204e-02
   1.93620693e-01  -3.92761393e-01  -8.61542153e-01   5.73066039e-01
  -7.64757044e-01   5.99816490e-01   7.94119549e-01   1.82890751e-01
  -2.45078570e-02   2.86003258e-01  -9.92592016e-01   1.64008085e-02
   4.72302349e-01   1.05701300e+00  -7.92962854e-01  -6.96919551e-01
   2.46318307e+00   1.86355672e-01   4.27696601e-01  -1.13488113e+00
   1.24883909e+00   2.94733535e+00  -1.00908904e-01  -5.42651739e-01
   3.37376892e-01  -5.55616267e-01  -1.63372833e+00   6.46136720e-03
  -6.43932074e-02  -2.10235332e-02   1.15016202e-01  -7.50931654e-02
  -1.57906677e+00   1.48244930e-01  -3.47611918e-01  -7.23396174e-01
   2.16595474e+00  -1.41430816e+00  -1.87687499e+00   1.11751596e-01
   4.53825177e-02   2.94208295e-01   3.46185085e+00   1.61085680e-01
  -1.33252006e+00   2.74181403e-03  -1.30410361e-01  -2.59270495e-02
  -1.12841634e+00   3.53972422e-02  -5.44691121e-01   4.50098084e-01
   4.38141969e-01  -1.06388734e+00  -4.29621094e-01   2.26554308e-01
   3.89245490e-01  -9.73657083e-01   3.15712617e-01  -9.97184600e-01
  -3.69734753e-01   1.29802151e-01   1.84620676e-01   6.51732352e-01
  -1.64212606e+00   6.21233956e-01  -4.07315897e-01   1.75231281e-02
   1.91538443e-01  -2.05032247e-01   6.43463289e-01   1.14802713e-01
   6.33474562e-01   1.08683603e+00   8.04264689e-01  -2.10139932e-01
  -5.86683145e-02   6.79889538e-01   3.15877516e-01   4.70044896e-01
  -8.61869100e-02  -9.22908577e-01  -3.67943045e-01   3.42565996e-01
  -5.43714266e-02  -2.15868782e-01   5.88872164e-01   8.19768029e-01
   1.72403590e+00  -1.71356033e-01  -1.04262615e-01  -7.74890621e-01
  -2.74633227e-01  -5.76132106e-01   8.12704089e-01   7.68898999e-01
   8.29539151e-01  -5.41776721e-01  -1.37045028e+00   1.52148224e-01
   1.48167426e-01  -1.41996170e+00   1.20957597e+00   2.21524341e+00
   7.80168836e-01   8.85520776e-01  -1.72331503e+00  -4.45618797e-01
   4.49770515e-01   3.00615298e-01  -5.76795109e-01]

*** Componentes principais [T] (somente originais):
[ 1.22603851 -2.63857838  2.89573471 -1.61423901  1.20967515 -4.36021002
 -1.37820319] [-0.6923725  -1.80280544 -0.15666225  0.36522617  0.20161366  0.94573368
  2.58714432] [-0.98694846  0.48320502  0.086941   -1.10259281  0.79745335  0.39366678
  0.06594236] [ 0.17926043 -0.37401753 -1.41133359  3.35573721  0.24383333  0.02822168
  0.12267022]


*** Para cluster:
[[ 1.22603851 -0.6923725  -0.98694846  0.17926043]
 [-2.63857838 -1.80280544  0.48320502 -0.37401753]
 [ 2.89573471 -0.15666225  0.086941   -1.41133359]
 [-1.61423901  0.36522617 -1.10259281  3.35573721]
 [ 1.20967515  0.20161366  0.79745335  0.24383333]
 [-4.36021002  0.94573368  0.39366678  0.02822168]
 [-1.37820319  2.58714432  0.06594236  0.12267022]]


ou...
[[ 1.22603851 -0.6923725  -0.98694846  0.17926043]
 [-2.63857838 -1.80280544  0.48320502 -0.37401753]
 [ 2.89573471 -0.15666225  0.086941   -1.41133359]
 ..., 
 [ 1.05804784 -0.33772796  0.21548773  0.44977051]
 [ 0.52246453  0.72829624  0.06439161  0.3006153 ]
 [-1.11050689  2.25901268 -0.56732551 -0.57679511]]

*** Contribuições (autovetores) [P] (idem para todos e originais)

C1 [12.947673944390878, 19.377307204384024, 13.894544573209364, 3.4879402155909074, 0.63758980482501504, 19.273734104880663, 13.054116498552675, 17.327093654166472]
C2 [2.7448594111402582, 5.4521442847837189, 20.898557224350764, 20.624410162679816, 22.888984288042046, 4.8969266054044152, 15.519053120886445, 6.9750649027125329]
C3 [29.48887339957389, 5.0495583667408654, 7.9666584249922163, 22.693009991850062, 12.83692434562122, 2.3895118332653138, 1.0704688255711328, 18.504994812385306]
C4 [17.07470930585675, 13.743770671442196, 3.0324827032398063, 10.360728125467091, 23.469514824301321, 11.423884656995639, 20.515224802582345, 0.37968491011486366]

*** Oposição:
[1.0, 0.86992956674341992, 0.90274220542926342, 0.59892931750794631, 1.2351938770271356, 0.3448381054367321]

*** Inovação:
[0.0, 1.0259006796238346, 2.0935519005768577, 1.3222541181407763, 2.7451039597507858, 2.1967195732663067]

*** Dialéticas:
[11.86093534711997, nan, 39.616564384320725, nan, 0.95875982113484604]
dados [[ 0.6480834  -0.48007946  0.59800068 ..., -0.55502706 -0.54728444
  -0.33754695]
 [ 1.89548225 -0.32689233  0.28668197 ..., -0.72672704  0.34106153
   0.82677904]
 [ 0.95400689  1.51586923 -0.53285305 ...,  0.93214779  1.50706998
  -0.58127595]
 ..., 
 [-0.31736998 -1.24729364 -1.33579269 ...,  0.17722241  1.95181726
   0.07252481]
 [-1.37689143 -1.6513739   1.78326004 ...,  1.25950938  1.18077872
   0.28118027]
 [-0.03703753 -0.83825138  0.56543456 ...,  1.6667127   0.05609119
  -0.79980313]]
main_means [1.8414633238162541, 3.3569300834439035, 3.0968620482610949, 2.0920907880433721, 1.7149335375057753, 4.5962882595972356, 3.1504591507713307]
main_stds [0.88402369394717517, 1.0134425125730215, 1.050240701987732, 0.95595362273874862, 0.83427573659984733, 1.073745673673518, 1.043931868779026]
eigenvalues means [-0.19788772 -0.08254695  0.01519505  0.01874778]
eigenvalues stds [ 0.00606039  0.00390139  0.00306807  0.00263238]
