CONSEGUIMOS UM GRUPO

[[1.6191594714193824, 2.9905818976466234, 6.064571935217549, 4.263533037166356, 8.636388168629097, 2.49311862392078, 5.800201969786647, 6.8037076447530325], [6.492681628278753, 7.195309991018879, 7.7255563400738545, 2.601476752503774, 4.986652672460865, 6.870372481324701, 8.248213200248316, 2.287679108459753], [7.218719148747116, 2.6211729718988614, 8.732173594308712, 2.4123252768978265, 7.983219595035733, 5.966327536721282, 6.897146651667656, 7.1771542399046595], [1.1181780725745547, 1.9504000962898447, 4.629144719980541, 8.299383950729695, 7.753815380709758, 6.2683710037374265, 4.578757160324164, 4.636125212333512], [6.651003527457166, 7.822085168613267, 2.5653043601458565, 6.502902719130374, 4.403055560310429, 5.526658286295068, 5.408147940145027, 5.38662944854887], [8.933213150560157, 8.698742664648282, 5.35727170515424, 8.840373196555806, 2.8468599655159617, 6.363042946721733, 7.890689602027447, 4.3782720838854825], [3.2720811497714903, 6.32684697700822, 4.116455766909049, 3.784373423500446, 6.991743770590611, 7.26931793763428, 7.755108541912013, 1.372060143371983]]
1
CONSEGUIMOS UM GRUPO

[[4.334767178872834, 8.544275120685821, 8.730049595244086, 4.835168383558743, 7.880865694584646, 7.21032978263467, 2.3634641779888135, 4.824446583609687], [5.9283075242293695, 6.4676357010001615, 6.7362719187684945, 8.622150024279534, 3.2301309420061033, 3.3258140452174407, 4.471145200811372, 3.0473168912384114], [6.961390121199309, 1.4220517194852622, 1.0798132202811175, 5.478729063913047, 1.7730259188590605, 6.61604655463801, 6.316133275981416, 5.443945950693577], [6.374842761657247, 1.0997963038180911, 5.700593136987763, 2.663535690954479, 4.620928146876355, 7.854987655348053, 7.305455044075493, 8.15391852010665], [6.537384044840434, 6.7695841339622085, 6.8585398013324905, 4.056084921702866, 6.320481606039482, 1.762191291012372, 5.595868321578726, 6.226358278946829], [8.384677787825588, 7.040660749287725, 6.547733910981291, 7.4513460921823125, 8.499053747807125, 4.757993601986371, 8.44460450767818, 3.701519076978375], [4.43252903341885, 3.286136476993499, 2.5908836976246796, 7.956040556850644, 7.4724561458583585, 8.19771723418512, 7.187984328214368, 2.5040735047348592]]
2
CONSEGUIMOS UM GRUPO

[[5.638372970071965, 7.010235110148918, 7.08551977598286, 6.692649948801806, 8.421772203748077, 1.849512131977967, 6.835045034976047, 4.202173824763915], [8.70784940484332, 1.5857887096316858, 6.210367780165676, 5.76986105958046, 3.4934422874575484, 4.475447032713271, 1.5119692399628395, 7.06873322231944], [6.128986304001598, 1.7311717192427052, 5.425612119818655, 7.614403224836893, 5.706665472506498, 8.291575538098225, 4.55552328395036, 1.439266014835801], [5.57921010392142, 6.724174191499588, 1.4192373191327503, 5.19416999084939, 8.00065204804865, 3.0496600586012814, 7.68826516337983, 1.3556281313161103], [8.708542050214838, 7.386059120804132, 2.8597084136428323, 5.429500429333465, 1.5979699077035994, 6.217144389846345, 7.722680353738518, 2.0136253679567995], [3.82297431992521, 8.256169271375303, 1.412465268314886, 4.348418138890241, 2.800990264055912, 5.423147837127969, 4.345477418807007, 2.05598095125489], [6.494435048606822, 3.012723314853396, 8.17657314665951, 5.655263533575754, 4.089002241223145, 8.597349282565226, 8.96209246704161, 6.631138579376851]]
3
CONSEGUIMOS UM GRUPO

[[4.999757964755675, 4.697462564219264, 5.845935745171246, 1.950417853739948, 4.5393968764931, 5.72063761820401, 2.8582015435118473, 6.980238590314128], [2.3419906850271355, 5.544967868834292, 6.514184226969639, 3.3058161956269325, 8.338214163347722, 3.869779179960905, 6.8792767581368786, 6.101978760365219], [5.972233476100295, 2.298966132430463, 3.2141802593549764, 5.3673992542222, 5.666040036522739, 1.3204366502018727, 3.293088272342689, 4.233270726384675], [4.95881314563688, 2.8114370004488, 5.556595117471706, 8.298924755113894, 4.480074266790373, 7.901745144992424, 7.800850756145821, 2.3251993042530366], [5.547053716929618, 4.577838832540723, 4.200253322130381, 7.1202538862864655, 4.471637910999351, 5.425715063705661, 5.567968142522641, 6.452052025585392], [4.663750046653131, 7.925636535828134, 4.406081761289784, 2.911926391784034, 5.51047006203153, 5.565081028657907, 4.294078235848805, 1.1545243192847598], [2.601260631495766, 5.041294386511094, 8.258800024254445, 7.0192438031815465, 2.4850089915638938, 1.900710597698275, 6.5748329090164574, 7.546077137222016]]
4
CONSEGUIMOS UM GRUPO

[[8.534093158989933, 2.6334173108434635, 8.73475971522181, 2.232355431197311, 7.579292085340774, 8.732522809670126, 1.2563377296497276, 5.919488549142701], [3.2164781022108135, 7.337321942734651, 5.640046828732486, 5.670418047634998, 3.815823089333703, 4.676054647480755, 8.865872879547421, 3.821112611581875], [1.7972275369764361, 7.428979415382865, 7.944339245777847, 6.263821361377936, 2.8049783528907923, 7.261467114195799, 5.818920671495722, 3.4473626429527533], [6.751212220542037, 7.416016666074154, 2.418450557167911, 6.7458424366054315, 5.959512599737075, 3.878626711201905, 3.6468502462113515, 6.2596582835930965], [7.438707644358739, 3.0288296742796215, 7.076613609922234, 3.777043526013153, 5.563988476064127, 5.909453411267359, 1.2524287239217218, 3.7369700362816074], [6.734021769934734, 1.7451110047298366, 7.375546790714553, 6.3476326112143395, 2.3571545875779103, 5.094984216121702, 8.743981442666247, 2.0267390782385366], [3.208869374561365, 1.8975698907867606, 2.497949710282798, 6.143236478323547, 6.144085548655337, 6.259983695234382, 1.5339273574661911, 7.823827246786088]]
5
CONSEGUIMOS UM GRUPO

[[2.7326668598165007, 6.4094209404395075, 2.703719766124822, 6.260504967408977, 8.210470926856535, 2.0292466062031504, 2.7972597665081818, 5.810722132569568], [2.3202916329393677, 7.97450596410787, 8.46917978996041, 2.2405460447804613, 5.524796371274159, 6.749741680857825, 8.674861515145826, 1.7896109285662583], [8.497219412991768, 5.537185172684277, 2.819992459736044, 5.4174249225509135, 1.717632483076291, 8.940261853627103, 6.860832247412371, 4.035239017476517], [7.3421562884537925, 8.560331561669884, 4.455140680732441, 7.806553759141258, 6.580133034242281, 3.8347150197844915, 3.5439509052092193, 6.351800412393045], [3.812144722214714, 6.238333620406437, 8.830954753417148, 7.3616335881062875, 3.668831340598736, 1.645313341464031, 8.090174563078559, 7.822605872518209], [3.2295388985931552, 7.1483388033757915, 8.724346254242464, 2.3032529627882754, 2.5742824652750276, 8.124489500271693, 5.340519462188398, 3.5608584387762576], [1.9630892151567592, 2.849269011485961, 5.56573342539693, 8.790604749722824, 8.132400243599019, 3.6942014591788084, 5.525510097818197, 2.112200713550191]]
6
CONSEGUIMOS UM GRUPO

[[1.788965049515948, 8.715208453990996, 4.458380898750602, 5.58232596603302, 8.641870329145759, 5.608981197164302, 3.395367978023887, 4.303316865346273], [6.308576901383237, 8.714146098773114, 4.346211207404199, 3.8950690702372013, 4.940068846778689, 5.599048697835412, 2.8163085376358, 5.297441438215537], [5.713870452787193, 3.268366296200675, 4.434292149386328, 6.902116331495602, 3.6022425237825058, 1.260417013729593, 3.3364525746136513, 4.405621760512667], [6.05488922646707, 6.162258845103355, 3.9324132074364835, 5.173528377841091, 7.73448913498147, 5.237189465640232, 8.832797227383232, 4.491241659914993], [5.948024175827419, 3.7578540550095996, 4.6399419525006405, 8.686058394701796, 3.660783505012148, 7.689340783108111, 4.716030445136573, 6.887246378610925], [8.331513341506568, 4.526553254206312, 1.092738271279055, 6.116423239513274, 1.6550501301350407, 2.2393142726054966, 1.5007575727043818, 8.533867712431249], [8.788865157707146, 3.51598275865892, 3.7055346880343842, 8.16763387432378, 4.81996539517911, 2.0261756546703413, 7.368791536459518, 2.5480840580537842]]
7
CONSEGUIMOS UM GRUPO

[[6.059800974621915, 5.685926222558772, 2.5559410243193224, 5.614763699313102, 8.8463339331214, 3.9721308032643963, 7.569914334665395, 2.5845121075124933], [7.849339502735092, 1.5640165087260254, 8.459443856665768, 8.468933248869515, 3.489835071025798, 2.7369652677817715, 1.4289031144209998, 1.3872384173691996], [1.6349129942733311, 2.5518990231174516, 8.660425446503137, 1.5972362000189726, 3.2971831260105002, 7.531018582561647, 2.509321430641826, 2.0880859294114966], [6.762555114219856, 2.943731305529637, 6.555064178397274, 8.6274625105838, 6.062031416596607, 5.9950212304610435, 8.007115503545725, 3.8645249642766677], [3.7770426123588408, 2.624091577984686, 4.859021308910916, 2.2450414663581144, 1.8203973251430332, 2.2657259126264657, 5.730098594497723, 4.821585115094753], [6.672724822078156, 6.382502025458391, 6.284949081602158, 7.22751422672456, 8.553198205070778, 5.803719854873884, 7.024248242358239, 5.907948481610928], [1.9351230020989298, 3.069764722428374, 6.774865146670513, 6.557355395917667, 6.730178377539147, 8.849939555222395, 3.929519757376452, 7.061791815056629]]
8
CONSEGUIMOS UM GRUPO

[[6.171448539610537, 8.819558270106963, 8.563768745511755, 8.665706031102062, 7.020220229753622, 5.75503317319597, 6.081231482711327, 6.397167986756441], [5.297779926906652, 6.193077690154297, 3.9915098049746423, 6.063007704012168, 1.2561312128176265, 1.1956631813187881, 4.487922504928705, 4.200516378715662], [1.2225547864019735, 6.589040516760223, 1.0522008102097615, 3.3144399359439642, 8.15864574942005, 1.9293278946322072, 8.089595832371877, 4.932831469190544], [8.449385726262278, 3.9400830649031775, 3.7696711600427495, 7.489366493921916, 4.348780662794466, 4.404708596061471, 1.7330832999497572, 7.503529335596691], [8.325174405210795, 2.292842313674539, 1.0826040077153696, 7.0888370283849484, 8.117128983564843, 8.635942699357566, 4.452253542057204, 4.203305634680006], [7.362608854052986, 6.207326017066001, 4.996337063799838, 7.593674315413766, 8.451754692338525, 3.421127245225282, 8.125608230783596, 3.3146099337318287], [6.5138662407542975, 4.423403580429176, 7.69104266589918, 2.7428535305621784, 4.934503778977177, 1.2044136343869845, 4.254574822613417, 3.310506673003066]]
9
CONSEGUIMOS UM GRUPO

[[2.500285605767572, 5.297711830279311, 2.384850357888862, 5.682513155970628, 6.671974664652954, 4.223582829197076, 6.996219666640014, 3.1626716232542735], [2.047978920174317, 3.1416979798982068, 5.572910573176335, 3.8778717417006323, 4.031693960250842, 6.39842869461378, 4.152875862590446, 6.507452660613466], [4.581277303998936, 8.846648178610934, 3.055338438331068, 7.868624509381749, 4.555642429022066, 6.307088963925032, 2.94754493851696, 5.172808595365682], [2.12430919887686, 7.962808409956392, 4.1346533462327315, 8.23338878767327, 6.732809701547173, 1.6733060022551465, 6.657514956015481, 1.5109468963411814], [3.7319779682688647, 7.102436436003331, 3.0944738173743263, 6.2608806493369284, 3.8059542604877485, 6.128912254042648, 4.402775025794808, 5.94762059718101], [3.7961899309767198, 5.014706939378858, 3.969211239921874, 6.169232619014664, 6.097090721048337, 3.87866709103207, 7.036178772466724, 7.540671511404323], [2.0722182652810046, 2.60118279923969, 5.3112604213487025, 8.187275673242086, 5.084597723740175, 3.4292406568436746, 7.248117606420446, 4.913547142657919]]
10
CONSEGUIMOS UM GRUPO

[[2.345059778539988, 8.728054689968868, 5.001574727154538, 5.484098215869907, 5.3412519056056595, 5.941043517287909, 5.288944578150216, 7.476063842624835], [8.295584706265991, 5.940033130905328, 8.88002046715944, 3.8092073043567796, 3.7228655733537197, 4.727252200153109, 2.4846767409936152, 1.1620684075716055], [8.365777201703732, 4.210439423978222, 6.079144317258585, 6.547546513568257, 4.001288775089731, 8.473002783197032, 3.1172226848430533, 2.0215504234957935], [8.462635201422717, 5.474169777540331, 5.264404145782532, 4.677209333046272, 8.206567707114209, 2.9497732064305158, 7.83496120900428, 8.737217785633758], [5.657813500531852, 7.23047408558336, 3.2805165822933846, 8.013086681014741, 5.945834854065903, 6.532055559268735, 5.832960177896255, 5.597020613605616], [5.911560021905593, 3.046562027282728, 7.739684818304638, 8.215879272793218, 3.2185686510199387, 1.0741840797123885, 2.452514186355022, 8.664458355539427], [3.673117427487858, 2.6415392428573323, 5.413816667167077, 1.1643609802998585, 2.1781071641220535, 2.8216527882953875, 1.621908831085637, 7.915723715510696]]
11
CONSEGUIMOS UM GRUPO

[[2.0698482740017585, 6.9471687313618515, 2.857707649277174, 3.9604817358100917, 6.942108424420104, 6.420386706983874, 2.9250893578379182, 7.147799033103185], [7.206185904303739, 8.179702631564448, 2.4386427036876688, 1.0012926588726812, 6.3873776438534975, 7.349220255669542, 3.693325454634003, 7.031323525526448], [1.7862906458590153, 4.019551976224165, 1.6269896641007806, 7.33559011983498, 4.774593883065673, 5.966777575003515, 2.093854522318723, 3.1617372974650158], [5.172190321472446, 1.6270452932151311, 3.97637509500034, 5.067935631962899, 1.0353912927152704, 3.320746941217571, 4.474841236783811, 3.017628685409462], [8.464955721568614, 5.942419511931159, 6.901200955970418, 6.075642499352354, 1.3130579898810693, 3.7593539921255674, 7.655383690344944, 7.612601073244686], [4.334631532008571, 8.51949618489505, 1.2873203861898803, 2.767308342596313, 6.594350143333034, 7.612610373341129, 4.651307465347543, 5.638743028523561], [3.2661733705116154, 5.502536246184752, 2.515849214819161, 3.3840098486668246, 4.3336226695259175, 2.9069477792312988, 1.8666668622809874, 1.9733080815030224]]
12
CONSEGUIMOS UM GRUPO

[[2.0270125266372014, 7.196785158531105, 2.2339148553899664, 2.9683951596509397, 7.574976476359214, 6.013145570595067, 2.6066704712417925, 6.5736856657415155], [7.2405977709616245, 6.858288680866042, 6.719273475538433, 8.916501441220639, 3.205263112511936, 2.4706122598656153, 7.457721670498665, 6.6557866641587795], [1.4377778143531783, 1.8724877662485735, 5.1498601363345955, 2.2927625818957855, 5.883039024372208, 2.4888023455637347, 3.7594390329551564, 3.099145559334951], [7.5386030742706165, 4.145657662922929, 1.8814530238277758, 4.699793377219212, 8.46940349936285, 1.0341119926828872, 6.121848418716735, 8.909896923504476], [3.0088856070159364, 6.700330444134915, 7.786479756347125, 4.378046479504951, 4.970586351146858, 2.231011463217265, 7.909204320649269, 4.803909167285069], [6.344744228437819, 7.502611571168187, 8.773876734345773, 3.8422481727223428, 4.018872692378434, 3.1678445001926345, 3.1780878890900572, 7.4402205477861285], [6.167509736258436, 6.466674250106603, 3.5226174939427732, 5.622296097989612, 6.190629769454837, 7.408454431605534, 1.1822340186083977, 2.657063438171419]]
13
CONSEGUIMOS UM GRUPO

[[7.967101960578627, 4.138013375391711, 2.349420606783296, 2.6775672757680775, 7.0863106020037945, 4.319228657437503, 1.014405696253502, 6.173330089719485], [1.9169031010673683, 1.0292382412059116, 3.9425351447450465, 1.572648182216458, 5.513306121970268, 6.936839946227071, 6.503330661618572, 8.985758919503443], [7.775891308654053, 8.331796833357688, 7.310665132979432, 1.5810189288584011, 6.020862729662531, 1.1322271807385444, 7.6443187315299985, 8.90263740718512], [5.1037961966965355, 6.051733191803934, 2.098804218625278, 4.886899015508928, 3.608642770293997, 1.7137408172401578, 7.115957807704848, 7.919969917524662], [2.584121024430142, 3.4298869000801915, 3.1577920624334954, 4.091724016958388, 7.324919171755858, 7.254439348442284, 6.7653460564786245, 7.883938366955357], [7.47808115990583, 7.159851410027367, 7.161193314046825, 6.810551551571521, 8.084007930147227, 5.521356127109481, 8.774419854818476, 6.121860552058683], [2.9700497240872235, 1.6735452203703076, 7.096703301724319, 6.3576043190375815, 5.772895583945175, 4.213748652891852, 8.873157138321297, 5.371976068625878]]
14
CONSEGUIMOS UM GRUPO

[[1.6151330205144152, 6.383063097207323, 4.074456298870213, 2.356764641613564, 7.62361222981505, 3.6234242689297895, 4.604924428750137, 6.331960125445166], [6.125804157484646, 3.1205355435806545, 3.1798569710835434, 1.211021289616557, 5.051766811523616, 7.178224432920926, 8.200648022384533, 4.077597494022039], [5.6827619611569915, 1.4451542154837247, 6.003006936735519, 7.944115478729811, 4.115120909762126, 5.951349761852523, 4.316978750826572, 1.110141923282554], [7.51979359073826, 4.927409136890559, 4.39080694124622, 6.589695728823837, 3.6060467011194053, 8.086369750540374, 2.252689996387687, 5.394633041308312], [7.640327754415482, 3.571223125950185, 4.786131045940847, 5.465272935842, 8.15522209436811, 8.16222903237436, 4.651810292250633, 4.823469520808545], [8.489822869545279, 6.316155754704448, 3.3984679478696904, 5.515836021239652, 4.872379036141648, 2.7194913373958673, 3.171313552686084, 4.555186254606629], [8.912080258225116, 7.3462600473167186, 6.369131926274726, 3.814047585629318, 7.267503563195871, 5.796308503400588, 6.5495095438086155, 5.267295399236687]]
15
CONSEGUIMOS UM GRUPO

[[1.8391553641933296, 6.201781656489908, 4.37493593162527, 6.196691414979972, 7.159830704840373, 1.0835466713444868, 3.0654204439757953, 3.7205924945284297], [6.214205223038787, 4.458056017474696, 4.885999761867566, 1.6469763836717783, 3.542902702685808, 1.4953064879140339, 6.313972923795211, 1.1749541184556245], [6.685907231796229, 7.239247000110344, 3.756578245553259, 8.309680010246604, 4.10051958790792, 7.829596766115639, 5.385480687659311, 8.463448987407306], [7.27666498901229, 1.0706948679527661, 7.848370860803289, 7.892509059497346, 1.6924061046087662, 4.30677211420612, 7.446733668912611, 6.375142827927855], [4.355351758348369, 5.774104792586483, 2.8029866400329446, 8.091931639655181, 3.901259985108883, 6.277050901292738, 6.6199524388180375, 7.1459388385792115], [4.672046351800306, 2.2854124157723854, 7.5220945959011765, 1.03182569034648, 8.55519667726402, 4.187779185123603, 5.590696414803606, 5.670858142062944], [3.8866501405524696, 7.540169163951646, 4.094971163857681, 5.289658560690591, 8.133828737252152, 7.79344889015381, 6.658581489083261, 1.3192006705334274]]
16
CONSEGUIMOS UM GRUPO

[[1.3160697805345727, 4.579555081851496, 1.7205723355308695, 7.448781099069013, 8.961589842817732, 2.321911926147525, 3.1141930291405195, 1.3348015387858778], [7.953947449621696, 4.731982235606196, 2.8400636716096592, 3.767561812439892, 3.1600583755854235, 8.16239884595442, 7.591446166384698, 7.077592179164846], [3.871163095441924, 5.0029019828737225, 5.783622721277429, 2.371761229927303, 4.036335517090417, 6.902672937822148, 8.975136382741193, 2.6107254113456753], [7.986936105315568, 5.653637208195493, 5.861527333829377, 5.485893386941456, 2.836517540905268, 1.5296232689340261, 6.2512221195190305, 7.957642126874024], [5.008835571084356, 6.119780592903177, 2.773852127340586, 6.779441457318819, 4.411089236835234, 6.908108432438742, 5.918505085889533, 6.116168245122278], [3.124207180814679, 8.403872189653871, 5.820035559322766, 5.514087197876766, 8.58155896245842, 5.375641999514432, 3.6878294140016177, 2.951788420654749], [6.126357064706889, 6.2326608109040285, 4.803124949199324, 4.991646458406542, 1.030801382041731, 8.968675304277731, 6.769435379072009, 3.8710356536843538]]
17
CONSEGUIMOS UM GRUPO

[[8.685957813586214, 1.8601187802768635, 3.5098524237517514, 2.2264177376092125, 2.330427931132845, 7.124713109478432, 2.2405293438294986, 4.577983118961358], [5.138856549331284, 3.784848673881796, 5.465363765178086, 4.3500748064097765, 2.0674355899326917, 7.35277193841616, 1.337779906024207, 6.809805478283248], [8.871163611258568, 5.092448551157149, 1.9722482938024637, 5.419666164078936, 1.0609512177049547, 6.430677021750431, 3.1762174009289534, 8.355723673552124], [5.109014341795898, 5.014986954887742, 5.463237710798295, 5.618093849658991, 7.125434212740477, 2.2682667008277635, 6.719009501545798, 4.180160637773421], [2.587188954015283, 8.297769074760833, 4.491427065840055, 8.273810556546568, 4.785998159658222, 1.3208017745833125, 6.422527791706421, 2.046746783009646], [7.310005736266404, 6.273921052004123, 4.505270677962054, 6.048703441573782, 8.23175972646454, 6.251676795659982, 8.21646827348205, 3.9458830907854674], [7.804167776377924, 4.992772580583206, 4.620231814327306, 1.345569736618626, 8.459866959075917, 1.480177187759149, 3.7381388319648448, 4.056378972935078]]
18
CONSEGUIMOS UM GRUPO

[[1.4188380766319355, 8.122946364631517, 1.6855302684107194, 7.030119120197783, 8.359894866763254, 8.05990874568286, 5.64232805120018, 5.187865923800118], [2.2789362484342846, 5.657756375827977, 3.3849290836394843, 8.934439537401648, 6.93182892710751, 2.0590856407367015, 7.963086926210466, 5.901785397902629], [4.241828213266852, 4.41342936500179, 2.138812877006365, 5.6514382163222034, 6.794336453198321, 8.842231083975413, 3.002477359880219, 1.830329050566097], [3.3047537026098652, 5.848449056729023, 3.753129479428642, 7.030949279518122, 8.161916197836845, 1.9144114225032363, 6.248615581185423, 6.438151494214821], [5.902810802028281, 1.2731107339133185, 3.4791976673750895, 1.495419883853569, 4.745746120164696, 5.508065623788533, 4.127216370395433, 5.183435264231801], [6.519606529223932, 7.0067737561568535, 2.0640232806440704, 7.207852660871114, 7.733059000963063, 8.109400033877304, 5.768167205263327, 8.46224379781372], [7.46682396322241, 1.166024762911154, 4.578650109504779, 1.1420901875223812, 5.176888849485608, 5.301856964727758, 5.8596667599930985, 7.101666534531869]]
19
CONSEGUIMOS UM GRUPO

[[2.317285736917567, 6.603120447565786, 8.55344431185061, 4.755294300567418, 4.453728179629939, 7.739799680957365, 8.090594340271561, 5.580179192496293], [4.658214346422874, 3.073030241952293, 2.2890143261951144, 2.0007821959641348, 1.9144766292257467, 4.51846218108069, 4.381872012187433, 3.5796391377896537], [1.4671932189568642, 8.754597335292317, 4.563662326114577, 3.012987328041002, 5.905494005750645, 2.841411243179028, 7.861997961087544, 1.418884084567602], [4.931081744876122, 1.8140231562352724, 8.628525968383833, 7.390047921316756, 6.986298049605182, 6.399032229902298, 5.154469602561069, 5.631205462337943], [5.777310330282033, 6.850287475229303, 3.0126422521327045, 5.314636948532611, 2.6058307010058854, 6.9509728929159165, 5.812038318896406, 6.9889206342860035], [7.186580998303465, 5.996512009247545, 7.434923011711274, 7.381506678545315, 7.579939769576406, 7.186017936188532, 1.8051131301448926, 3.0238274083418952], [1.4845499329260736, 8.275867892674572, 2.9178601203813646, 3.1695951563947435, 7.908463426865911, 5.005617881740565, 2.4901136047705243, 8.555508243743951]]
20
CONSEGUIMOS UM GRUPO

[[1.7793400776829111, 5.399193245873474, 3.470762093697127, 7.1455844306989, 8.843655850127238, 7.231819836422698, 4.736462396247243, 2.3583796854981705], [6.416539332875805, 6.45639905970793, 4.71712377002853, 3.7197119935863014, 6.372859312806209, 5.011872325900904, 5.21816341364055, 5.447995238225286], [7.456153867698617, 8.810784547122607, 4.617366721923591, 4.860827477359082, 5.871431060790473, 6.287830159742776, 3.9801415067806216, 5.767489502190161], [1.0576640458609567, 7.045614835092935, 4.2199293646392, 6.822415621851789, 7.14196358251994, 4.67602939913435, 5.69676597150719, 7.944133475392605], [5.661754648696028, 1.7599548944697156, 5.524778728571617, 3.1669973626160557, 8.105116321202559, 3.282347312332882, 2.8053674416442984, 7.116754690926984], [7.702113538097683, 5.040757949528899, 6.460661938309407, 6.410328776464066, 8.317538902927382, 6.288502124826398, 8.478221943516314, 3.855778344622464], [6.356302749585005, 8.303770353710945, 1.030024428916673, 8.15272080459135, 1.6099873470769595, 1.5528908547773383, 3.3471700897193397, 1.4642432743509506]]
21
CONSEGUIMOS UM GRUPO

[[3.0178080566791357, 7.269122970097591, 5.217977429106843, 4.213598536507618, 7.284398584839859, 4.357669321401894, 3.135084642691764, 6.3980116802280165], [4.935366345855441, 3.6711527482337374, 4.527112700332916, 2.3700673889387085, 5.461966421186382, 5.5274790782316545, 1.024635303074338, 8.19861752128033], [1.3481219593194638, 4.018152283300342, 7.685197247452155, 2.431139780285945, 4.195117533260334, 1.9360968389599362, 3.96119553971649, 4.228606645930864], [1.239642634778722, 1.5841630776258402, 2.4445125518525677, 2.221974580414291, 2.020671292992205, 8.36514765618682, 2.2447577595390618, 8.381692424845223], [8.027227427006189, 7.587681313285467, 6.000034454918318, 3.8754506418845462, 3.399509735069258, 5.892730589166389, 7.34438198321206, 7.962669041472451], [8.952619643763727, 5.431092006424049, 1.059536299597558, 1.4411863228802355, 1.5506341614911499, 2.4711060930739146, 3.4150089984289957, 6.900851982762725], [8.131132675565699, 4.309572956475731, 5.425743317834832, 3.9020278291733046, 2.6787570715312548, 1.3706391163878493, 6.362439708979466, 3.3746166827463737]]
22
CONSEGUIMOS UM GRUPO

[[6.889907348143489, 4.344060725920248, 7.998593306800806, 7.9204786474283955, 2.4294615176740137, 7.8066944980941395, 7.623127808214405, 8.986680716455082], [7.704968266699637, 5.9675591956737355, 7.710087746120138, 3.626435350495944, 3.8975476532438185, 8.29692721588135, 1.880993155761522, 1.6662077022554689], [6.13348123022671, 8.323903297641293, 5.622767159840491, 1.3139310431072486, 5.2992528285932154, 8.220990584921882, 7.55699236310471, 6.362688012633328], [7.870275455866679, 6.052306825303783, 5.157615163215019, 4.606014198808814, 4.728640780982532, 7.332573031779614, 2.7504455986003986, 1.1984519108533123], [5.635506272352902, 6.119846537076679, 4.153467693159695, 7.868802431028185, 4.494224006531581, 5.914171263205768, 3.5371156093254434, 7.061109050554096], [2.3616553655967003, 6.038616125402047, 4.299635753234937, 2.128940350576662, 7.7408750396611286, 4.592212471852506, 8.519604002639419, 2.026841756844325], [4.764874547100655, 6.425150048437715, 1.991028980804952, 1.3926537531686067, 3.682000321944896, 4.767470293976655, 6.7232849662260135, 8.716250181896347]]
23
CONSEGUIMOS UM GRUPO

[[3.2936883143850695, 7.877648727782376, 5.749045171113733, 3.4769181770786295, 6.579316433661632, 4.5906693949250545, 2.030646548257139, 7.061514246169441], [6.142432498629629, 6.2559821915002995, 2.4080346496778287, 3.38393973996324, 6.698560301490886, 8.877380727068385, 4.753687087309259, 1.9439836694351502], [4.279878789173012, 4.842924638035548, 1.710812234441585, 5.300632510598396, 5.477793004836545, 1.66524429430625, 5.415723111424178, 7.732449483131415], [3.6081254374156746, 7.07509440675457, 4.118372733435479, 5.15798059652617, 2.7540987555510217, 7.542625736016901, 1.592774270807105, 8.454318643601493], [3.491520518267655, 8.893139452087716, 2.2014534302726956, 3.5042839580528566, 1.2037023832006613, 4.9001202055654725, 8.186407821829786, 7.808294172793345], [5.239767028064639, 4.6978093169258415, 4.869122230245867, 2.687308633809481, 4.2380021344725, 4.131795494567535, 4.585151497179567, 2.176438426074392], [8.129170226301387, 8.042341105410546, 1.4815759906621766, 4.040446226172368, 4.382339606283105, 6.976798332894235, 7.911121863243053, 7.293109297856643]]
24
CONSEGUIMOS UM GRUPO

[[5.488408042995038, 7.919232800820348, 7.2449366458819995, 6.152282615221955, 7.5451190162963755, 5.432001965310329, 2.10633719925279, 7.542274207350449], [6.6080378075053465, 2.5899334923362343, 3.199390557944281, 5.606243297459373, 6.868742235314124, 3.0095747095673557, 1.5318702255368688, 3.5977073003969453], [2.3747734580481463, 1.628094760817345, 5.838282260009028, 5.649016805299539, 5.635099861983299, 2.3184291009974736, 7.285422367857256, 1.2063891096114556], [7.33989112487917, 7.2170006773349265, 3.111228027325046, 7.106187848042575, 5.766600069200817, 2.1554817286097023, 4.4302277350069055, 7.335332686663138], [8.104401552241846, 4.29395181802456, 1.7630677679100097, 3.5983489848386574, 4.008805571310744, 1.8722585146139075, 7.942631222944661, 6.096855988987955], [1.4699836709316836, 5.510693339298101, 3.1806523738741745, 1.809728272041479, 3.5885080903494435, 7.522648186237559, 5.844730980665046, 6.640648235615166], [4.736347147111759, 3.2161191929763744, 4.5612740207475735, 5.5357251799227765, 6.499201648516525, 2.5289961566229806, 3.0889136597351383, 4.7941899234013805]]
25
CONSEGUIMOS UM GRUPO

[[5.033195505831837, 4.134782852151223, 5.199539818766782, 3.858519460322138, 3.787159584944191, 6.024582535298863, 2.953121363265721, 3.7219572793154274], [8.130176237944337, 1.3957700385272807, 4.452390147697635, 8.801070917196874, 8.326454735507038, 5.251070894930597, 1.2384200100406462, 7.108024477711983], [7.662964339381561, 8.382452091347911, 4.894133915039685, 7.7858770754149464, 6.5999090436403405, 7.152197170053935, 7.156105126284241, 7.153291371900561], [6.375842210051175, 6.036467673725779, 1.0885339347477334, 3.37553342815674, 4.715358621771683, 8.615170772036594, 5.8791137958060276, 7.652732913789286], [5.318694175385551, 6.559290704562084, 4.204829090536564, 7.025694049157439, 6.199168138636001, 6.518482050885642, 4.389518084246713, 8.536295149726746], [5.390432355161404, 3.998348118700128, 4.894843457583671, 7.251957881539388, 3.3777152305728544, 7.162354672973217, 1.3656328200805516, 5.497228475097679], [7.458006775286028, 8.635885605031486, 7.038467234770664, 3.8851200482218538, 8.710958858970866, 2.8172507919369094, 2.9273289366783652, 1.9527393004867184]]
26
CONSEGUIMOS UM GRUPO

[[3.031314948581798, 8.821872293031964, 4.816900870125483, 3.1366598722673658, 6.2804617122646516, 4.906788174093463, 3.886728881749854, 8.29466098664399], [7.112416171211172, 7.796479755961996, 1.2109871547846707, 2.930018879241059, 3.425230021705133, 6.152034117034132, 3.742448492793362, 6.5059734477323055], [5.379150245339562, 5.436898278489402, 4.162359884541697, 6.499810065671503, 2.7235096107069277, 4.0279704758815145, 3.0882784790320894, 6.210828494965386], [3.289530318538451, 5.343592775991393, 4.602639839003167, 7.141147721014527, 8.615343171860864, 8.480991038969337, 6.436200858219721, 3.9948444597289674], [6.09257423020162, 7.1842640010548795, 8.960296293150767, 5.206036387300977, 1.376532292402854, 3.6616553527823132, 8.426086825095469, 8.983595165856876], [3.441935333446029, 3.5173293884495687, 8.355110747527132, 3.7026871899771825, 5.863424788756166, 8.081640889639155, 1.3447855131651272, 2.16689339606165], [3.1460591146387733, 4.98566988453392, 8.605030048716056, 5.475781955021552, 1.0104523791296653, 8.279503557131452, 7.01739367534527, 1.4825931873574945]]
27
CONSEGUIMOS UM GRUPO

[[2.193405176402689, 2.9578238531823766, 1.8352520133771497, 3.0643791774592977, 3.796293484830648, 7.041636818008326, 1.0533808959899922, 7.308236321126605], [3.294156048089988, 4.565797532466105, 8.821447873055455, 3.027905091120494, 6.881462553043174, 2.2629665366468243, 2.6145214673294106, 5.137670037827364], [3.0625353159490807, 2.8567901453017193, 8.680227279202086, 2.8306015972848613, 5.65541236508082, 6.797529705371844, 2.1936328726836978, 4.226813383915706], [1.7830500381103613, 7.42599324764106, 6.304218153190389, 5.89527100205319, 2.1381900507092517, 3.2922665187081455, 3.7330080673623316, 7.776970875381656], [1.5608245923169335, 1.1633289469188002, 5.6389317383362165, 6.11492412912207, 8.569213849415938, 6.410885157273239, 4.915869116104349, 3.7089965660196214], [3.5673590079852717, 5.891371007068471, 3.067299859754912, 4.633928421346513, 1.2666729454743635, 3.7925399472976338, 6.052953604037429, 5.654158214114897], [7.717357068013039, 3.873793257408928, 2.0395223313137505, 2.629552749544154, 2.378653549982822, 5.364654835284482, 7.646234000750114, 6.524705891571274]]
28
CONSEGUIMOS UM GRUPO

[[1.0353136452104614, 1.089957218139797, 8.418096961401863, 8.981177299260178, 4.062224054770302, 8.582490533686494, 7.026730418523164, 1.0770992844734453], [7.7492726041023845, 2.628147341072732, 1.2832971205811754, 3.17883959674384, 6.21104859079885, 4.07689905502009, 6.9829743271661995, 1.9004788829899928], [5.141810550808535, 4.519420348395064, 3.1753180682562743, 7.25475624775391, 5.475935218175832, 6.189691166282874, 2.185078868428218, 2.639656035925622], [6.484172471611693, 1.794882227416057, 1.2329400146433285, 1.035500193264907, 3.2328234954791606, 2.2319880742408955, 6.599647677487509, 8.714008514159985], [8.947243870799356, 7.922103191364109, 8.379237813148876, 4.185673429356258, 8.169501478127938, 7.2555136946786245, 7.379924444932592, 4.811073960529472], [2.4218163424117813, 2.6622485098968793, 3.180333318549268, 4.710882145407057, 8.299769288698823, 2.7920899001150525, 3.4574709583599397, 3.961161444458037], [5.544382635438965, 3.5006956799212947, 1.627304923124429, 4.955613314583425, 1.4878832926308405, 5.263404392667745, 5.973035823144412, 4.402342035414338]]
29
CONSEGUIMOS UM GRUPO

[[3.1592135804145736, 1.6359955481818549, 6.9217958170347975, 1.5381875342430584, 4.044080035572681, 5.154056980846452, 2.5071955518395654, 5.2657499489648725], [8.63572775108797, 7.779836452544057, 6.8640947469890135, 2.1049287366743696, 8.693348344556242, 1.8700236471157057, 3.5868621724647314, 6.3681408294541635], [7.2158657965788695, 6.181207523668939, 2.892451298103375, 7.956482262644042, 8.45874516885978, 5.784395461295115, 1.753538520712432, 3.029845281543037], [1.0296419744521161, 7.015677170768933, 1.9370657865950776, 2.9398205498971066, 7.279924373205994, 7.614150261021032, 4.246807641083907, 6.271124125327935], [3.0536274009730064, 6.455389328452528, 6.355472480823175, 3.1033864988225623, 4.9130132871250956, 7.38217852891355, 6.052243647644857, 3.828649820977941], [8.026975380384329, 5.659729347767876, 5.2653954637125375, 8.205377345302058, 7.083574260321606, 4.6961604533750405, 6.879656325569083, 5.558851535412247], [6.162310753034847, 4.9384424260267785, 5.2246564153040795, 1.1398389480721995, 3.2361902304659322, 8.326686450439158, 3.551937136893076, 2.875886948426488]]
30
CONSEGUIMOS UM GRUPO

[[3.8051634468171205, 2.2403027165517857, 5.08279984454434, 8.778411608740539, 7.253204398024276, 2.318830812177988, 2.879310076130851, 6.243777337702097], [3.923815230822627, 7.312710121394246, 1.8076365127585303, 3.633599426310983, 8.651728161361612, 2.0555471448721807, 1.5600461233033034, 6.091416012009737], [1.5213165396138697, 5.069616391183524, 1.0966621368657785, 2.1800261355223594, 8.303275005706583, 1.3777614244103926, 4.859021272993986, 8.710691229110715], [3.0818298457424484, 8.335511723779902, 1.2747883315739932, 8.425990128192465, 1.1404952851420918, 6.928780206612656, 6.893829963851447, 8.68640357101636], [4.348211533601797, 7.46774459153569, 4.2116010087439415, 5.718133446259562, 5.14418225702593, 6.803800483933902, 6.789295899070688, 6.563275062870692], [3.8151106674803303, 5.033644678236498, 4.185775380169947, 3.7084127244506186, 7.843655924332757, 5.211216769038663, 7.87440551759508, 8.152704250013326], [2.833598465251577, 8.62991626849887, 2.0774960718213604, 1.7440757401099027, 4.434945200320093, 4.262378473457522, 5.5885245642290835, 5.414729802787857]]
31
CONSEGUIMOS UM GRUPO

[[2.4464156031791093, 4.915752272502314, 1.3351313088414942, 7.882031050794887, 4.598828082740581, 6.647408008193431, 8.576337551908228, 8.498589105214002], [1.11565252440203, 8.92051195498583, 4.729653568162301, 4.967157238204301, 3.271257369891406, 1.855140278642935, 1.8812204392676568, 4.036690053552961], [8.520654304457224, 2.3394294464144565, 3.5935458790089676, 3.317158814535488, 5.31724341733671, 1.3334532431652626, 3.9950682005942992, 8.51984366679192], [8.653133702973758, 6.257707404631471, 2.198546975426739, 3.510399408911592, 3.975156402442088, 7.12307690881116, 3.0551668852053018, 4.45332347660799], [6.438066027099188, 4.670607749384583, 3.412087575159423, 7.302440491796469, 5.62466787647107, 5.901194619216024, 5.5651627393486, 7.778586769452501], [8.960580355112786, 7.806727568958451, 7.590097723195079, 2.493947482008177, 7.129377941328489, 3.1549319506708065, 8.486578178552435, 7.88245708280071], [5.18725167608874, 8.552941529916186, 3.8926754932793948, 7.149577144292551, 4.273960942344878, 8.820090875017115, 3.267553945356128, 7.002592038570935]]
32
CONSEGUIMOS UM GRUPO

[[4.1792920029248855, 4.8400791321152035, 7.044268265031776, 5.897261503778052, 3.9099216882991445, 4.8016122719398435, 1.6456943004874072, 2.4537724210777734], [7.210121900556376, 1.7277313262445038, 3.864825596971781, 1.213171403794564, 6.23338938337605, 4.416922557386442, 6.89897987303405, 6.729203389970562], [1.0692263156407513, 5.214246140726382, 7.672157901217749, 5.524978166737075, 7.562490525005415, 2.053232005330952, 1.8354555832374286, 4.903392996112194], [5.8451428880929885, 2.7204876039671024, 5.984193216886069, 3.9353501685488883, 4.338861807724539, 8.053915358050736, 2.0667006212125143, 6.995083446266937], [8.805395584726474, 6.065183534435378, 2.7137051403974057, 8.483790507755149, 6.7958680394695525, 7.69226984855511, 3.596556256648916, 5.955022303194613], [7.405192868352195, 8.215599152169968, 4.348109161896465, 8.328947936288966, 8.448984339832657, 2.2301031459798972, 8.148011480915667, 3.0853715996457662], [7.774877095884794, 5.180922942649815, 8.249093657142208, 6.031896565527527, 3.866965489552916, 8.160889794250988, 6.369949945520853, 7.987756730285431]]
33
CONSEGUIMOS UM GRUPO

[[3.063878287581388, 3.757207443297201, 8.22539483671037, 1.7095192950099927, 4.919360706898124, 2.9679366467587736, 8.510240032796478, 2.5513006351122325], [3.1736762984884024, 6.924570127437924, 3.7643522546849795, 2.0979064361789046, 8.523993217370606, 7.872373051320091, 6.844590850444521, 5.427350697480881], [5.030150759192147, 8.918640813288103, 3.796725414075649, 4.06262021170337, 5.119080254566792, 5.057269310340291, 7.359270137733488, 1.596519783431015], [1.093918736539802, 1.101539282689644, 5.248011775691414, 6.5012946440922175, 6.102386700192586, 7.892169364185253, 8.979051351601463, 3.8826655439036895], [6.2716140956153525, 7.797613967007498, 3.405482052610746, 7.365731074146531, 5.112947018300447, 8.242358279099161, 4.391837313341837, 6.0218880570404805], [4.1507705774797525, 7.3131088018670845, 5.267359042085199, 6.165775023904931, 5.059952286676064, 7.112124002526545, 5.882243863224417, 6.665131038914885], [4.559545797960864, 5.935099021113684, 8.772005432624269, 5.766404031297394, 5.059224198497935, 5.197153170110221, 7.289723755990135, 1.8292388633948509]]
34
CONSEGUIMOS UM GRUPO

[[1.417344608031585, 7.494457977462988, 5.8581550358808885, 4.248170666834185, 8.568139262867923, 4.652328226109338, 3.724130725169159, 6.859200409272965], [8.7850912506524, 6.048963545096129, 6.130358174650395, 6.408155303015223, 5.123854803909383, 5.437158160351777, 1.805039465173814, 6.330540716349435], [5.975986784798617, 2.244515988250635, 7.593725169528072, 2.04754909842781, 6.606888713854753, 1.0774479060811153, 1.620778363479439, 7.214567889305463], [2.590677922448739, 3.7026924337872487, 1.1226520263303899, 6.760130838058456, 6.47960885482674, 3.034186644559435, 1.5994411155556785, 5.485101979453064], [4.203674102668735, 7.305409862614587, 6.014951095422251, 5.602913362887006, 7.858952268826711, 5.378809884513157, 4.213278120973897, 8.349724576075088], [4.991820454427669, 3.083467358409804, 8.31489755084393, 4.569006562444234, 5.490533903662315, 7.497140069701273, 5.234561957978787, 5.466711204587243], [5.951067341035665, 1.2791327403587394, 3.956325192162166, 6.667087108814038, 1.753086002235496, 6.101781961610705, 7.6686414974653285, 8.25494361094267]]
35
CONSEGUIMOS UM GRUPO

[[2.0627171146635357, 8.180555655978, 6.644755449285103, 2.616713458698075, 5.02294339869207, 4.704526048246425, 2.401442261332777, 6.740655689771124], [2.3415475110823225, 3.5778320366654093, 8.803270519675479, 4.7941821897607175, 4.538273944425865, 7.0980892455334414, 8.356941805439586, 5.256387323110552], [8.125792684959691, 6.82877793065599, 6.017472536067468, 5.5008312417348115, 8.978487894893208, 8.552958483909936, 8.430292768128808, 8.53638444847403], [6.78269909121061, 5.867228823603652, 7.027185214855196, 6.34097408189538, 3.129382170778304, 6.01160171162512, 8.486749404193148, 7.765920907645626], [3.6540221629317333, 6.021408130539501, 3.9128405959618178, 5.937891211403615, 5.925485393996896, 1.3611965715998462, 8.90354099334288, 4.968993011102242], [1.8354817127013465, 2.733672562893763, 6.81894882908413, 2.9065218157963724, 1.4575399795040154, 5.747200115489402, 8.746270690500351, 2.2588391308001414], [4.971580168138619, 7.634916730448713, 8.714002133170457, 2.3266886721456483, 5.47489075872678, 4.188064347877613, 2.812420857584791, 7.596535622259856]]
36
CONSEGUIMOS UM GRUPO

[[4.647696665332125, 7.075324498740079, 4.347641900772669, 7.280302191187748, 4.774967508745108, 5.899330454060155, 8.296700170406222, 1.6467817279933037], [4.772822682240443, 3.4824400625707836, 4.828558617526813, 7.077837156443122, 6.366562386075399, 5.606479214162683, 8.888283840781355, 1.2668357550532887], [5.27179820648762, 3.995631621707588, 2.379267558925891, 6.809999586021105, 6.243968157700138, 3.032275992969307, 2.630613121769083, 8.43848180636412], [6.296508143757639, 5.742715452742072, 3.3087204322047903, 8.09295552495136, 3.20864299961989, 6.022204335604298, 3.9854951569793498, 7.13161618521694], [7.173951045672115, 7.8959213434903015, 6.925391267498296, 7.1726043522162675, 7.564786294123087, 7.247458701675499, 2.1153012063654737, 6.484089390275139], [5.742748845016704, 2.427208769794917, 5.59369326020999, 1.3862648489844167, 3.038288884443146, 1.2280210043823372, 8.345953498606967, 7.837815125808547], [3.792251261879522, 5.900138317122672, 4.991466408306043, 7.613246672686002, 4.689185128762886, 5.145096237480017, 5.1450663445996945, 2.4322979537799734]]
37
CONSEGUIMOS UM GRUPO

[[6.754739285801835, 3.4000095068829337, 8.619334622998675, 2.679027507822661, 5.299161186606351, 6.647985680274157, 1.215343048142702, 1.274092473114643], [4.993537951632191, 4.571673273476634, 7.539015068918854, 7.4941339709208, 8.20101703430839, 1.7593033316161888, 3.8674842375820093, 7.282319865349708], [6.654273856487836, 4.252441560659655, 3.507938816991845, 3.4647465606174546, 6.78910165868438, 8.015830779231152, 3.1870910249368105, 5.565942983608028], [6.635693553028397, 7.96590969604058, 3.5014834165229693, 8.68222896892133, 6.734040813779087, 3.5823541291240275, 3.8790529167944925, 7.171268064448048], [8.613684483455597, 4.548699318561454, 4.493636255323021, 8.494128330951423, 8.885260375000328, 4.060446687067131, 8.066138359941732, 7.543361398976001], [7.366386897002694, 8.633174197829515, 2.5626391848692895, 8.25813062695866, 2.3705755125464147, 1.190247850350378, 6.7673174903911475, 5.798830444007596], [1.1572377964196088, 4.654433064444604, 5.583105675927052, 5.511576150180932, 1.9814652280127056, 5.449463153033243, 3.2538534211548473, 4.467426540744103]]
38
CONSEGUIMOS UM GRUPO

[[7.50210836548359, 8.919054902989464, 3.7850584045268842, 1.8659582787416173, 7.799598287225294, 3.609507308344, 6.130437943968209, 1.4126168230574931], [3.1114636723729596, 3.135583922835994, 8.776266318984227, 3.821058470655948, 2.238193501661711, 2.8231982133970908, 8.175086286633396, 4.856079794507644], [5.260075155021459, 5.920428222564252, 8.797208096721782, 7.5667209526324, 7.310130053050023, 1.8193834212633222, 5.549803724293912, 8.754367328460177], [6.858885595461025, 8.028256970585307, 2.529828165240218, 7.958400063370942, 5.256117640831233, 3.941641689566418, 5.023620079901326, 7.7584091279954155], [6.914898519118154, 7.455631193640363, 1.123769821448989, 4.95387922515285, 8.487410117992194, 7.051314487319513, 1.5071926287692943, 3.034230498313912], [5.970620998324297, 1.8185156608327828, 8.294766458260575, 2.888639537755111, 5.2995878329439945, 6.974830421252147, 5.119157132211553, 8.994474032891123], [5.361515181680559, 4.714896055893465, 6.700692496415204, 1.7316016215413441, 7.6075352519187, 2.8569370502581766, 7.734076359537261, 6.5246009909331795]]
39
CONSEGUIMOS UM GRUPO

[[4.2616636052720835, 5.422022716751142, 4.493554388579004, 3.2508176388582504, 3.799499801842087, 7.744838462559845, 3.51894724944235, 3.8541690210508497], [6.576555951120862, 4.708336082499142, 8.983314549728654, 2.825728417873041, 5.439081531618785, 3.60428788549694, 1.7508908373708474, 2.8808146058830806], [3.7137920336264862, 5.436804683739329, 4.631880375170104, 1.0835064035194248, 1.8236469952176932, 6.059774297523511, 3.567924924012684, 3.8113642536937515], [5.883422114506982, 7.386693219702463, 2.8524320934260032, 7.775653035374734, 5.159021642914983, 4.0827398795537135, 3.0799173480364823, 7.034884456193804], [5.988416663879448, 7.223875250813348, 1.0339506726974443, 5.479756038693331, 5.29419551984812, 3.6581392320321156, 6.629253276987415, 7.078881890534918], [4.564189794886738, 7.452057531370195, 6.340757386404442, 6.2713885975417885, 3.9977336232788625, 3.1117330578512092, 4.451778984625825, 6.319969688354453], [4.394262173108439, 8.542930969690921, 4.6458286329859675, 7.370657081254772, 1.17113307975481, 4.3414001658544, 5.756106542473814, 3.1438095740452514]]
40
CONSEGUIMOS UM GRUPO

[[1.8825297562101833, 8.234283964152317, 5.553813298020085, 2.857276703743863, 7.6523886615895735, 4.368040192603139, 5.431229798800273, 6.420890078536563], [6.471481844276281, 2.7351535575838675, 1.4157267101762185, 6.861913883071966, 2.670395123052849, 2.0919732022182496, 7.578009308958448, 4.06792976390441], [1.3612361717066088, 8.28819449434605, 2.389759294628247, 4.439053889730973, 1.4325641921952599, 6.486506103350444, 6.7138416713776055, 4.010431592428609], [8.1122129610043, 6.725286069040596, 6.3848884441607385, 1.0710987880734697, 1.0919708994744397, 8.311943905562128, 8.268012126723233, 1.4535018505451198], [7.563004722345802, 4.649011141363542, 8.472296034513125, 4.404324318822046, 3.5481749659512234, 8.256934208000239, 5.030928412967176, 2.5901856467725946], [7.9869325087888985, 3.2937826736396945, 8.772839995334202, 3.8851631479768614, 6.654291903264805, 7.002340852973712, 5.9223289715164285, 5.065310130484765], [8.254480077389701, 8.033761543479935, 6.448730764223221, 5.694773554409807, 7.43629650316451, 3.5250545615281696, 2.0743265320562365, 6.6945496392021955]]
41
CONSEGUIMOS UM GRUPO

[[1.5820802492171433, 3.0103156643351765, 3.4143002346964266, 3.2596970971394175, 1.748909704225726, 5.565669384831532, 2.0472131050726263, 3.1576969277561755], [4.985032905848868, 2.015706465044798, 1.9685564520629049, 5.993972843266177, 1.8167360770048848, 8.860661902364377, 6.5396512669214895, 3.751511499162709], [5.313533462855108, 3.360263253868494, 1.1914043242699996, 3.52256570368675, 5.511826605201053, 4.3536943120658655, 3.811495350405499, 2.0201405504741317], [2.1108048352339335, 3.5242218190530794, 4.677053998795421, 1.588634569715655, 7.0230291561567055, 3.811139872395504, 1.9163278216722963, 1.4689910027286004], [2.563157963208754, 5.243115737286873, 1.3996963543803433, 1.9723535950851865, 3.6131802327183946, 5.69290021319975, 5.0628057487172375, 7.285092556331491], [7.544307502626131, 6.387166559582729, 7.193228721830458, 7.076956260916225, 8.007165469138467, 3.7074491599922688, 8.377716274724815, 5.0517178926323965], [6.8996755720581815, 7.383896725017275, 3.6060197037426454, 2.2128283679701637, 2.518468785204968, 3.3293080454896513, 5.908145914909432, 4.923278104958827]]
42
CONSEGUIMOS UM GRUPO

[[3.1158501637970497, 8.717050998267219, 8.239597006107145, 3.964322473809876, 7.195421598399942, 3.904576426691394, 4.298554131098026, 5.9598022400695365], [8.59574521030748, 7.268999338184089, 6.323472936371429, 6.583910248769809, 1.2104473957993367, 6.585982065742745, 4.045970575091186, 6.796182392158535], [7.520704458085802, 4.930476263249446, 1.8674612387611944, 5.214439271321791, 4.864026659360938, 8.135315121880195, 1.9391989384595059, 2.330051386346157], [5.881655013265346, 6.397086537261986, 8.182593589237698, 4.2959588628840955, 6.008658652982906, 3.2654304647893406, 6.577418688308437, 8.314764572104702], [8.645440902575135, 2.238257380098628, 5.913292630982965, 8.893269885920649, 4.548451710864713, 4.592880402165806, 1.632421420506442, 3.8239004665944156], [3.6542433832055794, 1.694616878349029, 3.6187524070514154, 8.179590385312915, 5.955514594007637, 6.6307936992980405, 2.8620531534049043, 8.599178164575065], [7.202170486980207, 4.3955848913054325, 3.6996606898492512, 5.314567026170174, 4.442201539781333, 4.110377842546262, 5.78353466557776, 4.350989202812854]]
43
CONSEGUIMOS UM GRUPO

[[8.258228894868333, 1.232847785629195, 1.5831334260064631, 1.919162208374872, 1.6911604587829805, 8.77008124922287, 8.261765309969281, 3.6343403737720417], [8.571098256957727, 4.579770580839935, 7.390775329441743, 4.148495165757945, 2.655991589529484, 1.7546048985011664, 5.406660803153913, 4.66625930374366], [4.997651935368531, 8.567331245617208, 3.363444747153973, 6.2623280693891195, 1.2991008514246687, 8.105874125043245, 4.270262908232178, 7.292067396301037], [8.503046327937582, 6.337329553668008, 7.983519836528066, 7.421042681384495, 3.104553989071296, 1.5859605168112791, 7.347832041110171, 5.814147848647632], [5.988726661159915, 6.058994700514068, 4.335052290038953, 5.260501527235344, 2.9830170966323095, 6.115501107212632, 5.115979598197006, 6.225502657755412], [5.565883894334962, 5.278884697324057, 1.9927357697628487, 3.0120193666015638, 6.858071770806264, 6.9739885032680515, 4.25917778729842, 8.669446941175217], [5.241847489228988, 8.258863507811915, 7.884370441475378, 6.2115052074652715, 3.058542009306782, 1.60022629143086, 7.202820705859181, 6.649594470671205]]
44
CONSEGUIMOS UM GRUPO

[[2.817754925141571, 7.451395874036554, 6.909504026058782, 2.4959385274969312, 7.13354250182834, 3.534317078494384, 3.5345356571877327, 7.258072505006186], [1.3827101713471412, 3.202378940353359, 8.118383402552222, 5.942826157728369, 6.456685256548936, 5.427667233774423, 4.1962291787018025, 5.0572652164331195], [8.253988746707904, 8.286714319080174, 2.3581626952997174, 2.3457411026965787, 2.335204396804145, 8.461546928521198, 3.1244019358917043, 4.033771922726123], [3.7918059328275335, 8.83368872728786, 3.0302181988533476, 5.170490455890211, 8.70806871032896, 1.4881008697331142, 7.969398768344576, 4.897214541328001], [8.872334397242266, 1.6210052998329836, 6.374001342679671, 8.481991529340299, 3.099956687757053, 8.83443952452388, 4.921363433711569, 8.011269747261473], [2.414932552938244, 1.8342285072261957, 5.058936808469091, 1.120324240253602, 8.808280349044551, 2.4623119797731885, 4.647199631726635, 8.844722215518482], [5.9941116621248245, 3.471856222295906, 8.333812703020548, 5.48455938273933, 4.1107046656657, 5.5680790378812715, 7.824546938699723, 2.021082786656317]]
45
CONSEGUIMOS UM GRUPO

[[1.7670096428730888, 3.7516438090088986, 8.596909057963398, 3.0008964160473717, 8.556142984579694, 2.3503414426772196, 3.926702733940541, 4.498792413841209], [7.594833971401373, 6.691109329610879, 4.31715930817701, 8.044524256076048, 4.382338205609484, 4.568568663574507, 2.0798877249207015, 1.5462705266810612], [3.9875790546358223, 8.666648058509177, 5.103445975487931, 7.07993779205872, 1.91880828982882, 8.916199770249124, 1.926049727139314, 6.0206214528251865], [6.2211890212909475, 7.415877548748351, 5.671995339183852, 5.131550112684675, 6.437822768965801, 4.371406428067869, 4.886180735253542, 8.100186335417256], [1.7603038659134107, 3.324022697576784, 6.665945175622517, 1.9175190795540082, 4.745673163832682, 1.6028019972265817, 7.180773712807846, 5.336969286086903], [8.931403065392772, 8.68302014077307, 5.789658376489316, 5.678280297073583, 6.6666806925582405, 6.197856933948915, 7.761743539390502, 4.685560896233173], [4.548546599606235, 1.2543020061330425, 4.451081912778011, 8.944087697731298, 3.392154650900899, 3.3438706400352123, 1.3682710786978607, 4.642918421106433]]
46
CONSEGUIMOS UM GRUPO

[[6.99473185528591, 6.361274941534807, 5.1277055871713655, 7.91419375451114, 2.438171053531838, 5.151185835256228, 8.19163715901918, 5.048316873463052], [1.896625333849813, 4.986360190715272, 8.933256511741646, 1.1296025881155929, 8.376635110900544, 3.915179722065962, 2.1646459010000845, 2.7825976410995583], [2.8435678285639225, 6.818899958076882, 5.932126640782003, 8.754146411351877, 7.659503041661851, 1.0764477687394738, 1.861190636996306, 5.451709660938419], [1.1514219682972833, 5.0238331919636945, 4.013631324149617, 8.360833257526753, 8.827968963538215, 5.34275493390074, 4.169574187837415, 8.489145455014295], [7.784449784663037, 8.361209232525681, 4.575084074651479, 5.273001305506807, 3.534934459952064, 2.3886911768854313, 1.6383297478883687, 3.9656661638289936], [6.354971399787484, 2.426473241901629, 8.336567039741222, 4.557524757444442, 4.920487284710652, 6.677175691016559, 3.284934086813373, 3.0061571551894097], [5.324649497759914, 1.0814701800021709, 3.7049522238824686, 2.6041964656645646, 3.606604243274667, 5.326617346984099, 7.638863090673401, 2.7794605372224863]]
47
CONSEGUIMOS UM GRUPO

[[6.618920185489407, 4.7135172524388045, 1.6476671936675125, 7.090577672216159, 5.364007036237965, 2.015289662012136, 8.348187576604683, 2.630364013600114], [3.524935095980317, 5.3503360611371, 7.808050948659072, 1.5343802087523075, 7.318696617378144, 2.3346960948449578, 2.4003765814076834, 5.262309968935807], [2.982194325902463, 4.0021258311225925, 5.034043003683653, 6.408282955431522, 4.905486784951713, 5.9446267012336005, 5.541186001811719, 1.2822990253570392], [7.451241267216091, 2.366184346855376, 5.874687771561147, 4.409528839475111, 7.62104388336263, 4.1599393822044926, 8.877432250259274, 6.874267045556209], [6.178792519295351, 7.911524084970449, 6.615047352923342, 8.239138325250735, 8.35254255485303, 4.252309224710689, 1.1515694383283863, 5.706635335684005], [6.368455361618749, 1.7377817483634743, 4.321671204654796, 8.468029782874996, 2.452473862037656, 7.774389723385126, 2.7503827388504822, 1.3577444368297265], [1.5868360930221064, 1.8170071304399498, 4.286562308827598, 1.6849330281608461, 7.039448136776416, 6.400508033616015, 7.2622256918972266, 7.8444324707760895]]
48
CONSEGUIMOS UM GRUPO

[[3.4154269316534824, 6.481061045742613, 5.740494693969262, 3.765501785269935, 6.265619703190183, 4.02537425478368, 3.825872102381572, 7.598382594905443], [5.984383402862601, 4.025161307674124, 7.523873389450206, 2.4271507839798225, 3.358594299161889, 5.555417515826724, 8.539728281241247, 7.106803061270565], [7.401355657456287, 3.831374352070056, 5.30474398688119, 3.238319207129458, 3.424216322814842, 2.270695608748765, 6.399100388276833, 7.482769643194654], [3.1870418960607, 2.723294537381463, 4.877876206482472, 3.0706900450515935, 8.934670786844153, 2.7016315486312035, 4.776293675490298, 2.962660708004228], [2.8298556763467095, 3.4776052047141697, 2.0215127844351697, 5.998339307974638, 1.9040408400205049, 5.183455455635713, 2.0962210142150903, 1.7180048766296325], [5.949883434184051, 5.677262598084661, 2.3438990089726905, 4.350135388610798, 6.552836782775086, 7.043113801674041, 7.317575199924846, 3.6285258183734106], [7.399232456978465, 1.319397636381046, 1.9097952693746878, 7.486438433288631, 8.933464653547649, 8.385565776851998, 5.624036148518768, 4.931981832376229]]
49
CONSEGUIMOS UM GRUPO

[[7.202972076421182, 5.689147368710563, 1.8383649670420068, 2.422343495702899, 4.547818113062463, 4.465578239468769, 8.539558293555585, 4.330485859278985], [1.319676463532617, 7.879465309323575, 7.33908227059259, 2.2534856697131183, 7.790769126452219, 2.527537005056945, 1.0202147373834114, 4.015493278787069], [4.57570302040592, 5.862447973598976, 5.86534824305891, 1.1414738600412884, 7.577547637757984, 8.587920829712735, 8.952722314089502, 4.498185145158226], [8.61929233282598, 2.81147940423594, 1.6957269590271276, 8.615406137369089, 6.502566876742771, 8.082963357138375, 2.7608605917089157, 7.462602727427341], [4.974531773255978, 2.9030797445521097, 6.669544893909319, 5.207548620411649, 5.911962619672181, 7.238044752260189, 6.542457395175183, 6.338276824029645], [7.208948555593322, 6.850322367147018, 6.149774863425964, 1.7080524302676015, 3.4268647727023955, 1.9265531767099482, 4.326213570385476, 6.245320490873085], [7.080972684278962, 8.69803753507809, 8.544939727855585, 1.693115945845867, 3.8053483090467592, 1.6174767636896803, 2.7371234848306027, 1.7244912474841172]]
50
CONSEGUIMOS UM GRUPO

[[4.344256135262322, 7.299746260412853, 2.4537478503822507, 6.714891575715423, 5.853486960827946, 1.0003395459221789, 3.340232600560176, 4.509798831827053], [6.366359943379252, 6.879191278148962, 3.9985559409796574, 7.764281436010249, 8.45552552199716, 7.6490117364267185, 4.093172308235556, 1.0004806319760995], [2.557848975547702, 6.989636175522408, 1.4890357694530012, 3.858546676669379, 6.6863689888823945, 5.646519921737026, 8.035190687126999, 6.482232542835381], [5.104205703508244, 1.0371823326846785, 6.434098435924037, 2.5292250214646144, 8.635683482974027, 4.19954183019796, 4.490980743687503, 6.191532643296507], [5.404392832220543, 6.790324631294642, 5.404946736238845, 7.311668339242086, 3.317976061404595, 5.045454347886736, 5.111593693618779, 6.135364157559836], [1.8384835746352115, 7.9865582821420595, 6.168785758505685, 4.7934827000533975, 2.6721585271415007, 4.912928377889875, 3.590312591821691, 2.1839688086079487], [1.0075814095381306, 8.966012340516272, 6.05792873906282, 1.6741845779293643, 1.8500525230450613, 5.273239244141465, 8.786630999807464, 7.305154464072495]]
51
CONSEGUIMOS UM GRUPO

[[7.979126052031564, 5.248786971241905, 7.584114578399098, 8.579551407053284, 7.582246365649514, 1.1702208106776464, 3.276780089009236, 7.199921631736494], [2.119179347262775, 8.10652976249497, 7.010224398540927, 7.488879082364158, 1.4252749628293824, 6.172262510069952, 4.227887711863799, 6.258470718801607], [4.217800185329963, 8.605326057582655, 2.5858341881619102, 6.55278760004568, 6.112683088467335, 1.6949222976707823, 5.648435878284107, 1.054470424040499], [7.514407622928791, 6.94763000678726, 4.4961281414735295, 1.6020105006056324, 2.3346634096081367, 4.0732774784071095, 4.919177975050581, 6.267426483074831], [8.1971987609007, 3.221874018457724, 2.0842613211983485, 4.817815685969328, 1.3695636144579844, 2.7612556847880185, 1.5812803203357406, 7.1648814650822645], [1.6455813781221584, 7.844129831534975, 6.561967238473534, 8.53884727931227, 6.058151899863383, 6.647413834248491, 5.9578376506946835, 4.393501947348473], [6.3865434346322925, 4.466501666940122, 7.896765764116054, 4.889289436312501, 4.044400866430045, 7.996813463873647, 8.270724159858627, 5.939734798110819]]
52
CONSEGUIMOS UM GRUPO

[[2.3220215172044574, 6.6950590163657155, 2.0619888429023927, 1.7501432293455936, 6.693959667809505, 7.513925869875338, 5.571686103463133, 2.9957296835884115], [6.07458586774968, 1.4245645228784056, 6.11776133840739, 8.595765724368686, 4.997921919350948, 2.635809002578527, 4.730710161153587, 2.313327795165497], [3.0134058739174874, 8.57431984549131, 7.700333320944215, 7.925289506482478, 4.738913876849684, 5.356269697276064, 7.763993822950122, 2.4037740293068834], [3.1794675978323346, 4.395610090625036, 8.058538927996075, 7.577827326485624, 3.5631226719567035, 5.8994969001045, 6.3885051777383035, 2.9910591251767897], [8.901729487414375, 2.3570120631661124, 4.990900619310603, 3.5821262615458034, 3.072011162953191, 5.4432437619422425, 6.410291956417048, 8.89202550089023], [7.641100631000691, 7.627001706651609, 7.457962370898663, 6.243687863170638, 7.402878991596981, 5.258140767744048, 8.231119629213403, 4.719544450938053], [7.195843326923109, 2.6085781797619303, 8.869260091504891, 1.0510584532181166, 1.7038210604483899, 2.061692042842494, 1.1656575641835074, 8.928100745360004]]
53
CONSEGUIMOS UM GRUPO

[[6.802895152408016, 2.1847137238232825, 4.172119120869732, 3.129012030008253, 8.888465746008398, 4.25726923277806, 4.123262135144878, 5.906430669650503], [5.444153890757523, 5.230674469621689, 6.328219867479957, 8.679865313186934, 6.838960234875873, 1.9478414902003705, 4.030536192374454, 2.66519306299163], [4.9316050233286495, 5.234840053958087, 5.033213790900315, 3.714567637643067, 6.038998226546135, 4.911245909412078, 6.036330208822848, 1.234338439897428], [6.650678390741535, 7.461073268136112, 3.0044429976418137, 7.406545054509815, 4.719755682707909, 3.391191605465038, 3.8316522172233043, 6.729567121798972], [6.652393951664026, 6.3156856721056025, 7.199967646502413, 3.2767076056101496, 6.233117136667089, 8.515780953583803, 4.022143670544843, 4.189665440751795], [7.308794537121685, 6.4721462873519835, 4.555767881597952, 4.699656031135201, 4.340393525993146, 7.818825331926676, 5.448977249228337, 2.00684446666431], [6.525197136649391, 6.2538132875697015, 1.0136245217117015, 7.9728440042086515, 4.50087809145306, 7.049259772780719, 7.684173160551622, 3.821234738850955]]
54
CONSEGUIMOS UM GRUPO

[[6.165099367100466, 3.189652188557125, 5.1755089453371745, 2.5436000658788434, 8.969668067140116, 8.63060466603975, 2.069001322859238, 7.900220061642399], [1.4751763939169038, 2.48327951220916, 1.5945652544624007, 1.5848545244639878, 8.916796864275344, 5.822855297905993, 6.858977744280162, 8.542741637460086], [4.022886999214468, 5.799323588454649, 8.855680020086218, 5.188253295022626, 7.291022486134872, 6.508481691784267, 2.791671323686038, 8.636977340253171], [7.279963496020961, 1.3481716822532075, 7.664817218457096, 6.328012348173638, 3.086303183411535, 1.5735105724035705, 4.337410197051971, 3.2336113263543584], [5.662674461798514, 5.524393416281029, 5.783534239886308, 4.127856275504959, 3.643673505323709, 5.375920087592906, 6.327764865788534, 7.43267044734336], [6.602385804490171, 7.877963945347029, 1.1536609083162697, 3.855604928945657, 6.9083084787979665, 8.005177669538341, 3.591160357386711, 5.820876681655214], [4.808017805688151, 5.925320270481942, 4.10589744819095, 1.5648844980735062, 2.3576015096874707, 3.6210389514641026, 1.496866708949546, 1.1449151636483874]]
55
CONSEGUIMOS UM GRUPO

[[6.378639770249389, 7.34450184020544, 8.297024025334641, 6.33224062236982, 8.422582362624814, 8.645402325810974, 5.9103103983805925, 3.3297930544492003], [8.780666096642339, 1.4908505284868676, 1.998736051916671, 8.799051984855506, 1.8456987340598658, 7.877301028333522, 2.9056659697516407, 8.857470694915197], [8.164834386250078, 1.111552928969199, 5.77061627986111, 3.7102633018934617, 1.9692363960184522, 7.688418774107983, 7.275527215343393, 7.933376635472306], [3.5124105247798862, 2.2634588350303266, 1.8990758382842365, 2.6834925670486376, 1.0370160331965401, 8.065625178042131, 2.291222979128971, 6.836604668700603], [5.9662853941120435, 3.662647123343935, 4.422654952640918, 6.895537006212605, 5.215072681341482, 5.386216166571809, 3.805950982380435, 5.4040043006556315], [2.222814365725011, 6.003374542953158, 4.461282937605827, 2.6804798409733968, 5.735126083651963, 8.310117280635426, 4.004913822238004, 7.96365059554431], [7.019780227830035, 1.301244444386822, 5.565590084620222, 7.984562115719837, 8.114851299225442, 5.87623290215147, 7.298471824014144, 8.228966830310544]]
56
CONSEGUIMOS UM GRUPO

[[2.8161719416326436, 5.532353115619058, 7.056729729547055, 7.361468819326636, 6.372855101693748, 4.4876649995130204, 4.452491991266973, 1.08302688075916], [6.190171135591237, 8.6924366889587, 6.6524034219491535, 6.927318994985294, 3.6610314497436818, 3.0350956528295896, 5.521335800528117, 6.82908090051367], [2.2597818452088747, 5.939092688821198, 8.896829345274256, 1.0827938403248378, 5.535893500790922, 5.391658620523517, 7.744664017486172, 5.7798314102163255], [3.1989860223268485, 5.1644225624147815, 3.4242944677306957, 1.5489999343753, 2.1832707419893236, 2.148382735232839, 6.348883023385788, 2.319775825853653], [1.2894829148729752, 5.310323591155936, 7.149914424247134, 3.4019939113129745, 4.252636946822904, 3.450378332295787, 5.8968914340447265, 3.4526279402520625], [8.073658271087853, 7.556178999930043, 7.504500202304562, 6.923958817288725, 7.923047333998736, 5.568964624757741, 7.507789943488864, 4.12734978595571], [5.074616473196065, 1.9729502401855346, 5.867828740426086, 1.9927222380707006, 2.791130555834215, 6.126995908777004, 4.415746287817524, 8.907459989189295]]
57
CONSEGUIMOS UM GRUPO

[[8.149936830702131, 3.910464750980827, 3.4523300409378894, 7.614901839842691, 8.435315493904536, 1.5285536990344193, 7.069274181489019, 7.918043762363342], [2.611339730004369, 3.0471901361025955, 5.550304568231161, 4.621524949921688, 7.858718888249204, 7.017409695146555, 3.127333463695912, 4.77996495730133], [4.031689732919923, 3.9442824678949773, 3.0213168011586946, 3.561352223282638, 3.845225940285916, 5.460712131947844, 4.659080698246684, 6.6682836562022905], [2.158365698045645, 5.194063119195188, 6.555920076403365, 1.3646180673480206, 6.0130741057265915, 4.742486193243821, 1.9197334741721432, 3.1860107820339216], [3.9229531516969507, 1.255944729654451, 6.332119398530164, 3.4488866574877974, 8.976463930046332, 5.6760491959748425, 3.5231270430554673, 1.0481122692600175], [8.086577208039287, 6.2272422813331, 6.354299033975922, 5.758028226063719, 7.910619550894164, 4.354571232991822, 6.6370058035006485, 4.143563285635473], [5.9185892116679755, 7.760599092567955, 6.354108824735272, 1.1268547884155806, 1.0184894220640208, 6.829041216877211, 4.271156838170422, 4.088395027656335]]
58
CONSEGUIMOS UM GRUPO

[[4.478965554943735, 7.4877705771596625, 3.757562919074174, 5.378576692146738, 1.7769454166800225, 1.5071892373005937, 4.280340836008206, 4.538511761373923], [8.134561946089107, 5.746601278075869, 3.4511575836262516, 3.2700990924702786, 1.4210895841333189, 5.273957123277077, 2.1186735365121763, 7.606555242162142], [1.209542595772695, 2.2616143583030013, 1.9440335770036885, 8.390890664069495, 4.209458288047883, 8.702858151724907, 4.869834359539858, 4.705450772893646], [7.742679884607956, 8.274757584928707, 2.4100424177617557, 7.551057553479218, 4.1921934852764196, 2.9019666743674195, 4.2119298566794345, 6.647758070517713], [1.3043321649322799, 6.367867776679858, 5.07382427852612, 5.116319206778729, 5.878272737341133, 5.697644815160172, 2.144940122769837, 4.40998828897169], [4.189257543839233, 8.153958219217447, 1.3648315737419283, 7.4991553353970355, 7.887571552912973, 8.154059464873187, 7.187380534481225, 8.352347624007802], [7.946342847030885, 3.013345046241416, 6.726068877268081, 7.714388866852945, 5.561890296642656, 5.570945142033882, 7.979600984335471, 6.6354310932552885]]
59
CONSEGUIMOS UM GRUPO

[[2.136637390360436, 7.381982828608378, 6.0926070601682065, 5.9537104619254535, 1.265884037390073, 3.0358263989666447, 6.0038495258378, 6.038534598787066], [6.77527389770615, 6.0783266165502035, 4.633077895357879, 3.5334060542601318, 2.784996914709148, 2.0129345437466997, 8.847535183836076, 5.122979423826165], [5.543072330935045, 2.559056803823885, 1.5481520654366392, 6.034311768223692, 5.466433026175546, 7.099232256659067, 2.826697403955796, 1.5792676683183462], [7.259694977251516, 1.159410295876107, 5.6660878287756224, 7.791696856504519, 2.014206582731882, 8.807231933948575, 3.603498004706501, 2.0643535680459513], [3.588258118068608, 2.6628835045274224, 7.311830668143381, 1.0911524278223448, 8.848771438310363, 7.12757371928334, 5.369909903374539, 2.426520677852597], [4.304696112883706, 2.0079622644123276, 5.727075207263645, 3.729874267579799, 3.567100544107003, 3.4659976328241777, 5.641761756096148, 5.767908682250948], [1.9126656114760214, 6.163365001113501, 1.5346095020054937, 7.512051848175649, 8.252619223486395, 1.805712485466926, 3.307907929127487, 7.082353501683869]]
60
CONSEGUIMOS UM GRUPO

[[7.962846140570708, 2.882018967910117, 3.7934444638608484, 7.7301980011254505, 7.274954110819388, 5.812909064742886, 8.724043759864449, 6.0536310474628126], [7.026909696239602, 5.376150069338475, 6.982150765919392, 2.6410600430622067, 8.553604852303586, 1.9223871593609427, 2.440798404314684, 4.856317777683909], [5.550120577218871, 8.200328120898227, 6.871895169546251, 3.5161619560059787, 6.8793487641703255, 8.55672949871234, 3.72363169419266, 2.9549418617055796], [6.17915090226097, 7.920012530636322, 2.3090545665142344, 7.309571280094689, 5.320311964804886, 4.886914138748627, 4.001753294819961, 7.702446959080899], [2.781161367646157, 6.80482499039601, 6.384716383659524, 4.112569976086504, 6.206108741122715, 7.162692800084655, 7.708444125980213, 4.410649273014552], [2.938986204080501, 2.6267445722130134, 2.9149819258578553, 6.974068634523247, 4.649539296643917, 4.897658289918436, 4.970833356049424, 1.8966854610503745], [1.014307457474831, 5.725190647519444, 4.077016403122544, 6.860786844135789, 3.7481874974750546, 4.423206353538883, 1.7053620379953482, 4.7649921721443445]]
61
CONSEGUIMOS UM GRUPO

[[1.6817778952136475, 2.2632174207839117, 5.735271093143002, 7.314395561045832, 2.9310641144253458, 1.3124782187942055, 4.318170005625126, 3.204519890561242], [5.649473062870524, 5.944136517621613, 1.319372351995245, 6.89104004382081, 8.527435561760335, 5.463693989313383, 8.403138442086028, 4.787806909646451], [8.085474259994282, 1.8885251070379443, 1.4267903672980538, 4.27989343327496, 8.570815001980435, 7.78973404304557, 4.238142016871414, 8.819909972489455], [2.949299410321534, 6.15573361174372, 1.5609597123711199, 7.7293003022296665, 7.68337130485037, 3.908354604551926, 8.398509967308357, 5.104391268269682], [6.20699828346288, 5.867178837891038, 6.080770310735374, 1.4981087179591146, 4.234122395861672, 5.137477220628159, 6.995307540250973, 2.152198702963049], [6.682696761956316, 5.8214974974593305, 5.287266796896651, 7.58936593008652, 7.5654108093116, 6.445785652738936, 7.285476779007115, 4.302218338048182], [2.9036354252048024, 4.744073858789489, 7.902410882514321, 5.292988575459058, 8.882078644790898, 4.102831825880199, 2.5808537807088063, 8.532509494155857]]
62
CONSEGUIMOS UM GRUPO

[[6.694588325376949, 1.0065497254846987, 1.0082969401245991, 8.155974633079271, 6.6972866452261455, 6.849482655264338, 7.4274996502182145, 5.0101663091528446], [8.10460164173654, 1.3497658344099506, 5.53948361326531, 6.313535777226923, 8.333518696550811, 1.4365435985055255, 2.623140910954622, 1.9504021630428001], [3.42489898705841, 7.282128255506067, 1.4525999268125114, 5.829883811437463, 3.614686572370844, 7.645736076700464, 4.837752582085987, 2.1177495733471243], [4.657583690953699, 5.5767116461728765, 6.175276130726247, 5.6090271847684265, 2.103535448570951, 1.425322862046511, 2.7502876889687995, 6.900304445526781], [4.688276177323255, 6.707783390283791, 2.225943258996131, 7.788849421494267, 4.51575581500031, 5.706191674493984, 5.6290951466133325, 6.9476415407478935], [7.04342670159094, 1.277591596318575, 3.772158929026559, 5.7106652014724375, 5.4655617945002355, 3.0415285429249144, 1.5482290782009311, 6.601381711665052], [1.242176922489194, 6.9263579573010015, 3.717457369000546, 1.9919531975941043, 6.119783515533201, 5.050434058964776, 1.9058132777382752, 6.8088461237994355]]
63
CONSEGUIMOS UM GRUPO

[[7.35080156675761, 7.210969359067383, 4.457764778721789, 5.96656019279843, 1.5544553867656212, 3.3067460553711427, 8.402872037187766, 4.622854402054686], [3.374342815182013, 5.156817975550722, 6.494415209226887, 3.0741944595149846, 6.716383749631428, 1.4138385260605784, 2.638310449365985, 2.8662360564179306], [7.756347846000546, 1.4079034200869431, 1.0617074480296331, 2.518529335646626, 1.5021923881083987, 3.9634615546246854, 6.765579188087661, 1.501758111012931], [6.8028043097270965, 7.443376924913189, 8.6794950617458, 1.3950679656332428, 7.0093786826359885, 8.164284745530628, 6.78162370766564, 3.586328334759978], [3.8406383422342314, 2.8682018501390445, 6.438601724776084, 4.031344246501459, 5.359687309857833, 5.0548314424022305, 2.8656687000153527, 3.0748372222611176], [2.856673284835355, 4.390265243929476, 1.5906449901037405, 6.849644271982068, 1.6945701544870841, 1.5925772980664243, 1.4452853399904182, 8.629183671610413], [7.363551996822792, 4.020140654144361, 8.526925231348404, 7.0697684509130365, 6.27058356102176, 7.0653207234260105, 7.699881593122448, 7.988358522432867]]
64
CONSEGUIMOS UM GRUPO

[[2.1964528842008093, 8.29493299673255, 3.6107126586755474, 1.6217596139464163, 6.884389268862692, 4.138335520645758, 3.4130093505058436, 6.5840727884775765], [7.524515222884603, 3.8017101224652183, 3.9058152682485403, 5.969919941459781, 8.650726810485914, 6.658661917242028, 6.944832646383272, 4.955347953332559], [4.165747940607465, 4.750727331162356, 3.3643159297449774, 3.671941093704289, 7.192182906318759, 2.1873589755657923, 3.5657686687455374, 8.120224539433643], [2.361383661867203, 6.251861002400982, 4.172227972188623, 5.919577261033369, 7.21791425801832, 3.00258345706306, 5.149436060074301, 6.1486631701724415], [8.24006761226033, 4.908025357167186, 3.39099766770567, 7.907273578650653, 3.762380097700679, 3.931137138582189, 4.550451770483612, 1.6986275413763536], [8.737273006113291, 7.913586201149531, 7.662669463230233, 4.933594672759696, 5.463305025374035, 2.613375210948422, 2.504862097448311, 4.320788765866623], [1.130637132916613, 4.390972851455132, 8.586951868229143, 1.1482748205655033, 4.828308436284612, 2.3462606901909338, 2.1939186237458506, 7.126037831583692]]
65
CONSEGUIMOS UM GRUPO

[[8.69391075954893, 5.423764876105933, 4.777217112331554, 2.99947470129411, 6.557372188100707, 5.794935599194549, 8.49377917702138, 1.6344036361555014], [3.4997369227938986, 3.3519402772861087, 5.262681651962746, 8.07245977093238, 6.774962911584735, 7.743290420118479, 7.74864664074357, 6.726149406891334], [5.3931409227588905, 4.518159537660852, 6.313216058648809, 1.7069654546699073, 4.382313969516008, 7.981572427283067, 6.749804859957344, 4.241135942977418], [6.68004339719424, 7.805484177511319, 2.714681323714374, 8.07531500719352, 7.031509174450421, 3.199283067847322, 3.5932138481827636, 7.506626642066426], [1.0921134646892252, 5.209389403743461, 6.530101876334808, 3.4648751673234486, 4.895939233709714, 3.190513132563538, 8.756942843104731, 5.6131404450791615], [7.572019321062821, 4.970143354757601, 6.014159667941974, 8.7262468688108, 5.0958220672635, 8.456035765260465, 2.959823420313054, 8.895512704309079], [1.163789686951465, 8.372231616662631, 6.5563568025049666, 3.7411355250921456, 4.735256622425599, 4.779360186341446, 8.582277021379038, 8.358439934971603]]
66
CONSEGUIMOS UM GRUPO

[[2.8260230086690994, 7.3270963079538785, 3.296528885736212, 2.245005393510951, 8.753787091608984, 3.243694940030779, 2.1391705028821866, 7.158848048268715], [3.845880488177956, 8.297552329221471, 7.917478046095847, 2.2722323860659035, 8.92984355785493, 4.3032004887092965, 4.865116820204569, 4.912332731152178], [3.075458804166331, 8.988906357857225, 8.47737105263414, 8.907885400088691, 7.511344992552467, 8.6192570367777, 1.246772342860532, 8.343632456692145], [7.994218718204692, 2.0022262464682647, 2.9751829540606884, 8.232111438515616, 5.865753021094732, 3.8868158359539056, 7.169904682062843, 1.2967859121161291], [4.700102506596495, 5.5377063350947795, 2.2235344460515494, 5.617529738032465, 6.542888602746215, 8.747263419692889, 7.3166526192630466, 7.934823952735663], [4.514368418253017, 7.861595704504164, 7.729870461559508, 5.426170428792444, 8.677972399225364, 2.457830494795635, 2.4965529496748324, 3.425422231734067], [7.302194191149944, 2.6818817822163696, 4.098518022866639, 2.1185835995266373, 6.9812541423335155, 1.768005833678651, 5.298067674739886, 5.057445980285317]]
67
CONSEGUIMOS UM GRUPO

[[7.845742641222131, 5.917599392339074, 7.224290962851022, 6.423608029521801, 3.8515532097413425, 2.5182834226570927, 6.710025081690897, 4.433165739298166], [3.718699058415776, 7.407559924896872, 4.706592733014749, 8.602893590486486, 2.1342881785371164, 4.651435062391314, 3.755885526167358, 7.757876104289846], [1.633276867374688, 2.538226615123846, 4.45063534024511, 7.583420302927042, 2.1479650627773212, 6.758200366903433, 2.563645072045058, 5.596416429336156], [6.386029275869779, 8.844269097500948, 3.209318984231512, 6.47064876955372, 3.3962278929491214, 3.4840190683452876, 1.5232071331451422, 7.329020042587094], [7.233801377635063, 4.728464046163165, 2.5279012234462286, 7.185483292534354, 4.619118911156357, 6.719231887195142, 4.584087933875753, 5.939618821249473], [3.2348362709860865, 3.9774179731006436, 7.569464593778561, 6.799825482429536, 3.468818905409253, 7.025835696920736, 7.167284142462376, 5.67630142213445], [3.5220996912442235, 5.224497760473349, 5.895212093494526, 3.9653964639901247, 4.2986143108368005, 3.605496802920272, 6.199345113259447, 4.2563672556798196]]
68
CONSEGUIMOS UM GRUPO

[[3.921051966882711, 4.481587845525888, 4.7722665767029975, 1.5155048156863602, 6.2231040004194655, 7.58148756302694, 4.944602616537008, 4.329163980554237], [2.027706275277045, 2.344880551513711, 4.4242385358325915, 8.383713667464487, 7.013271233942681, 2.2630082728687473, 7.766570212676435, 5.938217013530655], [5.769496679474961, 8.250401669877828, 3.0796854354062955, 7.70952864234982, 3.5252370329057445, 5.756930208196946, 3.3995851512941195, 7.069223633523349], [8.645719580460641, 4.685683266989237, 3.463848870425898, 8.139473604128995, 2.6257503507393833, 6.4898826839122306, 2.2322609999638843, 3.2466139331200345], [6.184123853157775, 6.726388165519641, 5.573103603291846, 6.3913975722419565, 3.889718274739609, 4.812809101840406, 4.592066525719862, 7.24174344158777], [3.7389173553865547, 1.7247897565135206, 5.160220361618265, 8.076329007617607, 6.887339505418635, 2.873885926692145, 3.0397300704630617, 8.007677948376156], [2.1315152480816364, 4.313521516826206, 1.6824474603673067, 8.46387263022941, 7.227283456972021, 4.560142417983083, 6.151600044915254, 3.2208632158758848]]
69
CONSEGUIMOS UM GRUPO

[[1.3724672146917722, 5.688868764476763, 8.314558841037094, 5.226158239568863, 5.8141143768166685, 5.6473351322106735, 3.653329323546755, 8.734969073901741], [1.0489463624373423, 5.8190624391448615, 7.964751623532342, 2.7486936697131936, 7.827131599089365, 1.5596256092054261, 1.6776055597099662, 4.0737869739746255], [2.550388588268155, 7.436122854651248, 3.3141994996919992, 8.598966515897702, 8.084355185060755, 6.9053495105590725, 8.92039641972043, 4.8817438456429665], [2.7094982618419534, 2.673777265918237, 6.817119792756485, 1.5911947885988198, 6.205287359927231, 3.733433632056258, 5.002514874546668, 2.8148677960713577], [6.890839389901028, 6.881597615523897, 6.637170151830556, 6.6282919602911115, 5.544324085504308, 7.794670340275365, 8.884374802421776, 3.646647870727355], [6.5786179352219385, 2.8670448546675953, 2.484868319062281, 3.9783903951824175, 1.2790410679017032, 7.088941994591028, 4.478062393538477, 5.007863979153291], [7.559165397840232, 7.849557231827274, 1.655779754870136, 5.354778238288414, 2.7570689842238787, 3.732821183789455, 1.7820389038088456, 5.589163786645762]]
70
CONSEGUIMOS UM GRUPO

[[3.583176172879516, 4.769438267971516, 7.331287391246495, 5.188065591087007, 2.9331208420120936, 4.331878994341971, 2.2077248184738076, 6.878975905511596], [1.139721801261393, 5.366204479522794, 5.86378931572232, 4.379620229178201, 5.0522377574668, 8.87712976592693, 6.651388975659394, 4.79114158869092], [8.845131366407841, 7.07709516609944, 3.055088598467166, 6.821033220805809, 3.3211794103149064, 1.8273495734917775, 2.415701558002209, 7.342262661161458], [3.580029858536844, 6.346702993661039, 2.1270264977597497, 2.3180916588780622, 3.454068905994924, 4.895604415972106, 5.1496819555009745, 8.705956053940572], [6.301141279237608, 5.254031204999182, 3.173461837267661, 6.530649991427193, 5.06423539738091, 7.71376693022668, 4.106027316040856, 6.354653762848154], [4.6055876728345755, 6.492940350252958, 8.61576496412602, 3.683276319607236, 4.028727726095923, 2.807229258728678, 4.566097465186142, 3.312976212126695], [8.1880852620126, 6.360219349517324, 8.341150661249733, 7.348230608846938, 5.758017379928623, 5.882799895370851, 7.408675296449012, 6.136992183643711]]
71
*** Tabela geral de notas:
[[ 3.          8.          5.         ...,  5.          3.          7.        ]
 [ 2.          6.          9.         ...,  2.          1.          5.        ]
 [ 6.          4.          1.         ...,  7.          2.          2.        ]
 ..., 
 [ 6.30114128  5.2540312   3.17346184 ...,  7.71376693  4.10602732
   6.35465376]
 [ 4.60558767  6.49294035  8.61576496 ...,  2.80722926  4.56609747
   3.31297621]
 [ 8.18808526  6.36021935  8.34115066 ...,  5.8827999   7.4086753
   6.13699218]]
*** Matriz de covarincia:
[[ 1.   -0.03 -0.04  0.14 -0.12  0.06  0.06  0.05]
 [-0.03  1.   -0.02  0.05  0.06 -0.05  0.04  0.05]
 [-0.04 -0.02  1.   -0.1   0.06 -0.06  0.04 -0.06]
 [ 0.14  0.05 -0.1   1.    0.02  0.03  0.05  0.01]
 [-0.12  0.06  0.06  0.02  1.   -0.06  0.   -0.  ]
 [ 0.06 -0.05 -0.06  0.03 -0.06  1.    0.07 -0.03]
 [ 0.06  0.04  0.04  0.05  0.    0.07  1.   -0.03]
 [ 0.05  0.05 -0.06  0.01 -0.   -0.03 -0.03  1.  ]]
*** Autovalores (var. %):
[ 0.16  0.14  0.14  0.12  0.12  0.11  0.11  0.1 ]
*** Componentes principais:
[  8.51671037e-01  -1.94782713e-01  -4.53559468e-01   1.43431371e-02
  -1.68705612e-01  -7.33963441e-01  -1.11456233e+00   3.44513200e-01
   1.63870989e-01  -1.32068943e+00  -3.85136398e-01   4.49668367e-01
  -4.40532839e-01   1.07478831e+00  -7.92325201e-01  -7.52628218e-01
   9.71819385e-02  -4.77091207e-01  -1.47034557e-01  -9.95380831e-01
  -2.14110321e-01  -3.90582194e-01  -2.18177524e+00  -1.69683750e+00
   1.04265018e+00   4.99627237e-01   1.72592495e+00  -9.25033829e-01
  -3.84756982e-02   7.57305315e-01  -5.09943836e-01  -7.01454455e-01
  -2.16786372e-01   7.69793346e-01   3.17467968e-01  -2.62758687e+00
   1.31290873e+00   5.80761492e-01   3.50129294e-02  -1.87702988e+00
  -8.98095498e-01  -3.90866290e-01   6.19321146e-01   1.23698142e+00
  -6.96779227e-03  -5.77925265e-01   1.89160118e-01   5.32476545e-01
  -5.07645967e-01   8.05381586e-01   2.57387647e-01  -5.64586513e-01
   4.50295821e-01  -9.58878766e-01  -2.56568695e-01  -8.92651853e-01
   3.20194941e-01  -2.88185081e+00  -2.27694377e-01  -1.36845457e+00
   9.29788228e-01  -8.36726147e-01  -6.76641622e-01  -9.88695242e-01
   6.54504711e-01   2.63668551e+00  -1.51432804e+00  -1.37113604e+00
  -5.60485929e-01  -6.05393660e-01   1.27338753e+00   3.89698511e-01
   3.76078417e-01   1.10696521e+00   8.53872874e-01   6.61681000e-01
   1.94546558e-01   1.22143249e+00  -1.59514918e+00  -1.86204622e+00
  -4.55364000e-01   7.94810637e-02  -1.55432885e+00   3.65270174e-01
   1.12039858e+00   7.24717536e-01   4.61676253e-01  -4.57889647e-02
  -3.69886314e-01   1.54553841e+00   9.25517934e-01   1.35847352e+00
  -4.73128955e-01   5.74664665e-01   6.89190246e-02   9.03654482e-01
  -5.52657577e-01  -7.02727499e-01  -7.14557178e-01   1.00216940e+00
   5.29328100e-01   1.47824450e+00   8.45423045e-01  -6.87080035e-01
  -1.20799377e-01   1.46642835e+00   7.34062683e-01  -1.56841752e+00
  -1.19984666e+00  -1.44334892e+00  -5.30565931e-01  -6.78877722e-01
   6.21496776e-01   6.25248983e-01  -2.29427034e-01  -1.49663430e+00
   6.02948763e-01  -4.70339574e-01   5.90167798e-01   5.60493124e-01
   3.17249880e-01   1.08954261e+00  -2.26465306e-01   4.97699945e-01
   1.89296133e-01   3.93921382e-01  -9.87383705e-01  -6.10965033e-01
  -2.87934484e-01  -9.08374863e-03   1.14729087e+00  -3.04286405e-01
  -3.89495939e-01   1.40783361e+00   9.72314516e-01  -1.59014701e-01
   6.03626543e-01  -1.18033574e-01  -7.13309206e-03  -4.22038415e-01
   6.27757564e-01   9.96415284e-01   2.31970223e+00  -1.86794073e+00
   7.77428640e-01  -2.13790429e+00   1.54242910e+00   2.77192746e-01
   7.14455196e-02  -1.52973329e-01   1.18160198e+00  -1.02881514e+00
  -1.04340054e+00   7.61924442e-01   5.09252812e-01  -3.24380464e-01
   6.51590603e-01   1.05768070e+00   1.84493919e-01   7.36108161e-01
  -1.96153410e-01  -1.07373287e+00  -1.47040568e+00   9.43827509e-01
  -1.01622643e+00  -4.17839168e-01   1.67534787e+00   1.96596783e+00
   4.42291727e-01   2.57624823e-01   1.05210633e+00   4.70049989e-01
   2.76420422e+00   2.87331660e-01   1.07432582e+00  -9.35524717e-01
  -1.14441866e+00   1.84675505e-01  -8.90376076e-02   7.59203304e-01
   1.99457316e+00  -5.25152702e-01  -2.92218763e-01  -2.71929028e+00
  -3.85170697e-01   9.23466815e-01  -1.82698777e-01  -1.10142423e+00
  -8.50354990e-01   1.23456048e+00   9.87739953e-01  -7.20015586e-02
  -9.31540240e-02   2.73516084e-01  -1.22726496e+00   8.57431630e-02
   7.49224156e-01  -5.31834175e-01  -9.17381161e-01   1.02187741e+00
  -5.50067195e-01   1.56958450e+00   8.01177270e-01  -8.66366526e-01
   1.73164848e-01  -6.66851720e-01   1.13957523e+00  -1.11345974e+00
   2.23286290e-01   7.92466054e-01  -2.67888152e-01  -7.35335057e-01
  -1.27037449e+00   1.82890277e+00   7.62414304e-01  -1.05850196e+00
  -1.74198968e-02  -1.13592676e+00   8.40373587e-01   2.05909557e+00
   1.91358376e+00   8.30850169e-01   8.96683247e-01   2.45979639e+00
   1.50918544e+00   1.52447148e+00  -6.72941690e-01  -1.97393774e-01
  -3.96931880e-01  -1.56242675e-01   8.56512927e-02  -8.33322273e-01
  -2.41891591e-02  -1.99093488e-01  -1.14732535e+00  -1.33272116e+00
  -1.46460071e-01  -1.28091397e+00   7.31775789e-01   1.28818859e+00
   1.34443533e+00   3.63498855e-01  -1.32787006e-01   4.16466898e-01
  -3.50793700e-01   7.64139350e-01  -1.70873829e+00  -1.20033208e+00
   3.69362556e-01  -6.59527340e-02  -1.07607228e+00  -1.69211945e-01
   9.36965180e-01   1.17239675e-01  -7.22726544e-01  -2.00756061e-01
   1.31077409e+00   1.17908680e+00  -1.93938079e-01   6.48875329e-01
  -1.06591261e-01  -2.75145402e-01  -3.15254819e-01  -1.56645369e+00
   7.93853334e-01   5.20220421e-02  -1.86451682e+00  -1.23743967e+00
  -5.84574292e-01  -3.73942552e-01  -1.19013461e+00   7.90306456e-01
   6.80042375e-01   7.06958752e-01   4.28686279e-01  -9.79956177e-01
   2.05634260e-01  -2.59332180e-01  -1.17185534e+00   3.43435511e-01
   3.49990810e-01  -1.43179019e+00   1.08221412e+00  -1.40251347e-02
   1.22851623e+00   1.91504605e-01   9.45870287e-01   1.41210566e+00
   4.88960908e-01   2.59606874e+00   4.81493340e-01  -1.39539730e+00
  -1.75369298e+00  -1.26682042e+00   9.03490969e-01   2.94936231e-01
   4.25029075e-01   3.96391087e-01   2.01532508e+00  -8.55284435e-01
   1.13101179e+00   3.43015378e-01  -8.57865855e-01  -6.88893276e-01
  -2.23407821e-01  -2.62620984e+00  -8.65592763e-01  -2.02189924e-01
   3.48258225e-01  -8.50299459e-01   8.66565724e-01  -8.78712788e-01
   2.12790810e-01   5.17006865e-01   4.53197744e-01   6.39837407e-01
  -4.84151538e-01   4.75004548e-01   1.63389108e+00  -2.32658217e+00
   4.93691821e-01  -8.27546368e-01  -2.14249938e-01  -1.10939096e+00
   1.52328562e-01  -1.09623078e-01   1.21061362e+00  -4.13758848e-01
  -1.33092704e+00   2.06478761e-04  -1.93326888e-01  -4.44511809e-01
   1.98992230e-01  -3.22961498e-01  -1.77376536e+00   3.92535677e-01
   5.41670850e-01  -9.10899014e-02   8.53008905e-02  -6.98396227e-01
  -1.49251529e+00  -1.59885739e+00   1.10745904e+00   4.83834279e-01
   1.87117134e-01  -7.84044878e-03   7.49190615e-02   5.28503766e-01
   6.15448891e-01  -1.40947056e+00   1.24787494e+00   5.72151277e-01
   8.34122479e-01  -1.73762411e+00  -6.64871888e-01   2.82443479e-01
  -2.21323432e-01   6.95362398e-01  -9.21593912e-01   2.15541773e+00
  -9.60868939e-01  -3.56281119e-02   1.03518538e+00   2.86948492e+00
  -2.03864729e+00   6.17775446e-01   1.17467035e+00   6.62929518e-01
  -4.63264320e-01   3.86787405e-01  -5.59653239e-01   1.82041170e+00
  -1.60828336e+00   4.70184767e-01  -4.14958451e-01  -7.27140185e-01
  -6.53560992e-01  -1.17683634e+00  -8.97459132e-01  -1.10913414e+00
   2.53311207e-01   2.56144955e-02  -8.48123802e-01  -2.52468484e-01
   5.43688397e-01  -1.22021710e+00   1.62688589e+00  -1.02612010e+00
  -1.69319905e+00   2.64330285e-01   5.25263118e-01   6.42774840e-01
  -1.24802499e+00  -1.58705331e+00  -8.39435935e-01   7.42836503e-01
  -8.47189929e-01   9.81031616e-01  -1.62106529e+00  -4.17645349e-01
   4.44272353e-02   1.00271258e+00   1.92803669e+00   1.04175910e+00
  -1.07696085e+00  -1.04817390e-01  -7.95185951e-01  -4.65867220e-01
   7.67417381e-01   3.85909301e-01  -1.11287187e+00  -9.50234299e-01
   7.12298997e-01   1.13608588e+00  -1.20602887e-01   4.40940773e-01
   1.29578139e-01   5.40695882e-01   1.06216213e+00  -1.42501539e+00
   1.37969014e+00   1.03025335e+00  -5.37060413e-01  -1.96144627e+00
  -3.89239823e-01   5.62939404e-02   9.41387969e-01  -9.14392097e-01
  -1.04575841e+00  -3.60869747e-01   2.83703081e-01   8.82486990e-01
   2.23946257e-01   6.54171727e-01   1.16888903e-01   6.43490411e-01
  -9.61869250e-01   1.33649222e+00   4.95000068e-01  -7.11836347e-01
  -7.98970953e-01  -6.24669281e-01  -2.23385163e+00   1.30001820e+00
   1.05565761e-02   6.60627634e-01  -1.41786871e+00   1.43587773e+00
   7.07137248e-01   5.00795540e-02   5.29086849e-01  -3.51003620e-01
  -6.18479738e-01   8.78584255e-01  -1.55603937e+00   1.71713971e+00
  -8.76925497e-01   4.99733986e-01   8.42977552e-01  -8.74009491e-01
  -1.28008012e+00   4.74865363e-01  -1.88587086e-01  -2.91345315e-01
   2.17623679e-01  -1.99370041e-01   1.62932093e+00  -1.86254655e+00
   2.04711310e+00   1.05213996e+00   3.02118438e-01  -1.13444877e+00
  -1.06547855e+00   7.15863902e-01  -6.53694152e-01  -2.79609689e-01
  -7.21854545e-01   3.84439996e-01  -5.18711444e-02   2.00019793e-01
  -5.16269218e-01  -1.59344588e-01   7.00009252e-01   4.93472250e-01
   2.96494697e-01   2.36114303e-01  -1.42591274e+00  -2.33274542e-01
  -1.05206052e+00   7.13636980e-01   3.97954004e-02   2.38101951e-01
   1.02359001e+00   2.44826344e-01  -3.63273284e-01   1.01792174e-01
   2.95014767e-01  -3.60180849e-01   9.71334684e-01  -4.88708457e-01
   1.84403152e+00  -3.94918434e-01  -7.83074207e-02  -1.33526343e+00] [ -1.22613288e+00  -2.31858143e+00   4.95733334e-01   6.09563816e-01
   2.28887953e-01   6.76431779e-01   3.05871894e-01  -4.07091806e-01
  -2.88415654e-01   3.15938554e-01  -7.82789831e-01   6.10464298e-01
   6.56890973e-01  -2.85583193e-01  -2.36649355e+00  -4.95020934e-01
   2.09824459e+00   1.03097427e+00   1.35470653e-01   6.72363582e-01
   5.86962281e-01  -1.22456544e-01   6.14381722e-01   3.14848515e-02
   1.28739137e+00   1.39662756e+00  -1.30236283e-01   2.71809329e-01
  -5.01100386e-01  -6.52194126e-01   1.08400200e+00   2.01622563e-01
   4.57604193e-01  -6.70142419e-01  -7.79535452e-01  -6.91023670e-01
  -2.86614191e-01  -2.06645562e+00   5.89845990e-01  -4.28089855e-01
   8.54736775e-01  -7.84207758e-02  -3.54801525e-01  -1.57630379e+00
   1.26960013e+00   2.38115205e-02  -4.96713545e-01  -1.93729402e+00
  -6.14490194e-01  -1.66504639e+00  -4.82063266e-01   5.78061331e-01
   9.71675096e-01   1.78677337e-01   1.65888479e+00   2.05296378e+00
   1.19199241e+00  -2.79379274e-01  -2.15965283e+00   6.55013149e-01
   5.39954393e-01   1.24295184e-01  -1.51156826e+00  -1.09328456e+00
   4.05234095e-01   6.49742854e-01   8.35759183e-01   1.63672969e+00
   9.80470588e-01   5.81370002e-03   2.97446227e-01  -8.44797724e-01
  -7.51337795e-01  -5.49854770e-01  -3.70390370e-01   4.73631039e-01
  -2.00266710e-04  -1.19788303e+00  -8.24978158e-01  -1.41909578e-01
   1.56482646e+00   2.02285019e-01  -1.72867865e-01  -2.91654216e-01
  -9.42765593e-01   4.01174762e-01  -5.89565550e-01   8.06187243e-01
   9.65833269e-01  -3.57688636e-02  -3.42913703e-01  -8.57074940e-01
   5.43804159e-01  -5.02824233e-01   2.25444920e+00  -6.59807571e-01
  -1.00671063e+00  -6.10495997e-01   9.46273849e-01   3.40259930e-01
   7.02058662e-01   1.41983909e+00   2.59791845e-01   3.63744482e-01
   1.83012287e-01  -6.99995767e-01   1.40801350e+00   4.45071615e-04
  -2.63645300e-02   4.90325448e-01   9.48426259e-01   5.08986833e-01
  -8.95444613e-01   9.27832416e-01   2.52108572e-01   9.53147284e-01
   4.46866022e-01  -7.20827801e-02  -5.96975265e-01  -3.76429520e-01
   1.59098540e+00   5.01762662e-03   1.12586530e+00   3.64551624e-01
  -1.59391535e+00   5.84139221e-02   1.10671082e+00  -7.11330108e-01
   1.39331417e+00   4.11481440e-01  -5.39999597e-01   8.73974357e-01
   9.24654591e-01  -8.10376683e-01   3.60323225e-01  -3.05259999e-01
   2.54636364e-01   1.01132870e+00   6.98841176e-01   1.56045876e+00
  -1.50423025e+00   8.30738859e-01  -7.20460559e-01  -6.38826214e-01
   4.52023281e-01  -1.16496230e+00  -1.17663106e+00  -9.65319855e-01
   2.71453514e-01  -1.41517393e-01  -9.12727852e-01   3.54282477e-01
   6.95133284e-01   7.14527897e-01  -1.13297651e+00  -3.22738447e-01
  -1.32574985e+00  -4.56695511e-01   6.12808959e-01   2.05810813e+00
   1.36571053e+00   1.14883336e-01  -1.13033124e+00  -9.82500715e-02
  -2.53957073e-01  -1.43143498e-01  -6.18584014e-02   1.03551364e+00
  -1.46033255e+00   2.11135194e-01   1.14612493e+00  -1.17660941e+00
   4.95047379e-01   8.14858192e-02   1.66107261e+00  -1.40173509e+00
   6.78586518e-01   1.13413227e-01   9.43743915e-01   2.61250171e+00
  -4.88578077e-01   1.50775058e-01  -4.19396658e-01   6.98946810e-01
   3.76376437e-01   1.09822815e+00  -1.48148395e-01  -6.36227360e-01
  -7.16897048e-01  -1.06895160e+00   8.35176462e-01   9.60884495e-03
  -6.08615490e-01  -1.14655893e-01  -2.09685037e+00  -1.45772162e+00
  -4.21031052e-01  -1.47568847e+00  -1.79781083e+00  -1.46318644e+00
  -7.57105328e-01   3.51195629e-01   2.15629858e+00  -1.52928989e+00
   2.32037975e+00  -2.26792486e-01   2.57912648e+00  -9.81250816e-02
  -1.47905522e-03   1.34527633e+00  -8.51758317e-01   1.70950712e-01
   6.35475376e-02  -8.80282587e-01  -1.11373900e+00   8.93128198e-01
  -3.44372515e-01  -1.14229672e-01  -1.22492158e-01   5.70853405e-01
   1.94577532e-01  -1.58516120e-01   5.00611835e-01  -9.35286273e-02
   8.21036151e-01  -1.78078326e+00   1.96737212e+00   8.86775591e-01
   8.55729982e-01   8.92156354e-01  -8.69321915e-01  -1.40993385e+00
   1.84347585e+00  -2.03794786e+00  -4.49741168e-01   7.88604620e-01
   9.59682230e-01  -1.17647437e-01  -3.18861529e-01  -3.59171828e-01
   3.34419099e-02  -1.58167011e-01  -1.49533432e-01  -6.51083721e-01
  -9.52502635e-01  -1.65121624e+00  -9.53793529e-02  -1.07591388e-01
   7.47153041e-02  -9.04060278e-01  -7.55680260e-01   1.51890254e+00
  -1.96497679e+00  -1.02186652e+00   6.09756348e-01   4.26399671e-01
   8.04228778e-01  -3.68899156e-01  -1.50338511e+00   8.79974666e-02
   6.33892179e-01   6.99567091e-01   3.72012166e-01  -1.13122791e+00
   1.58404252e+00  -5.93103019e-01  -1.18995339e+00  -4.73273241e-01
   2.93620669e-01   2.66084019e-01   1.72803697e+00   1.35089446e+00
  -1.45590662e+00   6.02071823e-01  -3.33931560e-01  -5.55248582e-01
   7.80801665e-01   1.38397924e-01  -1.14662894e-01   5.03155071e-01
  -6.77072443e-01  -1.05983971e+00  -6.12449117e-01   1.55971050e-01
   1.39831752e+00  -7.00914252e-01  -4.81763339e-01  -1.20412032e+00
   2.28805096e+00  -5.97555249e-01   4.25856288e-01  -5.68603308e-01
   2.37933073e-02  -3.51969035e-01  -7.94329924e-01   1.02742766e+00
   1.01781859e+00  -9.77004577e-01   3.35933207e-01   5.48442010e-01
   8.79702597e-01  -1.82983583e+00  -2.69471551e-02   4.45775986e-01
  -2.03924983e-01   3.87776572e-01  -2.53457556e-02   1.16077647e+00
   2.47709575e+00   7.78103045e-01  -4.75804722e-01   6.93864997e-01
   2.15483520e-01   6.71921916e-01  -3.60184546e-01  -1.40842519e+00
  -1.67824934e+00   3.53712442e-01   4.56673053e-01   7.74544028e-01
   1.53160245e-01  -3.69106495e-02  -1.49945113e+00  -1.10440183e-01
  -1.76089928e+00  -8.42601528e-02  -1.99269918e-01   5.87657405e-01
  -2.75933328e-02   7.86163731e-01  -2.22896997e+00  -1.33213886e+00
  -9.15000740e-01  -7.30712406e-02  -6.78111496e-01   1.38649186e+00
   2.04220929e+00  -1.29036152e+00  -5.60953626e-01   1.61621788e+00
  -1.24494860e+00   1.01114203e-01   1.86648446e-01  -8.24841797e-01
   4.79712448e-01   1.35967187e+00  -9.10485094e-04  -2.64178614e-01
   9.54759335e-01   1.58447744e+00   1.96439953e+00  -2.43886736e+00
  -6.86919504e-02   1.33624572e+00  -4.33025431e-02   3.04128230e-01
  -1.02920073e+00   1.52458741e-01  -3.65401942e-01   5.01785515e-01
   2.77963438e-01  -2.52680062e-01  -1.87712103e+00  -1.02745753e+00
   1.07245675e-01  -1.93632730e+00   1.16952971e-01   6.88802802e-01
   1.50774877e+00  -1.77670979e+00   2.81553089e-02  -3.78449767e-01
   5.03272955e-01  -1.41334119e+00  -1.11553729e+00   1.76940944e+00
   1.56163489e-01  -2.18023294e-01   1.01116099e+00  -3.28047562e-01
  -5.46943316e-03   5.08186422e-01  -8.73250840e-01   1.66150103e-01
   1.36452726e+00  -2.70276260e-01   7.31067986e-01  -1.78790044e+00
   5.69972282e-01   2.05077957e-01   4.16941746e-01  -5.22240232e-01
  -1.15710374e+00   1.63297343e+00   1.47222356e+00   1.38386559e-01
   2.84239946e-01  -1.09085825e+00   1.25048845e+00  -1.42679941e+00
  -3.35932288e-01  -1.25990762e+00   4.23500248e-01  -1.24542848e+00
   6.06079056e-02   2.39514719e-01   2.07293609e+00  -1.04728228e+00
   3.82350744e-01  -1.69160226e+00  -5.69483119e-01   5.34584880e-01
  -7.53232650e-01   2.10552837e-02   6.78502911e-01  -2.88235063e-01
   9.33004346e-01  -1.79646867e+00   3.55254501e-01   1.06985067e+00
  -9.35107738e-01   1.42182578e+00   5.80328172e-01   1.72498932e-01
  -8.10184950e-01   3.97931017e-01  -9.91461582e-02   1.90030878e+00
  -1.98721639e-01  -1.46203986e+00   4.10578499e-01  -9.30850352e-01
   1.73471034e-01  -1.48393467e+00  -5.02544304e-01   1.42094969e+00
   1.82518050e+00   7.98722507e-01   2.15627971e-01   3.82459384e-01
  -1.49972453e+00   2.16646521e+00   9.17072094e-01  -2.69542509e-01
  -4.49119366e-01   4.10682780e-01   9.61263928e-01  -1.37646350e+00
   1.17756027e+00  -9.54751302e-01   2.57062876e+00  -8.23480023e-01
  -8.11005426e-01   2.02907050e-01   1.82584082e-01  -9.49403287e-01
   1.20323609e+00   3.62390651e-01  -4.35064568e-01   1.07163110e+00
  -4.01539002e-01  -1.89131761e+00   1.37180047e+00  -1.84062792e-02
  -1.08380569e-01   5.07209817e-01  -5.06518449e-01  -2.62312049e-01
  -1.04595827e+00  -7.20825105e-01  -1.45863505e+00  -2.98291833e+00
   1.97384686e+00   6.52752541e-01  -1.54593089e+00   1.55334833e+00
   5.31532035e-01  -7.58515315e-01  -1.00250702e+00  -1.84481766e-01
   9.54064408e-01  -7.69764070e-01  -2.93404658e-01  -3.88966860e-01
   4.74780987e-01  -1.46568203e-01   5.77398876e-01  -1.01756384e-01
  -1.63130159e-02   2.72821383e-01  -2.05158832e+00  -2.15763619e+00
  -1.63612633e-01  -6.10808437e-01   1.13458574e-01   1.07852185e+00
   6.34413376e-01  -1.28239730e+00  -1.35187419e+00   1.05779001e+00
   3.94871064e-01   3.18327522e-01  -1.12767191e+00   9.21319258e-02]
*** Componentes principais:
[ 0.85167104 -0.19478271 -0.45355947  0.01434314 -0.16870561 -0.73396344
 -1.11456233] [-1.22613288 -2.31858143  0.49573333  0.60956382  0.22888795  0.67643178
  0.30587189]
