
*** Dimensões da tabela de notas: (382, 8)

*** Tabela geral de notas:
[[ 3.          8.          5.         ...,  5.          3.          7.        ]
 [ 2.          6.          9.         ...,  2.          1.          5.        ]
 [ 6.          4.          1.         ...,  7.          2.          2.        ]
 ..., 
 [ 5.90124874  4.01624008  5.93541716 ...,  5.70136454  6.31331738
   7.99464244]
 [ 6.24840893  3.89652324  4.19381925 ...,  7.61037626  5.62659177
   6.80602213]
 [ 7.94801443  7.25891723  5.05028625 ...,  5.85975877  8.22201924
   6.63386347]]

*** Matriz de covariância:
[[ 1.   -0.15 -0.03  0.63 -0.14  0.1   0.52 -0.1 ]
 [-0.15  1.   -0.05 -0.15  0.14 -0.39 -0.09  0.26]
 [-0.03 -0.05  1.   -0.16  0.23 -0.02  0.41  0.09]
 [ 0.63 -0.15 -0.16  1.   -0.3   0.17  0.4  -0.04]
 [-0.14  0.14  0.23 -0.3   1.   -0.25  0.01 -0.24]
 [ 0.1  -0.39 -0.02  0.17 -0.25  1.    0.14 -0.04]
 [ 0.52 -0.09  0.41  0.4   0.01  0.14  1.    0.03]
 [-0.1   0.26  0.09 -0.04 -0.24 -0.04  0.03  1.  ]]

*** Pearson (igual matriz covar.):

['1.0', '-0.15', '-0.03', '0.63', '-0.14', '0.1', '0.52', '-0.1']
['-0.15', '1.0', '-0.05', '-0.15', '0.14', '-0.39', '-0.09', '0.26']
['-0.03', '-0.05', '1.0', '-0.16', '0.23', '-0.02', '0.41', '0.09']
['0.63', '-0.15', '-0.16', '1.0', '-0.3', '0.17', '0.4', '-0.04']
['-0.14', '0.14', '0.23', '-0.3', '1.0', '-0.25', '0.01', '-0.24']
['0.1', '-0.39', '-0.02', '0.17', '-0.25', '1.0', '0.14', '-0.04']
['0.52', '-0.09', '0.41', '0.4', '0.01', '0.14', '1.0', '0.03']
['-0.1', '0.26', '0.09', '-0.04', '-0.24', '-0.04', '0.03', '1.0']

*** Autovalores (var. %):
[28.999999999999996, 19.0, 17.0, 14.000000000000002, 7.0000000000000009, 6.0, 4.0, 4.0]

*** Dados finais:
[[-2.53338557 -3.48058272  0.86910734 ...,  0.37573179  1.09706879
   1.01773659]
 [-0.58332866 -0.41066704  1.66793798 ..., -0.60892842 -0.36782286
  -0.19352308]
 [ 0.49216746  0.23432121  0.6819133  ..., -1.98980482 -1.47981696
   0.99079743]
 ..., 
 [ 0.26317875 -0.23566563  1.09028361 ..., -0.27091458  0.28533129
   0.02243329]
 [-0.06051371 -0.10041601 -0.09367101 ...,  0.4909729   0.27777294
   0.92030994]
 [ 0.04048955 -2.31229482 -2.03496083 ...,  0.02875496 -0.17875972
   1.50341639]]

*** Componentes principais [T] (todos):
[ -2.53338557e+00  -3.48058272e+00   8.69107343e-01  -1.27690180e-01
   4.62949728e-01   1.04933487e+00   2.16600990e+00   7.09950303e-01
  -3.23721413e-01   1.92618720e+00  -3.33665333e+00   1.47398500e+00
   4.16980595e-01  -2.46023589e+00  -1.70926323e+00  -2.08939869e+00
  -2.19623469e+00  -9.75016127e-01   2.79816551e-01   5.27704674e-01
   1.34459097e+00  -9.50828675e-01   1.95045658e+00   2.60297213e-01
  -1.73523386e+00   1.05292773e+00   1.34365377e+00   1.06922930e+00
  -2.63304462e+00   6.09964127e-01   1.22068185e+00   3.30950544e-01
   4.95781439e-01   1.14787374e+00   6.52518377e-01   4.53655228e-01
  -2.26189797e+00  -3.18412993e+00   1.19098550e+00   6.73332184e-01
   1.70368654e+00   4.85166113e-01   1.93402985e+00   3.22481672e-01
  -9.81854594e-02   7.47223422e-01   1.06040700e+00   2.39778920e-01
  -2.85400427e+00   1.13693164e+00   9.29058668e-01   3.38075585e-01
  -1.90837411e+00   6.21937654e-01  -2.62499718e+00   2.62457846e-01
   1.31234151e+00   9.35691949e-01   4.93797844e-01  -1.08269243e-01
   3.23781815e-01  -2.64425275e-01  -1.11041471e-01  -2.43748217e+00
  -1.05968302e+00   4.44040655e-01  -5.19503311e-01   5.55382084e-01
   8.59733869e-01   6.08994749e-01   8.58557559e-01   7.49871111e-01
  -3.66869980e+00   1.56691422e+00   3.92720029e-01   6.27597353e-01
   8.68272954e-01   7.55277809e-01   7.15781031e-01   2.90603271e+00
  -2.46474346e+00   2.43203453e-01   1.29728513e+00   1.00104550e-01
   2.41240892e+00  -2.03337048e+00  -1.67785157e+00  -1.18900361e+00
  -2.41923333e+00  -2.57552671e+00   4.43354057e-01   1.06395920e+00
  -6.98554276e-01  -6.26129611e-01   2.19314857e+00  -3.01891973e-01
   1.25654068e+00   4.30487616e-01   7.14270326e-02  -7.98657904e-01
  -2.73061344e+00  -2.85348273e+00  -9.33213441e-01  -2.98558822e+00
  -1.44600541e+00   8.39877298e-01   1.11552315e+00  -2.15128726e+00
  -2.93255316e+00   1.90957354e+00   1.99366243e+00  -2.15407185e+00
  -1.68109742e+00  -3.14767737e+00   8.92192768e-01   1.81474188e+00
   6.91057069e-01   1.41046640e+00   1.64539252e+00   4.99526092e-01
   1.17695324e+00   1.99076372e+00  -1.06686147e+00  -3.13115441e+00
   5.60324533e-01   2.61422872e+00   6.90228717e-01   1.75733099e-01
   1.25881465e+00  -2.22888142e-01  -7.31887426e-01   1.08436222e+00
   1.08359159e+00   2.98396249e+00   1.37670672e+00  -9.57136546e-01
  -1.52302807e+00  -3.34451338e-01   7.53803819e-01   5.45562528e-01
   2.75219682e-01  -4.06973455e+00   1.10712708e-01   3.91425227e-01
  -2.44302607e-01  -6.47914985e-01   2.00534050e+00  -2.13469244e+00
   1.91352461e+00  -1.90986014e-02  -2.62523554e+00  -4.01833835e-01
  -9.65775841e-01   9.12304010e-01   1.83410594e+00   1.35487223e+00
  -2.60636557e+00   2.40095371e-01   9.87583215e-01  -2.94091068e-01
   1.31699844e+00   1.19536645e+00  -7.45139973e-01   1.50984528e+00
  -2.39750535e+00  -5.46512001e-01  -2.03528678e+00   2.85015973e-01
   3.04287768e-01   1.89953002e+00   1.00005770e+00   1.03709765e+00
  -1.24610392e-01   1.38078295e-01  -2.31991233e+00  -9.15145650e-01
   7.28937597e-01  -1.75081529e+00   1.43671449e+00   2.65157336e-01
   6.56489397e-02   1.06609707e+00   1.24490783e+00   9.61782602e-01
   2.43681124e-01  -1.95935804e+00  -8.21293805e-02  -4.46332902e-01
  -3.62993922e+00  -2.39928775e+00   6.83132251e-01   5.98907306e-01
  -1.92409261e+00   1.59994126e+00   1.00515399e+00  -1.49441050e-01
   3.94271196e-01  -3.57045000e+00  -3.39503602e+00  -1.98247451e+00
  -2.20335639e+00   1.13423678e+00   4.96298507e-01   1.37887392e+00
   7.62181636e-01   1.27172466e+00   3.78884674e-01   4.28129084e-02
   8.11613032e-01  -1.45242053e+00  -6.58423646e-01   7.17079166e-01
  -2.46118597e+00   1.91966362e+00  -4.00992493e-01   1.23155178e+00
   3.71155673e-01  -3.24996727e+00   8.93635547e-01   3.29072908e-01
  -2.49068505e+00  -3.30533321e-01   5.16755430e-01   7.01762844e-02
   8.85480995e-01   3.99349835e-01   1.27768842e+00   9.51262587e-01
  -2.99428532e-01  -3.02496022e+00   1.10648546e+00  -5.65366939e-02
  -4.30961821e-01   6.35071069e-01   6.75869905e-01   8.37932635e-01
   2.62928544e-01   1.89792214e+00   1.21400540e+00   9.78532832e-01
   4.78088929e-01  -2.44769277e+00  -1.49817863e+00   6.50672044e-01
  -4.27116163e-02  -4.43711859e-02  -2.20591433e+00  -6.62910305e-01
   1.50573014e+00  -2.04136983e+00  -2.29247544e-02  -1.06245032e-01
   1.64206432e+00   1.56976346e+00  -2.48096471e-01   1.06639140e+00
   2.89253188e-01   9.79639498e-01  -1.76752580e-01  -2.35013325e+00
  -1.87076218e+00  -1.18782942e+00  -9.06790132e-01   8.28935730e-01
   2.71811099e-01   1.49338445e+00   1.09894273e+00   6.04404962e-01
  -2.95389955e-01   5.40829297e-01  -3.12006410e+00  -2.79120494e+00
   4.89263537e-01   1.51044879e+00  -2.26757730e-01   4.49131948e-01
   6.94407772e-01   1.92737435e+00   7.38805844e-01  -8.07757807e-01
   1.02787430e+00   8.10652831e-01   8.06584689e-01   7.00043221e-01
  -2.99374094e-01  -1.05648666e-02  -6.70571997e-01   1.77940884e-01
   1.00139070e+00   7.79573007e-01  -2.63295090e+00   7.16326887e-01
   1.18064633e+00   4.79613008e-01   9.65188270e-01  -5.83261905e-01
   3.96451315e-01  -2.21644234e+00   5.96685639e-01   2.11595519e+00
   2.05935551e+00   2.35375332e+00  -1.28834616e-02   1.20176738e+00
  -1.79320347e-01  -3.35980118e+00  -4.96106953e-01   1.78849069e+00
   2.50042143e-01   1.25060316e+00  -1.10599081e+00  -2.40106150e+00
  -3.14191540e-01  -3.09087202e+00  -2.17359485e-01   1.79616003e+00
  -1.91128610e+00   3.19951703e-01   9.70157888e-01   2.20672893e+00
  -2.96717153e-01   9.24385952e-01  -2.63912801e+00   1.41094609e+00
  -2.09582818e+00   5.24930919e-01  -9.67335172e-01  -2.51244698e+00
   1.05865050e+00   2.49753643e+00   8.28995019e-01   1.31917296e+00
   8.71070994e-01   1.68236078e+00   6.12279182e-01   1.08158175e+00
   1.66265230e-01  -8.08615406e-01   4.49269364e-01   7.02842026e-03
   2.16193530e-01  -1.65441233e-01  -1.00100790e-01  -2.33834675e-02
   2.66987690e+00   1.32319259e+00   4.94331497e-01  -1.69432087e+00
  -1.03572505e-01   2.68263373e+00  -1.82003419e+00   4.84981167e-01
   1.36607451e+00   1.87120398e-01  -3.18713287e+00  -3.43446101e-01
   9.67850480e-01  -2.40958801e+00   2.71973343e-01   1.41048179e-01
   6.74059696e-01  -1.83692819e-01   1.40991918e+00   8.52552564e-02
   5.63962029e-01   1.97545364e-03  -2.25649079e+00   9.00145589e-01
   1.42000962e+00   7.36509159e-01  -2.48557788e+00  -7.75019450e-01
   1.06083040e+00  -1.69716433e+00   1.79578074e-01   1.94982695e+00
   4.18717908e-01   1.82792246e+00  -2.65395289e-01   3.75731793e-01
   1.09706879e+00   1.01773659e+00] [-0.58332866 -0.41066704  1.66793798  0.50903239 -0.29736308  0.1975269
 -1.03981468 -0.91293518  0.93814518  0.3621521  -0.32349328  0.5073921
  1.79846532 -0.4652051  -1.36545392 -0.80979793  0.51004097  0.0385437
 -1.36738696 -0.34233969  0.08903389  1.18456131 -1.38649824  0.53691543
  0.20758278 -0.69136219 -0.88089227  0.60678754 -0.60849116  0.37361339
  0.14355628  2.12805438  0.02818284  1.33413285 -0.04548791  1.16648761
 -1.10721838 -1.04342374 -0.69165573  0.25134531 -0.25052859 -0.5304715
  0.88536352 -0.60470503  1.10311283 -0.08689212 -0.01686543  0.5293657
  0.31417631  0.2153244  -1.49829968  2.14626816 -1.32004847  0.51301062
  0.2464213   0.57969276  1.09980536 -0.31288381 -0.40324822 -0.03295777
 -0.39207337  0.51098704  1.22077293 -1.28437297  0.48074114 -0.82615053
 -0.59395735  0.29163529 -1.17956342 -0.28504907 -1.44116934 -0.29812353
 -0.71570297  1.06526072 -1.40405388 -0.20287772  0.24695151 -0.18408993
  0.10782274 -0.85724625 -1.51489299  0.95765533 -0.65321104  0.05868723
 -0.18204428 -0.88881977 -0.84023339 -0.30772035  0.1526532  -0.77267489
 -0.58733844 -0.69085685  1.11053284  0.07283462 -0.56215026  0.12632027
  0.28058388  0.93977598 -0.30008965  0.3803869   0.13609808 -0.26955286
 -1.02284218  0.18196015  0.55993935  1.15046128  1.36334073 -0.96914505
 -1.22830039  1.12143225  1.87014873 -1.13930989  0.38888145 -0.05107808
 -0.98204628  1.47688238  1.10310064 -0.04154522  0.28204429 -0.09065269
 -0.72487477  0.51785764  0.2092909  -0.35361896 -0.88102527 -1.4261452
  1.07933833 -0.13628015  1.03874816  0.33834193  1.43874569  0.54594096
  1.27035024 -0.2581945   0.58234564 -1.28693042 -0.9060155  -0.15410278
  0.64910616 -0.09285005 -0.87386003 -0.5978144  -0.23367098  0.16377333
  0.32692651  1.35939928 -1.54098196 -0.98165756 -0.48866807  1.02291126
 -0.8516815   0.25787866 -0.45367051  1.132159    1.19004161 -1.26966262
  1.13344884  1.10116294  1.17667055 -1.61934746 -0.85441375 -1.14934649
 -0.14363672  0.49952337 -0.18157912  0.5619634  -0.58342848  0.49079537
  0.0420476  -0.99983852  1.74367691 -0.21663312  0.32841717 -0.27792017
  0.23808252  1.17022884 -0.52717222  0.15012368 -0.69906377 -0.09233059
 -0.16103508  0.33370805 -0.2004721  -0.55393558 -0.26856903 -0.88073695
  1.03624445  1.63368861  0.19405236 -0.60154169 -1.54185328 -0.49618317
 -1.38887562  0.10056556 -0.89537836 -0.02422921 -1.00245336 -0.54528899
 -0.20567625  1.21106987 -0.15463999  0.89284913 -0.75158051 -0.35193547
  0.80619914 -1.02427666 -0.09769515  0.94686686  0.12304072 -0.37441294
  0.52361704 -0.13457442 -0.57281102 -1.40985741  0.01007115 -1.25625571
  1.56321035 -1.88508423  0.34758063  0.34848238 -0.69474002  2.18638071
 -0.34977289 -1.51602244  0.03028203 -0.04221096  1.16597918 -0.09126725
  0.45823107  0.13602075  0.01579199  0.30774875  0.91516519  0.32996492
  0.25622172  0.59330818 -0.87149693  1.0450911   0.03418904  1.53760989
  1.00712513  0.05772574 -1.53381679 -0.4790479   0.59675934  0.28345459
 -0.16621191  0.54678233  1.69515647 -0.37900674  1.40317152  0.46406343
 -1.24157548  0.21986083  0.3449327   0.38050294 -0.29865648 -1.99217248
  1.46447339  0.88883601 -1.7123961   1.31026604  1.19097201  0.05417642
  0.92524768 -0.72943231 -0.71215899  0.23016015 -0.00520557 -1.79514806
 -0.12396944  0.41497506  0.18816141 -1.29887196 -1.36816912  0.88593347
  2.4969231   0.00398666  1.3821247   0.35494925 -0.61843438 -1.44523627
  1.04205188 -0.67302921  0.34471575  0.12138204  0.54908136 -0.35813578
 -0.64505834 -0.08128043 -0.92347159  0.47988988  0.96556552  1.13238418
  0.18649492  0.06776089  1.29267949 -1.37303368 -0.94980842 -0.05551484
 -0.61780903 -1.24343519 -1.28414677  2.04774114 -0.18652742 -0.4941712
  2.33661855  0.08626953  0.93528726  1.53193372  0.58885823  0.51193602
 -0.98135663  0.13440704  1.29347568 -0.98613036  1.5393815   0.02265429
 -1.72750711 -1.04737851  0.64410269 -0.05427984  0.53747869  0.22668646
 -0.44771126  0.67067226 -0.55700074 -0.22599445  0.92349585 -1.12451374
 -0.0793765  -0.08122119 -0.68659899 -0.07147818  2.23233763 -0.30664733
  0.87195437  1.33342655 -0.76316147  0.95486691 -0.4859845   1.29945916
  0.21168305  1.28393852 -1.21779573 -0.06102682 -0.71392675 -1.11665907
 -0.14025868 -1.16079697 -0.58932836 -1.16624419  0.02607371 -0.49697838
  0.3862628   0.87095807 -1.20904689 -0.50625984  0.46461763  0.09948516
  1.11000082 -0.48881721 -0.86132185 -1.48199391 -0.1789121  -0.89701068
  0.19493314  1.67894654  0.53512435  0.94710699 -0.1318423   0.78538543
  1.4604071  -2.01543558  0.05242408 -0.45174337  0.00512885 -1.78842636
 -0.85539447 -0.60892842 -0.36782286 -0.19352308]

*** Componentes principais [T] (somente originais):
[-2.53338557 -3.48058272  0.86910734 -0.12769018  0.46294973  1.04933487
  2.1660099 ] [-0.58332866 -0.41066704  1.66793798  0.50903239 -0.29736308  0.1975269
 -1.03981468]

*** Contribuições (autovetores) [P] (idem para todos e originais)

C1 [21.793003509962361, 11.967955487388897, 0.85688178066329246, 21.921069668029833, 2.5673003972074491, 18.07779408021354, 12.366756866800277, 10.449238209734354]
C2 [5.6008101600053903, 7.800584619412648, 27.994310715783023, 3.4131726383085947, 0.2077325807319543, 21.670725708026485, 11.50920604909262, 21.803457528639285]
C3 [6.0556482619943237, 23.990463891014098, 5.2485870377973329, 9.1064917631025804, 25.732173563584414, 3.5874414406712671, 13.734616759117896, 12.544577282718086]
C4 [11.885116801428703, 8.0083713961538585, 16.808830902175949, 9.6940016689345985, 20.240169994104434, 4.045131539557322, 17.600399152563313, 11.717978545081834]

*** Oposição:
[1.0, 1.2780924299717165, 0.28277393653451255, -0.13960901103649234, -0.1421380379879546, -0.35661110452529332]

*** Inovação:
[0.0, 0.48315898610644903, 0.45197141102010263, 0.9676172287913728, 0.68873356847225164, 1.3891414048715216]

*** Dialéticas:
[3.5573259074145991, 0.20978698548639871, 0.64798332551618476, 0.44721946307235172, 0.57210651504398491]
dados [[-0.0534551   0.0418537   1.20988869 ..., -0.08979095 -1.38331615
  -0.70866696]
 [-0.14461626 -1.41482227 -1.20377973 ..., -1.39576335  1.68453583
   0.49582647]
 [ 0.11514464 -0.61934164  0.28762802 ..., -1.15852465 -0.59522308
  -0.58548618]
 ..., 
 [ 2.11347734  1.23946639  0.53878849 ...,  0.0857576   0.83146993
   0.37960791]
 [ 1.51082964  1.10493764 -0.29564459 ...,  1.40579416 -1.56082754
  -1.4212655 ]
 [ 0.2837926  -1.32507707  0.88740841 ...,  1.92318286 -1.0753467
   0.00663385]]
main_means [2.7627959953838821, 3.5934214132891236, 2.1883346489513116, 1.4753629751345567, 1.4911117328502885, 1.6808246872978119, 2.7166677354217428]
main_stds [1.0403458728531807, 1.0795562625174604, 0.97487179388049716, 0.7161242682979414, 0.73791872699541683, 0.81592608564965619, 1.0387923279788047]
eigenvalues means [-0.13279737 -0.04614454 -0.03158594 -0.01697431]
eigenvalues stds [ 0.00573714  0.004084    0.00350173  0.00305168]
