
*** Dimensões da tabela de notas: (430, 8)

*** Tabela geral de notas:
[[ 3.          8.          5.         ...,  5.          3.          7.        ]
 [ 2.          6.          9.         ...,  2.          1.          5.        ]
 [ 6.          4.          1.         ...,  7.          2.          2.        ]
 ..., 
 [ 6.21504874  6.67085064  7.48527771 ...,  5.52534065  8.81563452
   3.70734531]
 [ 7.8221324   3.59541996  8.6006753  ...,  7.74010446  7.92856124
   5.94901245]
 [ 8.25086668  3.26572855  8.41056088 ...,  7.1287795   8.02742134
   5.5031692 ]]

*** Matriz de covariância:
[[ 1.   -0.14 -0.13  0.59 -0.19  0.12  0.46 -0.1 ]
 [-0.14  1.   -0.07 -0.16  0.19 -0.39 -0.1   0.32]
 [-0.13 -0.07  1.   -0.21  0.27 -0.04  0.35  0.06]
 [ 0.59 -0.16 -0.21  1.   -0.37  0.18  0.42  0.05]
 [-0.19  0.19  0.27 -0.37  1.   -0.27 -0.08 -0.2 ]
 [ 0.12 -0.39 -0.04  0.18 -0.27  1.    0.21 -0.14]
 [ 0.46 -0.1   0.35  0.42 -0.08  0.21  1.    0.11]
 [-0.1   0.32  0.06  0.05 -0.2  -0.14  0.11  1.  ]]

*** Pearson (igual matriz covar.):

['1.0', '-0.14', '-0.13', '0.59', '-0.19', '0.12', '0.46', '-0.1']
['-0.14', '1.0', '-0.07', '-0.16', '0.19', '-0.39', '-0.1', '0.32']
['-0.13', '-0.07', '1.0', '-0.21', '0.27', '-0.04', '0.35', '0.06']
['0.59', '-0.16', '-0.21', '1.0', '-0.37', '0.18', '0.42', '0.05']
['-0.19', '0.19', '0.27', '-0.37', '1.0', '-0.27', '-0.08', '-0.2']
['0.12', '-0.39', '-0.04', '0.18', '-0.27', '1.0', '0.21', '-0.14']
['0.46', '-0.1', '0.35', '0.42', '-0.08', '0.21', '1.0', '0.11']
['-0.1', '0.32', '0.06', '0.05', '-0.2', '-0.14', '0.11', '1.0']

*** Autovalores (var. %):
[30.0, 18.0, 18.0, 13.0, 8.0, 6.0, 5.0, 4.0]

*** Dados finais:
[[ 2.50138965  3.49351172 -1.20150244 ..., -1.23540682 -2.04118594
  -2.20893761]
 [ 0.66472774  0.27796154  0.01827073 ...,  0.62077911 -1.48091674
  -0.59548429]
 [-0.04965693 -0.263235    1.60705883 ..., -0.28370132 -2.55499962
  -1.9912687 ]
 ..., 
 [ 0.03371355  0.3200586   0.38650013 ...,  0.0642238   0.16685515
   0.57520003]
 [-0.10462388 -0.35726173 -0.42220528 ..., -0.1340665  -0.53101038
   0.45827899]
 [ 0.19776007 -2.13721901 -1.76438534 ...,  0.68675702 -0.02452159
  -0.30034994]]

*** Componentes principais [T] (todos):
[  2.50138965e+00   3.49351172e+00  -1.20150244e+00   3.22887695e-02
  -4.45007436e-01  -1.14226591e+00  -2.01800661e+00  -9.02100173e-01
   2.52672286e+00  -6.85959597e-01   2.59823835e-01   1.60865351e-01
   2.85354133e+00  -1.11981286e+00  -1.41437044e+00   2.62970662e+00
  -1.13390051e+00  -1.21234466e-01  -1.44125325e+00  -3.61658869e-01
   3.57444139e-01  -2.28516459e-01  -2.84564470e-01  -7.05312546e-01
   2.38591697e-02   9.50389110e-01   3.09064889e+00  -3.75667245e-01
   1.66108324e+00   6.93781410e-01   1.34676798e+00  -1.35901376e+00
   2.86580561e+00   9.78471055e-01  -1.19843786e-01   3.34258326e-01
   7.09289011e-01  -1.91952592e+00   7.04739662e-01  -1.09209978e+00
  -1.00635041e+00  -7.71081187e-01  -1.10819531e+00  -1.07710779e+00
  -4.79837419e-01  -1.09794913e+00   2.52904520e+00  -1.88357616e-01
   2.23745458e+00  -6.08713511e-01  -2.84551924e-01   3.42352778e-01
  -1.06707518e-01   1.95070234e-01   2.34478350e+00  -1.04500293e+00
   1.91399140e+00   2.85521628e+00  -1.08826755e+00  -1.86378238e-01
  -6.18574206e-01   1.05770845e+00  -7.15640855e-01   4.74206155e-01
   4.53862967e-01   1.63370091e+00  -6.24207238e-01   2.63493978e+00
   9.01404675e-01  -2.76044463e-01  -3.85452492e-01   2.52306818e+00
   2.04056274e+00   7.80538135e-01   2.27778946e-01  -8.97862507e-01
  -1.71048078e+00  -6.03754724e-01  -6.89279017e-01  -5.63057174e-01
  -1.36624387e+00   1.18828744e-01  -8.73795083e-01  -2.49100164e-01
   4.10688684e-01   2.85448280e-01  -9.76051309e-01  -1.58389559e+00
  -1.39842989e+00  -1.31268553e+00  -2.78121063e-01  -3.41445724e-01
  -3.52688389e-01  -1.75336584e+00  -7.94506036e-01  -1.17990143e+00
   4.17094408e-01  -8.90836025e-01   2.06927446e+00   1.56221337e+00
   6.41744322e-01   2.26281592e-01   1.31206770e+00   1.81183343e+00
  -1.28565958e+00  -4.67801557e-01   3.26953526e+00  -1.42185293e+00
  -2.69502702e+00  -4.61116321e-01  -1.23303655e+00  -5.17599140e-01
  -3.19983434e-01  -1.96924915e+00   1.83339563e+00   9.59930262e-01
   8.57816325e-01   2.44569796e+00  -1.16341919e+00   4.57421776e-01
  -7.61203874e-01   2.81896587e+00   2.07776046e-01  -5.25615066e-02
  -3.98345632e-01   4.86821965e-01   2.06132111e+00  -1.83488979e+00
   2.95753977e-01  -1.80602791e+00  -1.79228583e+00  -9.20444397e-02
   2.27788840e+00  -1.61369671e+00  -1.23585206e+00  -4.05558867e-01
   2.26880088e-01  -3.30150934e-01   3.21462632e-02   2.94728015e+00
  -2.83263213e-01  -5.76371090e-01   3.55096360e-01  -2.51597421e+00
   1.73189291e-01   2.38491072e+00   1.78523135e-03  -2.02015230e+00
   2.07395318e+00   2.98506768e+00   3.33580310e+00   2.83904436e+00
   4.09682261e-01  -2.11861947e+00  -8.15063111e-01  -8.21501149e-01
  -1.66896554e+00  -1.11418527e+00  -1.92998146e-01   1.14849329e-01
  -2.16457506e+00   2.85898984e-01   2.23331895e+00  -1.11244574e+00
  -1.05477965e+00  -9.36343460e-01  -6.93543566e-01  -8.15141863e-01
  -3.80502688e-01  -1.33927670e-01  -4.16197367e-01  -1.32575665e+00
  -1.07970971e+00  -1.07565474e+00  -2.11562421e-01  -3.92041460e-01
   2.33849687e+00   2.00750606e+00   4.84040166e-01  -2.06695795e+00
  -7.82988824e-01  -1.15915812e+00  -6.89949173e-01  -3.19265879e-01
   3.34408171e+00  -4.08065954e-01  -3.11792167e-01  -4.95518374e-01
   1.43807886e-01   5.50877945e-01  -2.85588700e-01   4.04047382e-01
  -9.78583612e-01   1.35592926e-01  -9.26805780e-01   1.85096947e+00
   1.21787474e+00  -1.71096983e+00  -9.82086661e-01   2.42396377e+00
  -7.84098896e-02  -1.55506030e+00  -6.46181456e-01   5.16802058e-01
   2.41307562e+00  -1.97120196e+00  -8.03116483e-01   9.97413744e-01
   2.57168284e+00  -1.66644469e+00  -2.58144023e+00  -1.12135931e+00
   1.92067517e+00   1.39741028e+00  -3.71513726e-02  -4.49806778e-01
   5.61461789e-01   1.04467066e-01   1.41788922e-01   2.03032837e+00
  -4.42036089e-01  -4.43498257e-01  -3.35084048e-01   2.60426125e+00
   2.69343930e+00   2.21013714e+00  -1.52555042e+00  -2.23676287e-01
  -1.02376460e-01  -9.40832602e-01   8.83841779e-02   1.21939917e+00
  -1.03651887e+00   4.25397150e-01  -8.12054674e-01  -2.57674069e+00
  -1.09955076e+00  -6.22180277e-01  -1.29414314e+00   2.45130888e+00
   3.30962725e+00  -2.48410022e+00   2.33544808e+00  -1.85242590e+00
   6.21946202e-01   2.58818127e+00  -1.73578805e-01  -1.46218393e+00
  -1.30450825e+00  -1.43611124e+00  -2.67970309e-01  -8.52457116e-01
  -2.06208877e+00  -1.49918868e+00  -1.13029019e+00  -1.38798612e+00
   6.29434731e-01  -1.42249299e+00  -7.21835094e-04   2.61796739e+00
   2.05628088e+00   1.79874190e+00   2.13749939e+00  -1.59712525e+00
   3.35664949e-01  -9.24037681e-01  -5.53253363e-01   2.64505110e+00
   9.02471688e-02   2.74797817e+00   1.89351769e+00   1.05419319e+00
  -1.03693596e+00  -3.57811694e-01   2.73469827e+00  -1.60636732e+00
  -6.68511784e-01  -9.68140707e-01  -1.26018357e+00   8.86099288e-01
   1.22771710e+00   2.01606130e+00   3.06524000e+00  -8.01124728e-01
  -1.00060474e+00  -1.01976440e+00  -5.56944101e-01   7.38450584e-01
  -2.14624550e+00  -7.30492771e-01   8.65909235e-02   1.67012344e-02
   1.30470285e+00   4.13832681e-01  -5.23282115e-02  -2.25519473e+00
   4.32395626e-01  -1.89029359e+00  -2.28111533e+00   6.19885653e-01
  -1.24229174e+00   9.39343104e-01  -8.27170463e-01  -7.32837900e-01
  -4.35723817e-01  -7.94880945e-01  -9.13889913e-01   1.58369892e+00
   1.84619816e-01  -9.61680494e-01  -1.09561228e+00  -1.83399568e+00
  -9.32836292e-01  -8.71581313e-01  -1.34370162e-01  -2.00372011e+00
  -1.17732614e-01   2.80382256e+00  -1.35155063e+00  -1.70221764e+00
   4.36870293e-01   2.04362872e+00  -8.94244291e-01  -2.12570285e-01
   2.36717665e-01  -9.03726830e-01   5.15137516e-01  -1.18269348e-01
   1.83549147e+00   3.16738045e+00  -1.72467504e+00  -5.88582175e-02
  -2.41727393e+00   1.90794913e+00  -1.27658030e-01  -7.17782539e-01
  -6.49963115e-01   1.27975664e+00  -8.45602579e-01  -2.25110902e+00
  -1.80948033e+00  -1.52954206e+00   7.76681610e-01   2.99608939e+00
  -5.79596809e-01  -5.97467917e-01  -1.72636496e-02  -1.01751215e+00
   3.20628252e+00  -1.00447726e+00  -6.27442796e-01  -1.08596565e+00
   5.05873333e-01  -1.28845913e+00  -1.42613952e+00  -1.47761700e+00
  -2.78676673e+00  -1.25918236e+00  -2.85304467e-01   2.99932188e+00
  -6.00445035e-01  -1.06051371e+00  -2.56064497e-01  -1.03700073e-02
  -6.72439088e-01   1.99810055e+00  -2.16697213e-01   4.72140325e-01
   2.72198918e+00  -3.81834281e-01   9.54848002e-01   1.90782355e-01
  -1.28901418e+00  -1.02610042e+00  -2.01991729e+00  -1.27288930e+00
  -8.52031113e-01   3.22464595e+00  -2.33549219e-01  -4.19763343e-01
  -5.00673683e-01   2.15355724e+00   3.44903602e+00  -1.44568742e-01
  -8.91568327e-01   2.30357526e+00   4.70541344e-03   2.51349667e+00
  -9.08553304e-01   3.21476112e+00  -2.14203142e-01  -3.34872681e-01
  -1.56726972e+00  -3.16363153e-01  -2.42902610e-01  -3.83938273e-01
   1.99261034e-01  -6.64339730e-01  -1.75452848e+00  -3.01368799e-01
   1.91676128e+00  -1.52474431e+00   2.67498559e+00  -1.19315348e+00
  -3.54095580e-01   2.08323605e-01  -1.88703314e+00  -4.69597256e-01
   3.73460837e+00   2.27907042e+00  -8.68275373e-01  -1.17193356e+00
   2.29380703e-01  -1.30713104e+00  -2.51919821e+00  -7.99235826e-02
  -1.76189517e+00   1.98336208e+00  -5.65722390e-01   1.22649226e+00
   1.60449564e+00   1.77379242e+00  -1.81778447e+00  -8.97016477e-01
   1.90031625e+00  -1.11769118e+00   5.29670708e-01  -1.23540682e+00
  -2.04118594e+00  -2.20893761e+00] [  6.64727738e-01   2.77961537e-01   1.82707326e-02   3.36737933e-01
  -3.39953537e-01   7.73859393e-01  -9.31773674e-01  -1.51918491e+00
   2.63195252e-01   7.31545067e-01  -6.20406561e-01   1.14112594e-01
   1.01863124e+00  -9.40416571e-02  -7.98103195e-01   1.12852650e-01
   2.54255325e-02  -5.64380997e-01   6.67267071e-01   7.67861473e-01
  -5.51104212e-02  -5.43013464e-01   8.86573998e-01   1.48998352e-01
  -1.26383360e-01  -1.16604722e+00   5.69094297e-01  -7.98209956e-01
   6.78180456e-01   9.59482612e-01   7.47291522e-01  -3.70428300e-01
   1.49319338e+00  -8.74612577e-01  -3.37148199e-01  -2.67106063e-01
   2.26213108e-01   3.90962582e-02   5.41895262e-01  -1.31840942e+00
  -6.25563344e-01  -7.46233769e-01   2.68292731e-01   4.85215100e-01
  -6.13075188e-01   1.99838039e+00   8.07491115e-01  -2.61183492e-01
   7.85045522e-02   7.78447686e-02   1.04607267e+00  -1.35715819e+00
  -1.19216244e+00  -1.44427911e+00   5.63174048e-01   1.21026579e-01
   4.63155203e-01   3.00184522e-01  -8.11587538e-01  -1.48661838e+00
  -1.06543543e+00   5.60757953e-01   2.79602118e-01   4.32537183e-02
   3.73874867e-01   2.17630756e-01   9.69732682e-01   3.33837624e-03
  -3.78720266e-02  -3.27809362e-01  -2.22047038e-01  -5.28318751e-01
   4.36098488e-01   2.69458677e-01   3.27517137e-01   1.01486547e+00
   1.88364867e+00   6.81250135e-01  -1.30198994e+00   1.10435334e+00
  -1.40138571e-01   1.93913629e-01  -1.04543859e-01  -5.41799744e-01
   4.06928107e-01   9.75432637e-01  -2.29901430e-01   6.12432329e-01
   8.28953000e-01  -1.01003710e+00  -1.31374822e-01   2.51803066e-01
   2.43038570e-01  -1.95733893e-02  -8.09245804e-01  -3.17501390e-01
   3.47129196e-01  -2.44717369e-01   8.28625258e-01   7.91991310e-01
   3.13149993e-01  -1.06115869e+00   7.91388357e-01   8.17534436e-01
   5.10487777e-01  -2.46333724e+00  -8.71792019e-03   1.25108558e+00
   6.59566041e-01   9.82314805e-01  -1.10893646e+00  -3.73457821e-01
   1.16930408e+00  -4.28801864e-01   4.52772062e-01   1.82253798e+00
  -8.75848808e-02   3.99751642e-01   3.23827309e-01   3.44658366e-01
   7.84066824e-01   5.45257962e-01   1.24623641e+00  -5.12136531e-01
   8.47522889e-01   2.81053020e-01   9.58674901e-01  -1.13651638e+00
  -1.36396862e-01   5.68059738e-01   2.20467870e-01  -5.58469837e-01
   5.79045550e-01  -6.74915165e-01   2.55449921e-01  -8.07817606e-01
   6.77788360e-01   2.43460824e-01  -7.40564814e-01   3.08432870e-01
  -2.40295910e-01   6.34362307e-01   8.79468263e-02  -1.42187116e+00
  -4.99412319e-01   3.41155031e-01  -2.24499704e-01  -1.60456062e+00
   5.53518332e-01   3.59066308e-01  -1.11122720e-01   3.85280185e-01
   2.03898036e-01  -1.26625926e+00  -1.79491262e-01   3.82924738e-01
  -1.44403207e+00   3.89623447e-02  -6.20105624e-02  -6.62061068e-01
  -6.55477571e-01   1.26144643e-01   9.21833620e-01   7.94357145e-01
   1.51411943e+00   1.00737157e+00  -5.88124040e-01  -1.93234708e-01
  -5.68950092e-01  -4.94481859e-01   1.07042223e+00   8.57070964e-01
   2.93434590e-02   7.39088062e-01   3.90039261e-01  -1.43342400e-01
   3.58692559e-01   6.53499682e-01   5.09227497e-01   1.91312064e-01
   7.17607250e-01  -7.74158591e-02  -1.48941947e+00   1.71291788e-01
  -3.74452899e-01  -4.42058978e-01   5.30894966e-01   1.35797531e+00
  -1.80333816e-01   3.93292120e-01   4.77664880e-01   2.01633397e-01
   2.09469689e-01   4.71155557e-02  -1.44845015e+00   1.14046154e+00
   2.64940228e-01  -2.25241760e-01   8.67897395e-01   1.22638545e-01
  -1.09145443e+00   3.91936709e-01  -6.90732554e-02  -2.35026394e-01
   6.22374877e-01  -1.23542207e+00   4.19837336e-01  -8.93084462e-02
   9.45988357e-05  -7.71780608e-01  -1.13863975e+00   9.68858090e-02
   1.09077056e+00   5.64834060e-01   6.93998287e-01  -3.49320597e-01
   1.01310269e+00   5.79195283e-01   2.10308880e-01   6.04770493e-01
  -6.06296865e-01  -9.04681948e-01  -8.45558682e-01   1.06049121e+00
   9.27910586e-01   1.04685600e+00   2.07309437e-01  -4.96418466e-01
  -1.10490426e+00  -1.10967420e+00   3.51712882e-01   7.80409777e-01
   7.12761978e-01  -1.20614294e-02   1.13869387e+00  -1.66046804e+00
  -9.46562359e-02  -1.33384344e+00  -1.33609588e-02   5.96933486e-02
   2.94848231e-02   4.86612501e-01   5.47106637e-01  -1.02352310e+00
   6.93100401e-01   5.68884480e-01  -1.39594665e+00  -2.13659469e+00
   4.67251377e-01  -1.84952225e+00  -1.23151920e+00  -3.73071455e-01
   6.83505617e-02   1.40459821e+00   8.65545067e-01   4.52429202e-01
   1.42636999e-01  -1.13280726e+00   5.99764016e-01   5.96541989e-02
  -2.38381345e-02   6.32936626e-01   2.57883062e-01  -9.92625090e-01
   4.33761993e-01  -3.64935740e-01   1.24807013e+00   4.78361439e-01
   6.81808705e-01   1.28462829e-01   1.07449065e+00  -1.01057175e+00
  -1.67820131e-01  -2.92543714e-01  -1.33427160e-02   1.42872363e+00
  -5.39666148e-01  -5.58238103e-01  -5.00700808e-01   2.91648720e-01
   1.28244888e+00   2.61666128e-01   1.46895730e+00   1.55266751e-02
  -4.19373878e-01  -1.00579681e-01  -1.24182144e-01  -3.87923459e-01
  -9.32708606e-01   3.31962005e-02  -1.03413537e+00  -4.70863699e-01
  -1.10412818e+00  -1.68193868e+00   4.71674119e-01  -1.11133426e+00
   2.75626152e-01  -7.03163914e-01  -1.83404883e+00   1.24791008e+00
   4.81308245e-01   1.66254175e-01   9.86479699e-01  -2.33977672e+00
  -6.38417742e-01  -5.14353423e-01  -7.36339075e-02  -1.29248524e-01
   1.30702099e-02  -1.19019511e-02   8.07042960e-01  -2.91334680e+00
  -4.72241352e-01   3.40342059e-01   7.84020691e-02   1.30337133e+00
  -6.59056060e-01   4.10660296e-01  -2.77677512e-01  -2.79756939e-01
   8.88616808e-01   1.72041346e+00  -6.46196210e-02   8.09467154e-01
   6.57712139e-01  -1.19911957e-01   4.42736872e-01  -3.56146158e-01
   5.41266505e-01   1.82823461e-01  -2.62714700e-01  -6.72977173e-01
  -1.56621505e+00   1.28392472e-01   4.18434893e-01   1.22012563e+00
  -1.34714951e+00  -2.11557968e-01   3.99467655e-01  -2.10685981e+00
   1.23455533e+00   3.06239159e-01   6.77791307e-02   7.95530191e-02
   4.20620827e-01  -5.73858935e-01  -1.32342883e+00  -3.34996428e-01
   1.95825995e-01  -1.25825130e+00   6.50810463e-01   1.68326428e-01
   3.68688438e-01   6.00927363e-01  -9.79288068e-01   7.27163317e-01
  -8.87014669e-01   2.57290658e-01   4.28094125e-01  -7.60726227e-01
   1.11393963e+00  -4.10847163e-01  -3.64946907e-01  -1.30540830e+00
   8.05104919e-01   5.35572807e-02   2.31026458e-01  -6.96335881e-01
   1.73777555e-01  -1.00265591e+00  -3.49820039e-01   1.04381715e+00
  -9.18540865e-01   1.23782289e+00  -6.70528389e-01   2.35213647e-01
  -1.66787901e+00   5.22875944e-01  -1.39331573e+00   4.77009430e-01
  -3.00382602e-01   3.48717344e-01   1.53532984e-01   2.82588030e-01
   2.10379120e-01   2.31542948e-01   1.05422837e+00   1.76716553e-01
  -1.29158590e+00   7.12866674e-01   9.66690314e-02  -8.45826083e-01
  -1.15581334e+00   6.23138227e-01  -4.20294975e-01  -4.68923874e-01
   1.16981049e+00  -1.91110846e-01  -6.30925677e-01  -1.67494747e+00
  -2.08936616e-01   1.69256924e+00  -3.25601394e-02   1.07311015e-01
  -3.12373737e-01  -6.13284380e-01  -1.72247780e+00   1.72886837e+00
  -5.48474189e-01   2.83180483e-01  -1.79078119e+00  -1.89431255e-01
   6.69186220e-02  -1.32257797e-01  -2.41628292e+00   5.68034195e-01
  -9.00863797e-02   9.02191354e-01   9.96609827e-01  -4.13922389e-01
   9.19512374e-01  -5.31356727e-01  -2.26521657e-01  -1.46317579e+00
   9.76385356e-01   2.22728102e-01   1.18897266e+00   6.20779106e-01
  -1.48091674e+00  -5.95484294e-01]

*** Componentes principais [T] (somente originais):
[ 2.50138965  3.49351172 -1.20150244  0.03228877 -0.44500744 -1.14226591
 -2.01800661] [ 0.66472774  0.27796154  0.01827073  0.33673793 -0.33995354  0.77385939
 -0.93177367]

*** Contribuições (autovetores) [P] (idem para todos e originais)

C1 [19.208848132637126, 11.627463254643622, 3.5956724840352541, 20.773332110379915, 1.6203441422923612, 15.70192826143241, 13.371345545095908, 14.101066069483393]
C2 [7.03735668895788, 23.058851365643491, 4.7575291729873053, 8.9128099464031862, 25.438365445864154, 13.167250688383586, 16.351291931826289, 1.2765447599341191]
C3 [2.1712173319345998, 7.5562036673142501, 33.519691319984695, 5.790784731518742, 6.8058831127508004, 21.99067915515435, 2.4565544842861575, 19.708986197056401]
C4 [17.876324244051219, 6.8875358886961129, 10.787672792912897, 7.6878444139689721, 20.913338880340444, 1.4566853133387931, 16.636441371318007, 17.754157095373554]

*** Oposição:
[1.0, 1.2361770482665082, 0.26039243477961549, -0.20767479315576753, 0.0049352470338851874, -0.0064506304115498929]

*** Inovação:
[1.6699540590904642e-15, 0.36450688997173863, 0.16030719348504321, 0.74782487301953449, 1.3140074819247662, 1.9172232514548007]

*** Dialéticas:
[3.5194112886268325, 0.23427356392813434, 0.0045841772557782294, 0.11381764255733852, 0.24656989107168684]
dados [[-0.78135401  0.82780148 -0.35679156 ...,  0.10040635 -0.90065768
   0.82388757]
 [-0.26653465 -0.15514333 -0.71837439 ..., -0.42193993 -1.331694
  -0.07977198]
 [-1.12585351  1.14115134 -0.26986649 ..., -0.9199573  -0.61923203
   0.62436168]
 ..., 
 [ 2.04773532 -1.04553712  2.06015599 ...,  1.19377063 -0.69540618
  -1.19149734]
 [-0.0479649  -1.75501772  0.54867205 ...,  0.10500486  0.28113207
  -0.5845032 ]
 [-1.64925101 -0.34188025  0.66919181 ...,  0.14865351  0.60896503
  -1.34902804]]
main_means [2.8229197423348547, 3.7015363214133816, 1.7284064293669625, 1.3600597166004329, 1.4868800942028817, 1.8298905297861094, 2.5130567722553674]
main_stds [1.0091290825963983, 1.0651580908913645, 0.83430384753269526, 0.67517028984774452, 0.73073369398432186, 0.8865771233027635, 1.020660569030587]
eigenvalues means [-0.14436975 -0.03916572 -0.04308794 -0.00483237]
eigenvalues stds [ 0.00550301  0.00388807  0.00328334  0.00288327]
