
*** Dimensões da tabela de notas: (282, 8)

*** Tabela geral de notas:
[[ 3.          3.5         9.         ...,  3.5         5.          4.5       ]
 [ 8.          7.5         7.         ...,  8.          2.5         2.5       ]
 [ 1.5         2.5         9.         ...,  2.5         7.5         7.5       ]
 ..., 
 [ 7.1742654   6.98945506  4.41813585 ...,  8.55836134  2.71214288
   1.15142716]
 [ 8.41169056  2.74328204  7.9261417  ...,  3.09978808  7.34510281
   4.81751095]
 [ 8.80302757  6.06243021  7.58085773 ...,  6.52028186  1.57740002
   2.03958893]]

*** Matriz de covariância:
[[ 1.    0.35 -0.34  0.12  0.1   0.51 -0.33 -0.36]
 [ 0.35  1.   -0.44  0.14  0.14  0.71 -0.48 -0.25]
 [-0.34 -0.44  1.   -0.35  0.36 -0.3   0.33  0.05]
 [ 0.12  0.14 -0.35  1.   -0.14  0.06  0.16  0.26]
 [ 0.1   0.14  0.36 -0.14  1.    0.35 -0.17 -0.15]
 [ 0.51  0.71 -0.3   0.06  0.35  1.   -0.58 -0.37]
 [-0.33 -0.48  0.33  0.16 -0.17 -0.58  1.    0.58]
 [-0.36 -0.25  0.05  0.26 -0.15 -0.37  0.58  1.  ]]

*** Pearson (igual matriz covar.):

['1.0', '0.35', '-0.34', '0.12', '0.1', '0.51', '-0.33', '-0.36']
['0.35', '1.0', '-0.44', '0.14', '0.14', '0.71', '-0.48', '-0.25']
['-0.34', '-0.44', '1.0', '-0.35', '0.36', '-0.3', '0.33', '0.05']
['0.12', '0.14', '-0.35', '1.0', '-0.14', '0.06', '0.16', '0.26']
['0.1', '0.14', '0.36', '-0.14', '1.0', '0.35', '-0.17', '-0.15']
['0.51', '0.71', '-0.3', '0.06', '0.35', '1.0', '-0.58', '-0.37']
['-0.33', '-0.48', '0.33', '0.16', '-0.17', '-0.58', '1.0', '0.58']
['-0.36', '-0.25', '0.05', '0.26', '-0.15', '-0.37', '0.58', '1.0']

*** Autovalores (var. %):
[39.0, 21.0, 13.0, 9.0, 7.0000000000000009, 5.0, 3.0, 3.0]

*** Dados finais:
[[-0.67096155  0.3498126  -0.30794981 ..., -0.15331764 -0.18310509
   0.29154694]
 [-1.01764854 -0.71501529 -0.96684729 ...,  0.22475259 -0.08805411
   0.73854793]
 [-0.4521831   0.65607029  1.50202412 ..., -0.03544463 -0.98048369
  -0.04567597]
 ..., 
 [ 0.1490254  -0.99614082  1.17902808 ..., -0.95946621 -0.22045401
  -1.22182101]
 [ 0.04579665  1.13506273 -1.02969218 ...,  0.76831544 -0.6846112
   1.54675513]
 [-0.84680359  2.16338898 -1.67499721 ...,  2.84766569 -1.72224414
   0.77922621]]

*** Componentes principais [T] (todos):
[ -6.70961552e-01   3.49812597e-01  -3.07949811e-01   4.71829313e-01
  -4.03449182e-01   1.13552659e+00   1.35907513e+00  -6.22203686e-01
   1.66831073e-01   6.04837180e-03  -1.19464048e-01  -4.70433897e-02
   4.18102516e-01  -3.79018989e-01  -8.36974729e-01  -1.14073933e-01
   2.24011187e-01  -1.22145721e-01   1.48388176e+00  -9.41866340e-01
  -2.31018324e-01   2.57640456e-01   5.43832473e-01  -1.17323798e+00
   1.26437133e+00   8.37989050e-01  -9.06219536e-01  -9.40345917e-01
  -1.03522924e+00   5.14093875e-01  -1.98433510e-01   1.09395606e+00
   4.44304766e-01   9.50706688e-01  -1.97901117e-02  -1.02150029e+00
  -1.63296929e-01   4.66992948e-01   9.28211786e-02   2.92660174e-01
  -1.91068793e-01  -1.76327931e-02   1.21399039e-01  -2.13292031e-01
  -1.20532740e-01  -1.09829571e+00  -2.44435264e-01   7.05372263e-01
   9.47890135e-01  -2.02501364e-01  -1.95403409e-01   6.96205948e-01
   4.89352400e-01  -6.78017759e-01   1.30287904e+00   5.55583177e-01
   6.40523228e-01  -2.13716975e-01  -1.79027781e-01  -2.45478615e-01
  -1.27369140e+00   1.64187457e-01  -3.96714665e-01  -3.05332234e-01
   1.58789375e+00  -1.11788520e+00  -9.16893227e-01   8.92322013e-01
  -4.46807690e-01   3.87432953e-02  -5.95238080e-02  -1.47133358e+00
  -7.20359452e-01  -8.49397050e-01  -8.86962127e-01  -8.39959320e-01
  -5.14795487e-02   2.29100949e+00   5.97176117e-02  -8.50398528e-01
  -5.68143955e-01  -3.98592483e-01  -4.18394870e-01   1.44671155e+00
   7.01118243e-01   8.34195884e-01   5.41879877e-01  -3.99072371e-01
   6.00540283e-01   7.61840687e-01  -7.86351711e-01  -1.42285232e+00
   4.01225100e-01  -2.00814919e-01   3.22755982e-01   2.56018689e-01
   1.36245132e+00  -6.49530157e-01   2.13730724e+00  -1.52099935e-01
   1.55921930e+00  -1.34015261e-01  -5.83203948e-01   9.34418728e-01
  -1.72097831e-01  -1.17134451e+00  -4.76074326e-01  -3.58443720e-01
   5.83132883e-01  -6.18725063e-02   2.98943693e-01  -4.93560317e-01
   4.28883748e-01  -5.52681400e-01   7.92454943e-02   5.79131814e-01
   6.62816956e-01   9.66747889e-01  -6.86997935e-01   2.99712471e-01
  -6.96658678e-01   6.20777878e-01  -3.76669644e-01  -1.74625622e+00
  -6.27256530e-01  -2.29815576e-01   6.81856894e-01  -3.33579817e-01
  -4.81833731e-01   1.11264465e+00   3.64018632e-02   2.15145219e+00
   1.82101242e-01  -7.75131549e-01  -5.83576867e-01  -9.84917601e-01
   8.20536882e-01   4.36464252e-01  -8.95386674e-01   5.31167998e-02
   7.08503083e-01   1.39757827e-01   9.99846926e-02   2.34501299e-01
  -7.70594962e-01   1.17827538e+00   2.98014281e-02   6.31230285e-01
   5.89289593e-01  -9.25901200e-02   4.35025830e-01  -1.17992436e+00
   8.84969688e-01  -1.70432424e+00   8.31342671e-01  -1.79667294e-01
   1.70624072e-01  -4.60626200e-01  -2.37127910e-02  -1.30748515e+00
  -1.08282331e+00   2.95365168e-01  -1.02908826e-01   1.29553080e-01
  -1.18821053e+00  -6.68828134e-01  -8.46997194e-02  -4.28671833e-01
  -5.69790275e-02  -2.99850588e-02   8.64427407e-02   1.49623528e+00
   2.57184096e-01   6.48520006e-01  -8.64773312e-01   5.62776677e-01
  -2.46312114e-01   9.38415694e-01  -7.69433234e-01  -8.41996843e-01
   4.62517489e-01  -1.65913570e-01  -1.27711155e+00  -2.67877216e-01
   5.32708231e-01   3.29678468e-01   7.62136546e-01   1.70496500e+00
  -6.79761202e-01   6.18389447e-01  -4.32429697e-01  -1.30084330e+00
  -4.53971012e-01  -8.38839463e-01  -3.21595479e-01   1.39313541e+00
   9.74564938e-01  -2.22982321e-01   6.74906196e-01   1.39230251e-01
   9.75954404e-01  -6.90452706e-02  -1.84622644e-01  -1.48779427e-01
  -4.44411097e-01  -3.32841993e-01   5.83906558e-01  -1.72386047e-01
  -1.88127456e+00  -1.74237716e-01   4.91195409e-01   2.62471749e-01
  -3.12536474e-02   4.10125586e-01  -1.66811443e-01  -3.24693113e-01
  -9.87572224e-01   9.41738867e-01   4.85394400e-02   2.68096297e-01
  -1.15317069e+00   4.05663516e-01   7.45914087e-01  -4.69319656e-01
   4.50968973e-01  -8.26316760e-02   9.59820095e-01  -9.95517827e-01
   2.56755085e-01   1.11463305e+00   1.21304490e+00  -4.33694911e-01
   1.01433135e+00  -6.00589317e-01  -5.69522780e-01  -1.32642693e-01
  -7.72359443e-01  -2.95107779e-01  -3.53053163e-01  -1.75243720e-03
  -2.89911952e-01   9.64149968e-03   9.27356317e-02   1.29504914e+00
  -6.22653435e-01  -1.13207475e+00   1.06327427e+00  -4.76444954e-01
   2.47639952e-02  -1.30017557e+00  -4.25134387e-02   8.37209665e-02
  -1.01415709e+00   1.34762367e-01  -2.52596102e-01   2.09206855e-01
  -5.66810054e-01  -2.10445310e-01  -3.04454485e-01  -6.72002051e-01
  -6.71632987e-01   1.74661902e+00   1.82988634e+00   1.18848061e-01
  -1.11157178e+00   6.07860294e-01  -6.18469756e-01   2.41820644e-01
  -1.26117138e-01   3.03578968e-01   6.35679450e-01  -4.86680828e-01
   1.18261772e+00  -5.61209758e-01  -1.24442999e+00   1.11691380e+00
  -7.55538357e-02  -4.92289903e-01  -9.03559800e-01  -1.53317636e-01
  -1.83105095e-01   2.91546940e-01] [ -1.01764854e+00  -7.15015287e-01  -9.66847288e-01   9.67255143e-01
   1.19181821e-01   2.40169307e+00   2.85873200e+00  -6.52390786e-01
  -2.07079357e+00  -1.58609475e+00  -8.32169147e-01  -1.38508454e+00
  -8.16331089e-01   5.66472337e-02  -9.52341173e-01   4.16033422e-01
   3.71206677e-01  -3.76520149e-01   2.32136425e+00   1.19172263e+00
  -5.78542065e-01   9.44396157e-01  -3.00219898e-02  -1.25923592e+00
  -3.67574851e-01   1.84207655e+00  -1.35935368e+00  -9.10130431e-01
  -1.46445801e+00   1.62948903e+00  -9.51174724e-01   2.52453887e+00
   3.44243457e-01   2.33341805e+00  -1.72433897e-01  -9.64459670e-02
   1.17086980e+00  -2.42363399e-01  -1.27737943e-01  -1.40724290e+00
  -3.65708479e-01  -9.35873287e-01  -1.06582006e+00  -3.38565124e-01
   1.46237157e-01  -6.89943119e-01  -8.54178558e-01   7.36114240e-01
   5.89185141e-01  -7.30575253e-04   8.18164396e-02   2.87324290e+00
   2.73575000e-01  -9.63869856e-01   1.99362285e+00  -1.27808287e-02
  -9.67422333e-01   1.48259251e-01   4.31332097e-01   5.11960186e-01
  -1.62175148e+00   6.80004982e-01   2.98503995e-01  -6.54293483e-01
   1.49249559e+00   4.43990383e-02   3.60231154e-01   3.26540876e+00
  -4.69164806e-02  -1.27644132e+00   6.54075973e-02  -1.15493483e+00
  -1.44399235e-01   1.90738786e-01   2.86350046e-01  -1.56726083e+00
  -7.02764122e-01   2.47499766e+00  -1.14882359e+00  -4.88887271e-02
   1.05536955e-01   2.48301927e-01  -3.82507456e-01   1.93370210e+00
  -7.14696261e-01   1.58912383e-01   2.53300548e+00  -1.03972447e+00
  -1.36300557e-01   2.86920091e+00  -4.65639505e-01  -4.00176997e-02
  -6.29217720e-01  -1.44739439e+00   1.06374952e+00  -1.87216433e+00
  -2.08480056e+00  -8.38515752e-01   2.35151123e+00  -1.07982417e+00
  -1.76368437e-01  -3.89199655e-01  -9.73828261e-01   1.48357834e+00
  -1.60388403e-01   7.37102041e-01  -5.74946565e-01  -6.99815963e-01
  -7.77810494e-01  -1.27792723e+00  -9.30174117e-01   1.23162278e-01
  -5.75916374e-01   1.08811649e-01  -1.21438416e+00   1.08466285e-01
  -9.38247486e-01   2.58795081e+00   2.58392337e-02   1.72316566e+00
   4.04242789e-01   2.90026535e+00  -1.66180606e+00  -9.90222711e-01
  -8.68155742e-01  -5.27568872e-01  -1.30830853e-01  -1.10375694e+00
  -1.34731998e+00   2.13726820e+00  -4.64882924e-01   2.17372041e+00
  -1.89763080e+00  -8.21576544e-01  -7.01779645e-02  -8.76500646e-01
   1.65092982e+00  -1.08265768e-01   2.10787126e-01   3.24853662e-01
   1.72277288e-01   5.42900551e-01  -6.84286952e-01   2.38060254e+00
  -1.83917411e+00   2.16168590e+00  -1.41669575e+00   2.57193041e+00
   5.32733566e-01  -8.16997851e-01   8.38823289e-01   7.52575061e-02
   2.29099391e+00  -8.21944734e-01   1.76782574e+00   1.34521505e-01
  -6.25069918e-01  -1.66234500e+00  -1.35147421e+00  -1.56585143e+00
   1.05065480e+00  -4.65799478e-01   1.25715601e+00  -8.79511467e-01
  -1.24225586e+00  -1.24817394e+00  -1.56246106e+00  -2.31484788e+00
   3.60059763e-01  -8.80831056e-01  -4.75007881e-01   2.09347430e+00
   2.06608145e-02  -6.35210610e-01  -8.02676038e-01  -1.55428011e+00
  -1.43922300e+00   8.77595354e-01  -1.00448610e+00   3.42075786e-01
  -3.07868556e-01  -1.05534301e+00  -1.06260243e+00  -1.51936397e-01
   8.64524503e-02  -1.22763890e+00  -5.35293233e-01   2.06361095e+00
  -9.95395709e-01  -2.38961395e-01  -1.27283690e-01  -5.60699445e-01
   2.88446437e-01   1.33174935e+00   8.17780146e-01   2.36396782e+00
   3.21449522e+00  -1.27973418e+00   1.45614347e-01  -1.36068082e+00
   2.88417197e+00  -6.19674550e-01  -1.04980443e+00  -7.85658762e-01
  -1.24713559e+00  -1.85791224e+00   2.10251587e+00   8.15209120e-01
  -1.47188253e+00  -3.35777900e-01   3.29060068e-01  -9.06770155e-01
  -1.21266809e+00   1.42431177e+00   9.22787927e-01  -7.35464698e-01
  -2.12542441e-01  -3.75614283e-01  -1.23750302e+00  -1.48802960e+00
  -3.80663176e-01  -8.26788083e-01   2.78374250e+00  -5.18584935e-01
  -1.85856800e+00  -5.47053380e-01  -1.73072003e-01   4.32627847e-01
  -1.10500008e+00   2.66391257e+00   2.24584660e+00   1.52353518e-01
  -1.15577549e+00  -1.24959949e+00  -7.78869787e-01  -2.88511932e-02
   5.13830795e-03   8.14553913e-01  -7.08418216e-01  -1.37017249e-01
   7.59842307e-01   6.14422597e-02   1.26196089e+00   2.99659711e+00
  -3.12808450e-01   5.01268179e-02   1.89098912e+00  -9.57587686e-01
   1.33355441e+00   2.74461002e-01  -5.77795261e-01  -1.71751559e-01
  -4.40062144e-02  -8.73455256e-01  -1.26639861e+00  -1.83663832e+00
  -5.97275105e-01   7.14845455e-01  -8.37669955e-01  -9.21232280e-01
   4.39976852e-01   3.25508890e+00   2.26617533e+00  -9.83112181e-01
  -9.71016122e-02  -1.97022031e-01  -7.23228680e-02   7.28942286e-01
  -1.63489310e-01   5.12775405e-01   4.25581636e-01   1.97886167e-01
  -4.43045755e-02   1.20706296e-01   3.23166538e-01   1.96160996e+00
  -1.54363232e+00   2.59599319e-02  -3.55158655e-01   2.24752593e-01
  -8.80541061e-02   7.38547933e-01]

*** Componentes principais [T] (somente originais):
[-0.67096155  0.3498126  -0.30794981  0.47182931 -0.40344918  1.13552659
  1.35907513] [-1.01764854 -0.71501529 -0.96684729  0.96725514  0.11918182  2.40169307
  2.858732  ]

*** Contribuições (autovetores) [P] (idem para todos e originais)

C1 [14.798047258849003, 17.385065987596448, 11.059613634185846, 1.0934495974960396, 5.5680394529873523, 17.48600479606899, 13.344133623220717, 19.265645649595612]
C2 [3.9545853221743492, 6.0752837416587617, 23.24668457281831, 24.164650312228364, 20.27672378843528, 6.5963853414031197, 13.979433519266921, 1.7062534020149129]
C3 [1.1506810930372193, 7.6182797962702038, 9.8005690417669911, 17.21655149853569, 25.846236564134568, 10.995450954734116, 16.525629039495318, 10.846602012025901]
C4 [35.042580464632678, 19.515358644286497, 5.9579889831381907, 9.6397536992419735, 1.0966852163797789, 10.891582417988207, 12.401762150276618, 5.4542884240560561]

*** Oposição:
[1.0, 0.59699687924840517, 1.738878861515234, 0.40030230339007938, 1.5964351796546916, -0.1229915818620184]

*** Inovação:
[0.0, 0.032811787687635992, 0.17291677111988651, 0.44758875938952086, 2.2440594223038715, 0.013397304808783411]

*** Dialéticas:
[0.15954616263964477, 1.5157977390259836, 0.034119862973079222, 1.710111839015565, 0.68305313281324509]
dados [[ 2.05595112 -0.92371078  0.31932476 ..., -0.52511485 -1.10146617
  -1.83244783]
 [-1.37185903 -0.68503286 -1.09668705 ...,  0.27926415 -0.26311736
   1.1540302 ]
 [ 0.39488565  0.40421753  0.93092874 ...,  1.53344889  1.77667695
  -1.17330589]
 ..., 
 [ 0.79422552 -1.47556683  0.31185592 ...,  1.23288372  0.02484731
   1.50689531]
 [-0.09036848 -1.09418787 -1.11854609 ..., -0.53301077 -0.78665197
  -0.51886452]
 [-0.12391482 -0.53233652  0.95463564 ..., -0.75851469 -1.00678542
  -0.21037406]]
main_means [1.795835682455273, 1.5791862665363194, 1.682762440802555, 1.7043563457181781, 1.4243637278313905, 2.8773238623846913, 3.3826995692592243]
main_stds [0.87411149909478392, 0.77748298832663754, 0.83429275995926289, 0.83810943952280237, 0.71343254269788747, 1.0509148143884131, 1.0580017626300153]
eigenvalues means [-0.22984155 -0.06795495  0.00288117  0.03729907]
eigenvalues stds [ 0.00747582  0.00482745  0.00393492  0.00371403]
