
*** Dimensões da tabela de notas: (409, 8)

*** Tabela geral de notas:
[[ 3.          8.          5.         ...,  5.          3.          7.        ]
 [ 2.          6.          9.         ...,  2.          1.          5.        ]
 [ 6.          4.          1.         ...,  7.          2.          2.        ]
 ..., 
 [ 3.51756329  7.55902584  3.4245349  ...,  4.8823036   3.82840172
   6.81264184]
 [ 6.33821184  6.24902909  2.69404669 ...,  4.37254564  7.33122295
   5.21393978]
 [ 8.25739573  7.92101459  2.56424338 ...,  2.17106108  4.26652308
   5.13837652]]

*** Matriz de covariância:
[[ 1.   -0.11 -0.1   0.62 -0.11  0.12  0.47 -0.13]
 [-0.11  1.   -0.03 -0.12  0.18 -0.37 -0.11  0.29]
 [-0.1  -0.03  1.   -0.2   0.34  0.04  0.38  0.05]
 [ 0.62 -0.12 -0.2   1.   -0.3   0.14  0.38  0.01]
 [-0.11  0.18  0.34 -0.3   1.   -0.26  0.02 -0.19]
 [ 0.12 -0.37  0.04  0.14 -0.26  1.    0.19 -0.09]
 [ 0.47 -0.11  0.38  0.38  0.02  0.19  1.    0.08]
 [-0.13  0.29  0.05  0.01 -0.19 -0.09  0.08  1.  ]]

*** Pearson (igual matriz covar.):
 ###TABLE III. Pearson correlation coefficients between the eight musical characteristics.
['1.0', '-0.11', '-0.1', '0.62', '-0.11', '0.12', '0.47', '-0.13']
['-0.11', '1.0', '-0.03', '-0.12', '0.18', '-0.37', '-0.11', '0.29']
['-0.1', '-0.03', '1.0', '-0.2', '0.34', '0.04', '0.38', '0.05']
['0.62', '-0.12', '-0.2', '1.0', '-0.3', '0.14', '0.38', '0.01']
['-0.11', '0.18', '0.34', '-0.3', '1.0', '-0.26', '0.02', '-0.19']
['0.12', '-0.37', '0.04', '0.14', '-0.26', '1.0', '0.19', '-0.09']
['0.47', '-0.11', '0.38', '0.38', '0.02', '0.19', '1.0', '0.08']
['-0.13', '0.29', '0.05', '0.01', '-0.19', '-0.09', '0.08', '1.0']

*** Autovetores (raw):
[[ 0.52 -0.11  0.22  0.35  0.09  0.64 -0.36  0.11]
 [-0.29 -0.04  0.6   0.1   0.62 -0.01  0.07 -0.4 ]
 [-0.06 -0.68 -0.11 -0.3  -0.17  0.42  0.35 -0.33]
 [ 0.53  0.09  0.28  0.17 -0.08 -0.19  0.75  0.07]
 [-0.29 -0.52 -0.06  0.4   0.22 -0.12  0.13  0.64]
 [-0.07  0.04  0.54 -0.64 -0.12  0.13 -0.04  0.52]
 [ 0.41 -0.5   0.17 -0.14 -0.03 -0.59 -0.4  -0.13]
 [ 0.33  0.04 -0.43 -0.41  0.71  0.04  0.09  0.14]]

*** Autovalores (raw):
[ 2.24  1.54  1.38  1.13  0.59  0.45  0.36  0.32]

*** Autovalores prop (raw):
[ 0.28  0.19  0.17  0.14  0.07  0.06  0.04  0.04]

*** Autovalores (var. %) ###TABLE IV### New variances after PCA, in percentages for scores on III.:
[28.000000000000004, 19.0, 17.0, 14.000000000000002, 7.0000000000000009, 6.0, 4.0, 4.0]

*** Dados finais:
[[-2.19849258 -3.29161674 -0.74920311 ..., -1.89912907  0.35063436
   0.73862108]
 [-0.12619095 -1.34005163  1.73500371 ..., -0.13340908  0.2844768
  -0.02973535]
 [-0.734355   -2.55234937  0.48576817 ..., -0.67612885 -0.06949265
   0.44247856]
 ..., 
 [-0.18149663  0.62186864  0.15696549 ..., -0.6754227  -0.71140038
  -0.11338709]
 [ 0.03442856  0.87065832 -0.45319514 ..., -0.32008716 -1.79718389
   0.57680601]
 [-0.30913286 -1.07645207  1.49202391 ...,  0.40160251 -0.87023319
  -0.0640483 ]]

*** Componentes principais [T] (todos):
[-2.19849258 -3.29161674 -0.74920311  0.86029629  0.81049565  0.80447938
  1.76339358  0.21037685  1.2039794   0.72885934  0.53520145  1.83816033
 -2.28959396  1.98645633 -2.31136674  2.11003764  2.0454613   0.19128874
  0.49422384 -1.59015817  1.01791471  0.65519997  0.89104885  0.21902638
  0.8653498   0.97543539  0.54554599 -0.0252874   1.6918551   1.18723224
  0.3263883   1.09716227 -1.24676963 -1.90752277  0.92361565 -2.75762261
 -1.69445017 -0.35044274 -0.51577463  0.59615125  0.44174773 -2.89184529
  1.20388135  0.70235127 -1.69770968 -0.08478391 -0.25266141  1.21228517
  0.67604437  1.59517707  1.25929358 -0.81115327 -2.59021104 -0.80071252
  1.39643897  0.03918886  0.49719748 -0.54571918  1.99765545 -0.80470703
 -0.76258744  0.15991602  0.92348841  1.05176582  0.33601225 -1.33388925
  1.01905145 -0.71704017 -3.09512091  1.30054079 -0.87161468  0.86523479
  0.57496806  0.27605394 -2.84619115  0.13684662 -1.53655098 -1.66854979
  0.49231362  0.56580137  1.37195167 -2.01242995 -0.11643602 -0.01119738
  0.09319268 -0.32871942  0.94552826 -0.85860862 -2.66967521  0.70721937
 -1.64874259 -0.16102449  0.53481931 -2.25138507 -2.6982654   0.59842534
  1.70368063  1.82026619  0.86656976  0.86696914  1.47837451  0.33966741
  1.47970061 -1.11131513  1.52372296  0.92444518  1.16151026  0.08117972
  0.52157     0.80573377  1.93686749 -2.69029096 -0.74386564  1.22956718
 -2.93863603 -2.17844831 -0.70896667 -0.4203342   1.81454077 -3.14536903
  1.3666728   0.67033968 -0.6847298  -0.26639174  1.44442095  0.76487318
  1.832096   -0.37076233  1.40538897  0.16506722  1.54523652 -0.99293742
  0.86297168  1.09202006 -1.24765642  1.33245757  1.83423187  1.05614475
  0.31878395  0.68962859  0.72065634 -1.18021788  1.22236296  1.44734096
 -1.25960562  0.42981907 -0.30781549 -0.24385687  0.68049228  0.67170322
 -1.78499325 -1.82282972 -2.27472756  0.16649638 -2.33232978  1.0102287
  0.93841682 -2.2309222   0.11358035  0.30591629  0.97339391 -2.5443276
  2.00889074 -2.09411961  1.1252624  -1.71950499  1.64207977  2.07148023
  1.39980601  1.28613642 -2.77749008  0.423478    1.51424971  0.76578315
 -2.02804776 -1.42269036 -2.31568319 -1.46392193  1.31567641 -2.29865338
  0.50960982  0.16477904  0.71015099 -1.80511474  0.98623868 -1.03615467
  1.2041265   0.40288471 -0.76914156  1.4375578   1.57361681  1.45046134
 -1.42275741 -2.75673731  0.44382219 -2.42539936 -0.07269903  1.07098239
  0.51304578 -1.69873025 -1.67515718  1.08490371  0.48572468 -3.20660332
 -1.89285967  0.74905065 -1.67816996 -2.75926314 -1.83194019 -2.35274083
  0.67333732  1.0712331  -2.40801964  0.61070581 -0.50768078  1.27679029
  0.69332919 -0.11826369 -1.44074959 -2.16555609 -1.04009033  0.03489186
  0.15320631  0.52803776  1.16385979  1.57167946 -1.64504658  1.01802566
  0.4036456   1.82290879 -0.28260119  0.6475636   0.7769846   0.45004539
  1.20428546 -1.88186304  0.57834549 -0.22906623  0.30390311 -1.71536312
 -0.93978572  0.75612048 -0.8019719   0.00381919  1.11513941  1.31358591
  2.45514355  1.12746733 -1.84234976 -0.74762055  1.77111034  0.02305246
 -0.47006693 -0.19478939  1.6316909  -1.35841978  0.6367573   1.24519959
 -2.12856034  0.77149305  1.59337253  0.86388367  0.83288628 -0.57110878
  1.79442423 -1.88502605 -2.75387348 -2.03087383  0.53146273 -0.21208575
  0.84607818  1.78345406  0.06060124  0.86317838 -1.50151665  0.20404055
 -0.8393235  -2.18912955  0.90409047  0.70396292  0.92634475  1.08611904
  1.06485508  1.32690296  1.08886732 -2.99835764  0.9060503   0.71355882
  1.19540896  0.07662043  0.78972603 -0.19103505  0.53851784  0.66546366
 -2.27384935  0.90687846  1.18115518 -3.67869277  0.00677175  0.39871551
  1.21867466  0.91778501  0.41626997  0.81178433  1.46911839  0.40192832
 -2.83156762 -1.50676686 -0.0191975  -0.94688972  0.68520549 -0.59552668
  0.21775703  1.37503737  0.3133821  -1.7807864  -2.17311842  1.20309842
  0.26873272 -0.32311885  1.19351931 -1.03646967  0.91371232  0.07912689
  0.89097289  0.65564868  1.21866255  0.34640945  0.98296303  0.34787966
  1.79728676 -1.57713065  2.04564464  1.18194278 -0.5158137   0.18979025
  2.4090942  -0.51935601  1.43720908  0.26319637 -1.39859265  0.56507011
  0.29106538  0.7175429   1.19853362  1.3263825  -3.06250886  1.45685883
  1.23582717  0.41313662  0.3726868   1.13746315  0.86080681  0.4140783
 -2.58763184  1.17849016 -1.9186489  -1.79362048 -1.60772368 -0.79590773
 -1.4465026  -0.10138384 -0.25526955  0.16728498  0.532405    0.97237201
  1.25817672  0.33942989  0.74184366 -1.93265793  1.64720997  0.01644947
 -0.42899346 -3.14585401  1.63488415 -0.97162444  1.11683381  1.39061208
 -0.07917843 -1.22501961 -1.45637786 -3.33995672 -1.80185294  1.32533504
 -0.11090091 -3.28498469  0.98816609  1.57742499  1.16468614  0.32406801
  0.94287103  0.54529967 -2.71605023  0.68225745  1.94398011 -1.90067774
  0.10300658  0.78617033  0.87888346 -0.87869227 -1.11321454  0.40934758
 -0.62508077  1.00167492  0.64710244  0.88977035 -1.89912907  0.35063436
  0.73862108] [-0.12619095 -1.34005163  1.73500371  1.05146066  0.58443392 -2.06454827
 -1.83630678  1.19602721  0.06822918  0.15450266 -1.88625438  1.39137402
 -0.29820217 -0.96286659 -0.79895197  0.36710927  1.47960302  1.25243253
  0.67961265 -0.94963297 -0.60330094  1.41852559 -2.15474618  1.57719091
 -1.11098015 -1.61967912  1.00478151 -1.91675521  2.99228543  0.50128795
  0.51355333 -1.44897634  1.06167673 -0.80310176  1.24456947 -0.10403431
 -0.16648062  1.26794325 -0.46333995 -1.87867863 -0.75551966  0.21680378
  0.28920191 -2.44163702 -0.39758517  0.46571107  0.42828516  1.34949461
 -0.04370813  0.89388661 -1.76803526  1.00126015 -0.45831672  1.5916634
 -0.3705726   0.49123471  0.82413475  1.25167564 -0.50137272  0.74425963
  1.98946055  0.89866867  0.21171061  1.23125361  1.37546792 -0.77589781
  0.02478394  1.24461185 -1.07188406  1.34840843  0.2951775  -1.19585978
 -0.44787535 -1.2831687  -0.0862347   0.61237133  1.826059   -0.50231193
  1.03711958 -0.34821199 -1.05879436  0.00949001  1.89102021 -2.34869782
  0.18616134  1.11191277  2.02611877  0.3426074  -0.41085797  1.12517574
 -0.78623932  1.0233993   0.41710134 -0.44162942  0.37092046 -2.59476496
 -1.14671775 -1.16249643  1.09083867 -2.05204564 -2.73637003  0.84709228
 -1.52425194  1.39901279  1.35498895 -1.0508654   0.73098922 -2.6752338
 -1.55343727 -0.26902091 -1.61568378  1.00670422 -1.87791448 -1.74692694
 -0.80097218 -0.18513332  1.1899873   1.15653825 -2.07276935 -0.46589077
 -0.94434416  1.11357508 -0.12836617  1.56593182 -0.84012267  0.88255339
  1.56596257 -1.63982707 -1.98404573  1.48620764 -1.81455881  1.57420676
 -0.09166621  0.47789892 -0.30922377 -0.01228361  0.8830068   0.83943928
 -1.71689972 -0.83900016  1.35474457 -2.27285496 -1.99559189  0.9812003
  0.63507217 -2.84479235 -0.4270076   0.94791912  0.41096818  0.9030202
 -1.27782441  0.1459268  -0.06974239  2.45913602 -0.49010929 -1.33535237
 -0.33909739  0.04519824  0.62453151  1.1572659   0.4158761   0.20254638
  1.03088729 -0.65651354 -1.19774049  1.60626291 -1.05351586  0.41210927
 -0.01453788  0.3317412   0.29379611  1.78773069  0.60162187  0.01261993
  0.04135628 -0.01468226 -1.1455635   1.10671217 -2.26117458 -0.03380227
  1.64698111  0.33231131  0.56202648 -0.91899726  1.42295284  1.0315906
  0.48718514 -1.04963283  0.88059535 -3.19963431 -0.59431075 -1.61282127
 -0.48033791 -1.01929897 -2.62443189  0.03086572  0.4932534   0.86800365
  1.25804439  0.15039478  1.47763284  0.40326249 -0.06089355 -1.26329507
  1.04748296  1.29340381 -0.18866648 -1.13935268 -0.0233035  -0.1248329
  1.26765228 -1.98858872 -0.15123533  0.87778691  1.42563006  0.58355588
 -2.04768479  0.81597867  1.02041928  0.32507841  0.485105    0.04716388
  1.46395217  0.18382137  1.8590644  -1.47404272 -0.12190256 -2.10898382
  0.36240886 -2.48682974 -2.4477211   1.62926463  1.48664025  1.53041599
 -0.48609341 -1.040463   -2.07177499  0.98622758  0.90222624 -0.34685086
 -0.25419133 -2.09691796 -1.4187294   0.53214861  1.39231697 -1.99465845
 -0.45171359  0.48187302 -0.21045225  1.03003472 -1.01488098  1.6260967
 -0.07568915  1.14945795  1.41722675  1.85838704  0.11673372 -2.12482343
 -0.24270231 -1.70842398  1.50686501 -0.64815944  0.39108409  1.68891648
  0.68653249  0.35744231 -1.33884942  1.67472444  0.2504663  -2.38950976
  0.07443947 -0.60521853  1.10963299  1.23493382 -0.01258528 -0.02753546
  2.3647897  -0.229688   -2.12332456 -2.48288212  0.45429591  0.90403561
 -2.99662739  0.98688217  0.54163268 -0.33616466  1.90926592  1.29991013
 -0.14176429 -0.18453022 -2.49691152  1.69633678  1.16647855  1.1345901
 -0.96947805  0.6409204  -2.66213272 -0.93794546  0.76567587 -2.08232619
  0.28441409 -0.27134802  0.87021266  0.15744235  1.08700913 -0.19555738
 -0.65042729 -0.43765526  0.93025977 -0.53875184  0.62027375  1.45114396
  0.94607329  0.67196093 -0.04955424  0.03137491  0.64419789 -2.01655473
  0.99041815 -2.19996094 -1.42280778  0.64685513 -1.83790422  0.80948733
  0.49554726  0.43090513  1.98033628  0.42819698 -2.40503779 -0.78856209
 -1.38947588 -0.48337581  0.62465877  1.999559    1.4365355   2.07585982
 -0.76752499 -0.48519006 -1.21697129  0.28229123 -0.57749557  0.12390887
  1.45052403  0.54639759 -1.26511819  1.03105758 -1.04020809  0.55687877
 -1.9912648   0.64473058  0.8064272  -2.19288505  0.51465218  0.70842239
  0.32148746  0.79354121 -0.76811343  1.44386445 -1.44307526  0.40432267
  1.52011673  1.31659631 -1.44479835  1.34447234 -2.07707685 -2.34633616
  2.07512194  1.44994734  0.56976247 -0.26842799  0.78749419 -1.4628496
 -1.11314295 -0.64882753  1.8694369   0.2079959   0.75960496  0.95770532
 -2.68604907  0.3144564  -0.66800174  0.62134395  0.19479675 -2.6364094
 -1.63236698 -1.62994707 -0.13596812  1.61682109  0.6294217   0.99152053
 -1.62150876  1.00945334 -0.60929363 -1.68310701  2.02072341 -0.7725378
  0.88211736  0.79880172 -1.25900564  0.72914723  0.49637061  0.92305075
  1.71712841  1.36893579  1.07502855  0.71566652 -0.13340908  0.2844768
 -0.02973535] [-0.734355   -2.55234937  0.48576817  0.40476372  0.17493932  0.79975639
  0.31894397  1.29306651  0.78212317  1.259778    1.83774628  0.63858141
 -2.12877084  1.52526726 -2.68494002  0.04350012 -0.00578243 -0.15039205
  0.87678602 -0.98696013  0.91586073  0.43346494 -0.47704723  0.18517904
 -0.07819749  0.92625961  0.32486801 -0.63340631  0.30510835  0.84320136
  0.68224511 -0.0865785   1.88213764 -0.57588096  1.28711047  0.90503367
 -0.44112106  0.47379246 -0.42490913  0.37208512  0.54544045 -0.34990228
  0.48909777  0.84948115 -0.87917079 -0.12184983  0.466727   -0.76322996
 -0.37858929 -0.87221643 -0.03347495  0.93659147 -2.77595324  0.24538597
 -1.56788933 -0.51313977 -0.27115312 -0.42436241 -0.59644359  0.61691622
 -0.25761299  0.17447186  0.47768112  1.21487281 -0.03274081 -0.96244822
  1.08917601 -0.45202879 -1.49441348  0.17060179 -0.25666409  0.56732114
  0.47493264  1.61211671 -0.67682876  0.2342822  -0.22774535 -0.66012045
  0.37313533 -0.31886926 -0.44566182  0.2744729   0.51180651  0.4892012
 -1.64445757  0.01923219 -0.4521103  -1.247798   -1.11219914  0.26900202
 -0.60160326 -1.03282618  1.12266958  0.04566258 -1.41458138 -0.95899097
 -0.5336339  -0.03950461 -0.23748303  1.10168902  0.28705917 -0.65927419
  0.72754857  0.21534019 -0.13242486  0.2407433   0.30957323  0.66728426
  1.32576983 -0.99573207  0.90379842 -0.79029102  0.17460033 -0.74942323
 -0.53758417 -1.69312232  1.86211046 -0.89595695 -0.82185464 -0.57004541
  0.80297281  1.29164409 -0.45261336  1.0398227  -0.61207293  0.27436378
  0.01243012  0.1876343  -0.08897248 -0.17104769  1.06969594 -0.23202908
  0.85218458 -0.98058608 -0.45859874  0.49645499 -0.41889925 -0.34728923
  0.1172194  -0.0349163   0.74002202  1.04466136  0.12383593  1.10834228
 -0.13968437  1.06450424  1.49048731 -0.37707746 -0.54312028  0.50591498
 -0.89679886  0.14818052 -1.17201818 -0.06201134 -1.96357885 -0.22622726
 -0.79060385 -0.5296913   0.07768448  0.78714907  0.25179435 -0.71397761
 -0.07257893 -0.249563    0.39398503 -1.35848182  0.82840849 -0.00766903
 -0.17493418  0.23672916  0.05362049  1.03898327 -0.17925527 -0.78030741
  0.56499966 -1.07376081 -2.49635925  0.4111583   0.61988069 -1.70929764
  0.31726114  0.18853687 -0.14278391 -0.37942314  0.18415934 -0.02370351
  0.72432928  1.44296862  0.13667005  0.53183873 -0.32289185  0.09287497
 -0.69436938 -3.09767459  1.37933539  0.28396426  0.96822547 -0.222528
 -0.29991253 -2.13933092 -1.92340473  1.40211275  1.09647956 -1.33471882
  0.14321975  1.70670186 -0.69787702 -3.06700004 -0.30291433 -1.88171465
  0.11129079  0.10706414 -0.60840867  0.38969814  0.45715348  0.5030872
  2.22663951 -0.3984046   1.70518208 -0.38263111  0.97308315 -0.44635632
  0.80628092  0.2758201  -0.25321495  0.23754567 -1.2038533   0.30060978
 -0.51404785  0.54728136  0.78598524  0.486835   -0.80945673 -0.92163796
 -1.22159054 -2.161932    0.66954766 -1.06849087  1.45460432 -0.19309906
 -0.95727889  0.77916716  0.65573047 -1.00238313  0.57516196 -0.08711208
  0.01773214  0.25538866 -0.19049345  0.55561162  0.65611974  0.29298907
  0.86239852 -0.17058625  0.35632518  0.83683985 -1.06790852  0.05241926
 -0.74111418  0.05614136  0.04355006  1.2344814   0.99469232  1.8584365
 -1.09065916 -0.73053829 -2.53745265  1.0384449   1.14376707  1.35022111
 -0.37614443 -1.47065956  1.9789455  -0.3733589  -0.55529106 -0.7006354
  0.91576272 -1.19116554  0.9038291   0.10167783  0.85624773 -0.12741572
  1.24475677 -0.11259994 -0.17347579 -0.54546658  0.73138542  0.02761723
 -0.28340785  0.16905728  1.51254928 -0.09675145 -0.11115559 -1.88647141
 -1.28800747  0.85958608  1.02874855 -1.59708364  1.5858542  -0.26609868
 -0.75141216 -0.76567234 -0.14845398  0.88010607  0.50901481  0.1302637
 -0.53924646 -1.16481316  0.28341777 -0.46687177 -0.2668931  -0.18373019
  1.39312353  0.28235293  0.09796545  0.00341799 -0.57516377  1.3112732
  1.17272013  0.77629718 -0.19608969 -0.44315775  1.53569895 -0.21189293
  0.28756605  1.27557625 -0.96105902  0.56656873  0.66715514 -0.02969737
  1.24264184 -0.97236725 -0.57842399  0.05216303  0.87829901  0.34667171
  0.55015623  0.9793201  -0.35422084 -0.64465178 -0.76094197  0.08611178
 -0.27191082  0.44667876  0.4811319   1.07011471 -1.6892485   1.88095471
  0.28021848  0.7449888   0.72330964  0.86378811 -0.01357617 -0.78107761
 -0.45282237 -0.56274721 -1.75356775 -0.67276425 -0.59105277 -1.09651405
  0.87738344 -0.36340759  0.30355911  1.0854759   0.78308949 -0.03202932
 -1.14176598  0.11932837  0.63967935 -0.08656136  0.24420028 -0.29682494
  0.47921889 -2.39612631 -0.03103575  0.01356046  1.21370057 -0.93130568
 -0.07310516  0.98972827 -0.30184937 -0.40083608  0.46299971  0.3612476
  1.81124397 -2.1805513   0.44608164  1.07697033 -0.40749174 -0.12821591
  0.35946327  1.02248269 -0.38080122  1.62729076 -0.40453574 -3.16268993
  0.30625382 -0.68801674  0.63292028 -0.15186102 -1.12621609 -0.75616243
 -0.3095874   0.35060909  0.58250753 -0.32764402 -0.67612885 -0.06949265
  0.44247856] [ -3.35293027e-01   5.76697366e-01   1.07316695e+00   9.98325337e-01
  -6.70413036e-01   1.06898373e+00  -1.63815964e+00   1.40941791e-01
  -1.44061165e-01  -4.24477310e-01   9.78771805e-01  -1.34229332e+00
  -8.36800793e-01  -1.53764412e+00   1.33019091e+00  -2.13262612e+00
   1.31007820e-01   1.20719078e+00   5.57591414e-01   1.00043463e+00
  -1.93209251e+00   1.40341285e+00  -1.62469791e+00  -3.03453931e-02
  -9.37084232e-01   3.69231488e-01  -7.30870615e-01  -5.47706028e-01
  -1.59474678e+00  -4.10778645e-01   2.86013557e-01  -1.81854234e+00
   8.08062716e-01  -7.37148829e-01   1.80083703e+00   7.61101182e-02
  -2.06064866e+00   5.13820097e-01   8.51781105e-01   2.20670578e+00
   1.50019377e+00  -1.33970745e+00   1.38345776e-01  -1.06170846e+00
  -5.25438200e-02   1.05120236e+00   2.48370018e+00   1.70803068e+00
  -1.07397572e+00  -1.77176189e+00  -1.48354029e+00   6.78718801e-01
  -1.67650056e-01   4.39928516e-01  -5.32971549e-01   8.34609539e-01
   1.71687639e+00   9.82088174e-01  -1.71423751e+00   1.61019646e+00
   4.71938074e-01  -1.31276304e+00   1.60551769e-02  -2.17238807e-01
   2.37913345e+00  -1.09871118e+00   1.04426941e+00   2.35799593e-01
   7.25240067e-01   4.93717890e-01  -1.48642333e+00   4.66293484e-01
   8.10101530e-01   8.12320088e-01  -4.75149455e-01   6.76115492e-01
  -6.02522095e-01  -8.34673249e-01   7.03832770e-01   1.42284000e-01
  -1.89754747e+00  -3.10742012e-01  -2.17015763e-01   9.97024916e-01
   2.04341757e+00   1.24398868e+00   2.04858467e+00  -6.00068774e-01
  -2.25329365e-01  -9.06808937e-01   6.91347131e-01   1.01665105e+00
   8.29856198e-01  -4.33449439e-01  -5.53063705e-01   1.95367166e+00
   1.93304319e+00  -1.53163179e+00  -8.56038377e-01   1.51122224e+00
   1.83226291e-02  -6.10137581e-02  -1.38999314e+00  -6.10300635e-01
   2.02285791e+00  -8.07323844e-01  -1.43371291e+00   2.17327574e+00
   5.05586980e-01  -1.61655231e+00  -1.66800602e+00  -4.89598491e-02
   3.83387075e-01  -1.04703950e+00  -8.93726223e-01   3.12302391e-01
   2.80450973e-01   5.67242218e-01  -1.22831357e+00  -2.98135843e-01
   4.29577556e-01  -6.73250926e-01  -8.97863280e-01   8.55323524e-01
  -1.60064599e+00  -6.56775032e-01  -4.49271879e-02   2.57943304e+00
  -1.86566703e+00   2.70390231e-01  -1.44986795e+00   8.25541176e-01
  -7.01842093e-01  -2.31852512e-01  -8.27082104e-01  -2.78582662e+00
   1.48283422e+00  -5.25044328e-01   1.68546903e+00  -6.67664957e-01
   1.92741959e-01   1.57564531e+00  -2.60649230e+00  -1.47270894e+00
  -1.37654162e+00   8.72843714e-01  -1.15497258e+00   3.49952717e-01
   9.02820243e-01  -1.14157402e+00  -8.04102218e-01  -3.31942501e-01
  -5.08325221e-01   6.45086512e-03   6.26283849e-01   1.18159525e-01
   1.50566701e+00  -3.41198243e-01  -1.56870368e-01   3.26313078e-01
  -8.98944169e-01  -3.83348131e-01  -1.29329645e+00  -6.43050462e-01
   1.71819959e+00   2.70793976e-01   7.42981814e-01  -5.88071394e-01
  -1.21340032e+00  -1.47756487e+00  -9.85323032e-01   2.84312572e-01
  -1.63993272e+00   9.68476800e-01   3.82771037e-01  -4.73005831e-01
   9.71084551e-01   2.09975282e+00  -9.04543913e-01  -1.04166276e+00
   5.03414557e-01  -1.04410687e+00  -7.07495542e-01  -1.33845945e-01
   9.63510172e-01   8.95676512e-01   1.22804868e+00   1.06664167e+00
  -5.63895437e-01   1.60610517e+00   6.71256532e-01  -1.99244827e+00
   2.52860827e-01  -7.91089429e-01   1.84707342e+00  -1.89960330e-01
  -1.24606184e-02  -3.79546038e-01   5.52300190e-01   1.56866751e-01
   5.14124219e-02  -1.57313874e+00  -1.04149449e+00   6.09973613e-01
   6.86289593e-01  -9.32032897e-01  -1.62943495e+00   9.82917849e-02
  -8.32150147e-01  -2.70909788e-01  -6.65015573e-02  -3.07791494e-01
  -1.02656588e+00  -9.31089962e-01   1.01828903e+00   5.81685860e-02
   1.50338925e+00   2.41261357e-01   4.05511114e-01  -1.56227020e+00
   1.31953987e+00  -1.43647928e+00  -6.43967855e-01  -2.98323862e-01
   1.21256813e-03   8.73361407e-01  -1.17903080e+00   1.96108812e+00
   9.72498027e-01  -1.44747982e+00   2.67732244e-01   1.76348615e-01
   4.42800120e-01  -7.32958032e-02  -2.50588558e-01  -4.51750217e-01
   1.81021211e+00  -1.12963283e+00   1.00815613e+00  -7.56241624e-01
  -5.76073111e-01   2.18592231e+00  -6.76396140e-01  -5.66206666e-01
   1.44174012e+00  -1.40178677e+00  -2.07499636e+00  -7.19867619e-01
  -7.49353023e-01   4.47964109e-01  -1.44680532e+00  -6.15320514e-01
   1.05584062e+00  -2.22209055e-01  -9.28824856e-01   6.87796741e-01
  -6.30975598e-01   1.28358727e+00   3.91604047e-01   3.11584155e-01
   7.10486142e-01  -9.44857388e-01  -2.62150869e-01   1.05927061e+00
   2.92195196e-01   4.00350060e-01   3.45328108e-01   4.29848759e-01
  -9.22886182e-01   5.19190310e-01  -4.25272628e-01  -3.14235824e-01
   3.71025683e-01  -5.43494025e-01  -3.46672025e-01  -1.51318198e-01
   7.94302804e-01  -1.30318427e-01  -2.37740703e+00   9.57449554e-01
  -2.41417462e-01   7.54841826e-01   8.51435847e-01  -9.66537409e-01
  -4.73180269e-01  -2.92212856e-01   2.51707595e-01   1.69742457e+00
  -8.62648520e-01  -5.59998343e-01   1.89761210e+00   3.48130532e-01
   7.64495257e-01   5.40298512e-01  -9.04815919e-01   8.43818531e-01
   4.31456131e-01   6.91584209e-01  -1.37153904e+00  -2.27174921e+00
  -2.01775344e+00  -6.48609399e-01  -5.88964848e-01  -4.97985122e-01
  -5.88753693e-01   5.27589469e-01  -7.75357930e-01  -6.98656485e-01
  -7.45254447e-01   6.70825705e-02   8.26770718e-01   1.46925834e+00
  -1.33130479e+00   1.31375295e+00   1.08030812e+00   1.54546157e-01
  -1.49277667e+00   4.65113500e-01  -1.81994888e-01  -1.76438041e-01
   9.49450707e-01   7.17680461e-01   5.46391790e-01  -1.11485631e+00
  -2.73834329e-01   4.97973351e-01   1.86957073e-01   1.39728695e-01
   2.36961598e-03  -3.47546726e-01  -1.30672529e+00  -3.51599384e-01
   4.88178315e-01  -6.26342747e-01   2.82920100e-01  -9.86270673e-02
  -2.02734730e+00   1.68685845e-02  -1.30738887e+00  -3.78695120e-01
  -1.46036533e+00   5.05104731e-01   2.54582157e-01   2.23796537e-01
  -1.86451922e+00   6.47705931e-02  -2.71964920e-01  -7.88389645e-01
  -5.67755729e-01   1.62001023e+00  -5.90160357e-01  -1.32231376e+00
  -3.69219081e-01  -2.46346662e-01   5.96057377e-01   1.45913945e+00
  -5.35713875e-01  -7.57945569e-01  -3.86313949e-01   5.30832856e-01
   7.77247902e-01   1.35144011e+00   1.74655869e+00  -2.14340898e-01
   1.69895463e+00   7.56463841e-01  -1.01190742e+00   1.59476221e-01
  -2.16725020e+00   3.47533376e-01  -1.86722625e+00   9.14242585e-01
   1.27600329e+00   1.17990932e+00   4.12435622e-01  -1.82747344e-02
   3.33195099e-01   5.80715810e-01   1.16559453e+00   1.44235172e+00
   2.50947371e-01  -1.09625616e+00   1.46745237e+00   2.10170805e+00
   1.15479475e+00   9.29088137e-01   1.64065937e+00  -2.93140300e-01
  -7.92759470e-01   1.52159954e+00   1.24103135e+00  -1.76525060e+00
  -2.45635247e-01   3.99841907e-01   1.15520652e+00   5.41264050e-01
   1.61246478e+00  -7.78448402e-01   2.48286867e-01  -8.59269526e-01
   9.43831889e-01  -1.82543681e-01   1.72806711e+00  -7.41713553e-01
  -1.27087545e+00   6.43284288e-01   2.70904307e-01   2.97896034e-01
   3.01963201e+00]

*** Componentes principais [T] (somente originais):
[-2.19849258 -3.29161674 -0.74920311  0.86029629  0.81049565  0.80447938
  1.76339358] [-0.12619095 -1.34005163  1.73500371  1.05146066  0.58443392 -2.06454827
 -1.83630678] [-0.734355   -2.55234937  0.48576817  0.40476372  0.17493932  0.79975639
  0.31894397] [-0.33529303  0.57669737  1.07316695  0.99832534 -0.67041304  1.06898373
 -1.63815964]

*** Contribuições (autovetores) [P] (idem para todos e originais) ###TABLE VI.### Percentages of the contributions from each musical characteristic on the four new main axes.

C1 [20.687875305446983, 11.661564440209641, 2.5319564208674405, 21.226543845334831, 11.484098175840732, 2.9450643105721683, 16.417614495753522, 13.045283005974673]
C2 [5.2901868885742953, 2.0372666786375135, 33.874753460704632, 4.3241405105278563, 25.663118535530511, 1.8782378266598552, 24.858268395900463, 2.0740277034648642]
C3 [8.9996088264789229, 25.06222496338809, 4.4834738878357445, 11.717536077439597, 2.5505823248777491, 22.343254842087852, 7.0124306402697751, 17.830888437622278]
C4 [13.835052098662212, 3.8266897100156343, 11.876170049701422, 6.8608568695193428, 15.976552773971308, 25.427486698868329, 5.6742649116353876, 16.522926887626358]
princ_orig [[-2.19849258 -0.12619095 -0.734355   -0.33529303]
 [-3.29161674 -1.34005163 -2.55234937  0.57669737]
 [-0.74920311  1.73500371  0.48576817  1.07316695]
 [ 0.86029629  1.05146066  0.40476372  0.99832534]
 [ 0.81049565  0.58443392  0.17493932 -0.67041304]
 [ 0.80447938 -2.06454827  0.79975639  1.06898373]
 [ 1.76339358 -1.83630678  0.31894397 -1.63815964]]
princ [[-2.19849258 -0.12619095 -0.734355   -0.33529303]
 [-3.29161674 -1.34005163 -2.55234937  0.57669737]
 [-0.74920311  1.73500371  0.48576817  1.07316695]
 ..., 
 [-1.89912907 -0.13340908 -0.67612885  0.27090431]
 [ 0.35063436  0.2844768  -0.06949265  0.29789603]
 [ 0.73862108 -0.02973535  0.44247856  3.01963201]]

###TABLE VII. TABLE VIII###.


*** Oposição:
[0.99999999999999989, 1.0018394598098721, 0.016894531467235876, 0.17985000131572343, 0.42922591575333519, 0.18820196519858928]

*** Inovação:
[3.2312785108863851e-08, 0.83580204681404879, 1.7508856638853982, 1.5625087915111142, 2.7533731501177265, 2.768717721509697]

*** Dialéticas:
[3.1355955697345945, 2.8584351729117161, 1.0944119227804412, 0.15994385268752517, 0.12478949758770388]
[ 1.          0.90794479  0.32204745  0.01167606  0.        ]
dados [[-0.8223533  -1.45291906 -0.11243334 ...,  0.17130653  0.34248042
   1.29455953]
 [-1.56240772 -0.33885722  1.2446255  ...,  0.38155745  1.70416031
   0.51578194]
 [ 0.05964524 -0.35471103  1.46206143 ...,  1.77759315  0.6525137
  -1.75970346]
 ..., 
 [ 0.11729736 -0.06175658 -1.10223438 ..., -1.94522631 -1.21644963
  -1.28308387]
 [ 1.87049381 -0.69655362 -0.50260013 ..., -0.34522219  0.4704981
   0.27648191]
 [-1.0195537   2.1390249   0.56653294 ..., -1.80605875 -1.07444369
   0.82162311]]
###TABLE V.### Average and standard deviation of the deviations for each composer and for the first 4 eigenvalues.
main_means [2.536699598291535, 3.7086828487333285, 2.1943125278425897, 1.8376973591665382, 1.6420668320564573, 2.5172219492056649, 2.7930257221832462]
main_stds [0.9849265450646143, 1.0739495947638953, 0.95267162243031811, 0.86533693081051677, 0.81541421989055063, 0.98685187009785413, 1.0067175701300644]
eigenvalues means [-0.12838698 -0.05023208 -0.0381437  -0.01316718]
eigenvalues stds [ 0.00567158  0.00400316  0.00318935  0.0031305 ]
