
*** Dimensões da tabela de notas: (297, 8)

*** Tabela geral de notas:
[[ 3.          8.          5.         ...,  5.          3.          7.        ]
 [ 2.          6.          9.         ...,  2.          1.          5.        ]
 [ 6.          4.          1.         ...,  7.          2.          2.        ]
 ..., 
 [ 7.41735114  8.1171091   5.75195548 ...,  6.43113545  7.70703801
   7.1499704 ]
 [ 5.88844441  6.88958621  4.02415119 ...,  6.31591151  4.88220282
   5.74736128]
 [ 7.68201716  2.61296516  2.32884298 ...,  6.78367681  1.77679915
   1.90604973]]

*** Matriz de covariância:
[[ 1.   -0.09 -0.13  0.6  -0.11  0.05  0.42 -0.19]
 [-0.09  1.    0.03 -0.11  0.22 -0.39  0.    0.36]
 [-0.13  0.03  1.   -0.26  0.22  0.05  0.43  0.14]
 [ 0.6  -0.11 -0.26  1.   -0.31  0.12  0.35 -0.04]
 [-0.11  0.22  0.22 -0.31  1.   -0.23 -0.01 -0.17]
 [ 0.05 -0.39  0.05  0.12 -0.23  1.    0.19 -0.01]
 [ 0.42  0.    0.43  0.35 -0.01  0.19  1.    0.14]
 [-0.19  0.36  0.14 -0.04 -0.17 -0.01  0.14  1.  ]]

*** Pearson (igual matriz covar.):

['1.0', '-0.09', '-0.13', '0.6', '-0.11', '0.05', '0.42', '-0.19']
['-0.09', '1.0', '0.03', '-0.11', '0.22', '-0.39', '0.0', '0.36']
['-0.13', '0.03', '1.0', '-0.26', '0.22', '0.05', '0.43', '0.14']
['0.6', '-0.11', '-0.26', '1.0', '-0.31', '0.12', '0.35', '-0.04']
['-0.11', '0.22', '0.22', '-0.31', '1.0', '-0.23', '-0.01', '-0.17']
['0.05', '-0.39', '0.05', '0.12', '-0.23', '1.0', '0.19', '-0.01']
['0.42', '0.0', '0.43', '0.35', '-0.01', '0.19', '1.0', '0.14']
['-0.19', '0.36', '0.14', '-0.04', '-0.17', '-0.01', '0.14', '1.0']

*** Autovalores (var. %):
[27.0, 20.0, 17.0, 16.0, 8.0, 5.0, 4.0, 4.0]

*** Dados finais:
[[-2.30370519 -3.34959119 -0.53381305 ...,  0.40845552  0.83123888
   0.39121175]
 [ 0.26844227  0.735907    1.81561668 ..., -2.17215582  0.10852566
   1.85956833]
 [-0.76923944 -2.31531078  1.39241847 ...,  0.28194595  0.76315897
   0.99478005]
 ..., 
 [-0.06522015  0.96878215 -0.19944407 ...,  0.10789924  0.09834132
   0.43700156]
 [-0.15880599 -0.61535773  0.7894837  ..., -0.11397045 -0.32697947
   1.30080761]
 [-0.96717086 -0.98983101  2.03980952 ...,  0.19372537 -0.51498603
   2.07516022]]

*** Componentes principais [T] (todos):
[ -2.30370519e+00  -3.34959119e+00  -5.33813052e-01   1.02882599e+00
   7.99185247e-01   6.88913527e-01   1.48592618e+00   8.24892389e-01
  -1.41531389e-01   8.97209026e-01   8.15042663e-01   9.33455409e-01
   8.54500660e-01   3.39070647e-01  -8.57256959e-02   1.12588135e+00
   1.10100551e+00   9.87540168e-01   4.05589273e-01   9.40812963e-01
  -7.25599607e-01  -1.30611588e-02  -2.09447717e+00   4.18648227e-01
   6.51960214e-01  -8.98345246e-01   1.17971999e+00   7.09938495e-01
   1.12014950e+00  -1.27865194e-01  -2.36741457e+00   1.46248744e+00
   6.81832975e-01   2.37633675e-01   1.26879620e+00   3.81343041e-01
   1.25046861e-01   1.04731942e+00  -2.10424061e+00   7.04551471e-01
   1.94069880e+00  -1.96232865e+00  -1.86077287e+00  -1.94753047e+00
   1.00251824e+00   1.87890933e+00  -1.24509868e+00   6.16865263e-01
   1.49953308e+00  -2.34230979e+00   1.02161026e+00   1.71036732e+00
  -1.65877846e+00  -2.77863949e+00   7.47429639e-01  -1.21514528e-01
   8.14839305e-01  -2.21858163e+00   4.91122066e-01  -2.24479577e+00
  -3.72933646e+00   5.20185029e-01   1.98441362e+00  -1.99305888e+00
  -9.05701996e-01   2.85578588e-01   3.60278458e-01   1.65342202e+00
  -1.96288316e+00   1.23470215e+00   3.50986152e-01   3.71916562e-02
  -2.62164360e+00   9.93474080e-01  -5.02514985e-01   6.61914689e-01
   9.18078026e-01  -2.55316296e+00  -1.49562255e+00   8.66668107e-01
  -3.71286068e-02   1.14598287e+00   4.17957854e-02   1.38196943e+00
   1.29896037e+00   1.21273209e-01  -1.64869589e+00   4.59680383e-01
   4.46802798e-01  -1.69204424e+00   8.34071207e-02  -3.80963589e-01
   2.20219110e-01   5.48666938e-02   1.15483429e+00   8.36131699e-01
   7.00102870e-01  -5.98272866e-01  -1.41139716e+00  -1.95669351e+00
   4.14720192e-01  -1.66859699e+00  -2.48434014e-01   6.64268408e-01
   1.26993167e+00  -3.34123739e+00   8.44132590e-01   6.93726486e-01
   3.76665212e-01   3.36869120e-02  -1.71614418e+00  -2.09300057e+00
  -1.78330426e+00   8.86510318e-01  -1.60452119e+00   3.15465364e-01
   1.04675760e+00   8.60993602e-01  -1.02423886e+00   2.27158292e-01
  -2.35680719e+00   3.10692940e-01   7.74907333e-01  -1.09681221e+00
   8.94767954e-01   7.14137474e-01   1.46000814e+00   6.95961243e-01
   1.13825833e+00   1.53933086e+00  -2.54623435e+00   3.15903702e-03
   7.64666964e-01   5.40484575e-01   1.00618525e+00   5.28993709e-01
  -6.12885621e-01   9.59871842e-01   1.06775697e+00   4.90795702e-01
  -1.76658568e+00   3.93981257e-02   6.88136502e-01  -1.25326003e+00
   1.35287247e+00   4.66605937e-01   8.53481010e-01  -6.31795423e-01
  -5.95464849e-01  -8.94707630e-03   2.06260253e-01   1.58767620e+00
   6.28770600e-01  -3.10362454e+00   4.74066033e-01   2.03417424e+00
   9.55281337e-01  -8.62783617e-01   3.74489491e-01   5.56377401e-01
   1.41402241e+00  -1.73382260e+00   7.73324732e-01  -6.56567223e-01
   1.61589760e+00   1.31106729e-01  -2.94855980e+00   2.01342438e+00
   1.11075843e+00   6.39437273e-01   3.58218003e-01   5.32985958e-01
   3.67035405e-02  -1.92500081e+00   3.14362268e-01   6.48243666e-01
  -1.61068885e+00  -2.18199691e+00  -6.36397518e-01   4.97003297e-01
  -1.31264326e-01   7.62417486e-01   6.68548936e-01   6.91884091e-01
  -2.97563876e+00   1.03079546e+00   9.46604219e-01  -9.22259837e-01
   8.27565866e-01   1.82293537e+00   7.31236660e-01   1.31809473e+00
   9.61235605e-01   1.41388054e+00   6.87724543e-01   6.19553090e-01
   2.02043866e+00   4.41678671e-01   9.96981010e-01  -5.81872193e-01
  -2.41704672e+00   1.63687213e-02  -2.42863523e+00  -1.10968109e+00
  -1.05230697e-01   1.75307653e+00   4.84998721e-01   3.43944483e-02
   4.40266352e-01   1.08183657e+00  -2.18338980e+00   2.07087116e-01
  -2.76478719e+00   8.33911546e-01   1.18111097e+00  -2.11113131e+00
  -2.50496070e+00   4.29576561e-01   5.67277184e-01  -7.33841207e-01
   8.84464048e-01   1.33026107e+00  -1.43053179e-01  -1.53042809e+00
   1.74969031e-01  -1.42304810e+00   7.52704902e-01  -2.94224683e+00
  -3.08600536e+00   7.88107488e-01   1.89690063e+00   2.74941747e-01
  -2.01760996e+00   5.62005847e-01   1.31088014e+00   1.28750263e-01
   1.14735381e+00   4.88858811e-01   5.55905915e-01   1.72772998e+00
  -4.95230757e-01   1.13662981e+00  -1.61963523e-01   6.97473982e-01
   1.33131995e+00   7.35954920e-01  -2.25911611e+00   1.10757338e+00
  -1.85550880e+00   1.06222014e+00   1.19948191e+00  -1.43321415e+00
  -4.62813557e-01  -1.10011386e+00   4.63603215e-01   7.20846823e-01
  -4.46157076e-01   6.93683019e-01  -6.02128473e-01  -1.82742705e+00
   1.36781346e+00   4.09329489e-01   4.41043810e-01  -3.17462523e+00
  -2.69246282e+00   2.06826088e+00  -2.63915807e+00  -3.60385127e-01
   7.51436473e-01  -4.02871169e-01  -3.03143327e+00  -5.14112632e-02
  -1.17126822e+00   2.50226577e-01  -1.27930603e+00  -1.51913777e+00
   1.23191740e+00  -7.79962893e-01   1.67941891e+00   1.26847386e+00
  -1.46186842e-01   1.22768923e+00   2.28511717e-01   1.68874739e+00
   1.66042479e-01   1.25790087e+00   2.03819844e+00   3.23317560e-01
  -2.42234309e-01   7.78994921e-01  -2.58479410e+00   4.57076221e-01
   1.66886333e+00   7.94160159e-01   4.08455518e-01   8.31238884e-01
   3.91211745e-01] [ 0.26844227  0.735907    1.81561668  0.79492478  0.0815395  -1.74048696
 -2.21845349 -0.34275788  2.07345961  0.14795339  0.80125991 -1.95446334
 -1.59915563 -1.8633815   0.46022634 -2.33659687 -0.4849238   0.29288611
  0.91073822 -1.95421365  0.99222214  1.99030932  0.34960368  0.54409063
  2.3235084   0.66023801  1.18281844  1.04550965  0.94439157  0.52220086
 -0.11629579 -1.04412649 -1.86023274 -2.64883507  1.16961542  0.54653502
  0.2028248  -2.10913787 -0.28059851  0.09898683 -0.15428497  0.85787369
  0.51511651 -0.39864785  1.18489541  0.99138599  1.1396841   0.53524784
 -0.66601956 -0.25516845  0.89984671  0.42180969  1.24568778 -0.95148392
  1.49496679 -0.05444757 -1.72558702  0.02376229  0.32363711  1.09725172
  0.23775827  0.55599097 -0.89663587 -0.29502495  0.99482567 -1.87988274
 -0.84193156 -1.71050182  0.08718437 -3.03965415 -0.21441974  0.62721467
  0.52645586  0.30667492  1.40020926  1.79750066 -2.2833773   1.03033139
 -1.27041901  0.49816839  1.38016916 -0.7386343  -1.59508946 -1.17461102
 -1.47780323  1.05858674 -0.58671113 -1.4809696   0.65874191  0.65335157
 -1.04586007  1.61849341 -2.28815438 -0.86783779  0.38816147 -1.76787562
 -1.87998876  2.28593147  1.25531418  0.60392791 -0.47481315  0.83674342
 -0.90051499  0.80298231  0.61146968  0.69438978  0.86948674 -2.3143989
  1.7079682  -1.52836687  1.09046332  0.53170531 -0.12316173 -0.16502295
 -0.00858839  0.74830368 -2.23333024 -0.49226698  1.32148018 -0.32405534
 -0.14064801  0.92090421 -0.18154873 -0.49275774  0.59737304 -2.60460539
  0.66177773 -1.33103737  2.03378847 -0.70247498  0.11197224  1.56885848
 -0.65571384 -2.57499634 -0.48773457 -0.71279402 -1.13106242  1.48390078
  0.11164313 -1.86792764  1.07163089  1.05414756  0.51330064  1.24871757
  0.01422893  0.61882125 -1.68387583 -1.92738203  0.12138416 -0.21159893
 -1.29302503  0.1326946   0.26024982  0.12586034 -2.57238643 -1.71788951
 -1.14142191  0.4502325  -0.22013505 -0.84055189  0.64403623  0.29596744
 -2.01952478  0.32037867  1.68605528  0.15148401  0.81369594  0.97111015
  0.50290207  0.94233987  0.17715997 -2.00758223  0.94277266  0.0061384
 -2.33758268  1.10836199  0.80553847  0.89930938  1.29579212  1.02066074
 -2.7917516  -0.10401135 -1.58882    -2.47034821  1.06912569 -1.21489002
 -1.0433966   2.37475066  0.91621026 -0.88260074  0.27895001  0.27120433
 -0.81207741  1.3792832   0.49168716  1.4200265  -0.87657111  1.17080636
  0.87801997  1.44153007  0.38186139 -1.88835689  0.80714006  0.32919345
 -1.9909384   1.08647285 -0.07469038  1.06409425  1.4606117   0.0392051
 -0.18306493 -0.04097693  0.40970079  0.89793563  0.27792397 -0.59200254
 -0.06655533  0.74480998  0.85021576 -2.38192754  0.62374572 -0.64688959
  0.20301681  1.00268637 -0.22981885  1.27118989 -1.54001082 -0.18829819
 -0.89230739 -0.4709386   0.58074468  1.58367803  0.57033795  1.09135584
 -1.23831477 -0.33675654 -1.62015246  2.23212622  0.64587405 -0.47559702
 -1.26930924 -1.28307654  1.50166368 -0.90706523  0.5789425   2.04146612
 -0.77463222  0.64359887  1.05193792  0.74223774 -0.22638786  1.63117833
  0.72020562  1.083747    0.32613474  0.69937332 -0.25520994 -0.69551119
 -1.2157993   0.75932756  0.33836798 -1.20010592 -0.26287304 -0.35381192
 -0.37859099  0.19381845  0.83395569  0.03590367  0.43681905 -0.69380426
 -0.7181013   0.24984307  1.36677772 -1.35105879  0.71298547  2.03131828
 -1.79638042  1.77495117  0.19640767 -1.67526302  1.53849299 -0.9682888
  1.90540007  0.27928645  2.32423994 -1.08871428 -0.12135142 -0.4877791
  0.02597901 -1.89928384  0.03004941  0.05411931  0.19750568 -0.71971509
 -2.17215582  0.10852566  1.85956833]

*** Componentes principais [T] (somente originais):
[-2.30370519 -3.34959119 -0.53381305  1.02882599  0.79918525  0.68891353
  1.48592618] [ 0.26844227  0.735907    1.81561668  0.79492478  0.0815395  -1.74048696
 -2.21845349]

*** Contribuições (autovetores) [P] (idem para todos e originais)

C1 [20.13676364236764, 11.425073226305752, 4.7088135165021043, 21.471363894107796, 12.388605661874019, 4.8011726393960465, 13.526879825828598, 11.541327593618036]
C2 [5.3316458440114367, 14.97588861214035, 25.126404856117833, 1.4417521820629235, 8.5056696560506655, 16.748749408542093, 26.26993779731918, 1.5999516437555032]
C3 [10.680874175597694, 22.173638594205269, 17.759001932437027, 13.155218564122857, 1.8748965889814908, 8.0410463039095408, 4.3988957039981438, 21.916428136747967]
C4 [14.822816035004807, 2.8401565036593865, 4.395233388600472, 0.21174622518103153, 28.967105316471635, 31.043259483431473, 3.9709252919182156, 13.74875775573296]

*** Oposição:
[1.0, 1.1317866097804914, -0.089188774874117485, 0.065848569522851119, -0.070674843680423302, -0.20652420067607716]

*** Inovação:
[1.0934428697813141e-15, 0.62547178203709419, 1.8544595356357148, 0.70636027918706445, 1.8141044400222348, 0.44492070975972814]

*** Dialéticas:
[1.3593837829266631, 0.86264089494239382, 0.60600970353743844, 2.8593370509413942, 0.73499211589257285]
dados [[ 0.15390873  0.35607781 -0.61691735 ..., -0.69517285  2.12024019
   1.6305899 ]
 [-1.63540938  0.2786055   0.18882455 ...,  1.84479569 -0.24574507
  -0.02156632]
 [ 1.15275723  0.7388375   1.51426423 ..., -0.77077468 -0.84921914
  -1.38184063]
 ..., 
 [-0.32277277  1.24354601 -1.4056578  ..., -0.41931331 -0.65834944
   0.69173498]
 [ 1.08736738  0.55850163 -0.45304508 ..., -0.61515204  1.51146573
   0.99015314]
 [ 0.40300095  0.50967459 -0.81936606 ..., -0.46339199 -0.9751721
  -1.32349384]]
main_means [2.6314713163297156, 3.5136840890435059, 2.2900543971552794, 1.8223932507007545, 1.5773046338665211, 2.3026393602503741, 2.8415813334687834]
main_stds [1.0315044434808129, 1.1365806012984307, 0.97946713696942822, 0.87192357536858811, 0.78301162675538138, 0.99680669570512748, 1.0613652610942248]
eigenvalues means [-0.11260573 -0.0540142  -0.03409331 -0.0281772 ]
eigenvalues stds [ 0.00627652  0.00481163  0.00385357  0.00343644]
