
*** Dimensões da tabela de notas: (405, 8)

*** Tabela geral de notas:
[[ 3.          3.5         9.         ...,  3.5         5.          4.5       ]
 [ 8.          7.5         7.         ...,  8.          2.5         2.5       ]
 [ 1.5         2.5         9.         ...,  2.5         7.5         7.5       ]
 ..., 
 [ 5.83567894  4.01412569  7.48857639 ...,  4.23389738  5.1497427
   1.46560655]
 [ 8.60443479  6.94568063  6.72326017 ...,  7.50376746  3.65544511
   2.11923868]
 [ 1.96785755  3.30205761  8.87689291 ...,  5.60120939  6.14219773
   4.47508158]]

*** Matriz de covariância:
[[ 1.    0.32 -0.24  0.09 -0.06  0.37 -0.23 -0.42]
 [ 0.32  1.   -0.46  0.2   0.    0.68 -0.48 -0.22]
 [-0.24 -0.46  1.   -0.32  0.51 -0.27  0.32  0.04]
 [ 0.09  0.2  -0.32  1.   -0.15  0.1   0.1   0.23]
 [-0.06  0.    0.51 -0.15  1.    0.16 -0.08 -0.12]
 [ 0.37  0.68 -0.27  0.1   0.16  1.   -0.46 -0.33]
 [-0.23 -0.48  0.32  0.1  -0.08 -0.46  1.    0.49]
 [-0.42 -0.22  0.04  0.23 -0.12 -0.33  0.49  1.  ]]

*** Pearson (igual matriz covar.):

['1.0', '0.32', '-0.24', '0.09', '-0.06', '0.37', '-0.23', '-0.42']
['0.32', '1.0', '-0.46', '0.2', '0.0', '0.68', '-0.48', '-0.22']
['-0.24', '-0.46', '1.0', '-0.32', '0.51', '-0.27', '0.32', '0.04']
['0.09', '0.2', '-0.32', '1.0', '-0.15', '0.1', '0.1', '0.23']
['-0.06', '0.0', '0.51', '-0.15', '1.0', '0.16', '-0.08', '-0.12']
['0.37', '0.68', '-0.27', '0.1', '0.16', '1.0', '-0.46', '-0.33']
['-0.23', '-0.48', '0.32', '0.1', '-0.08', '-0.46', '1.0', '0.49']
['-0.42', '-0.22', '0.04', '0.23', '-0.12', '-0.33', '0.49', '1.0']

*** Autovalores (var. %):
[35.0, 22.0, 13.0, 11.0, 7.0000000000000009, 5.0, 4.0, 4.0]

*** Dados finais:
[[ -1.23894804e+00   2.55554907e+00  -2.94630690e+00 ...,   2.99218469e-01
    2.46422853e+00  -9.75790437e-01]
 [  7.29894100e-01   1.90665653e+00   1.65680978e-01 ...,   1.56528654e+00
    7.05660899e-01  -7.73836960e-06]
 [ -3.24894099e-01   7.43235162e-01   1.38324637e+00 ...,  -2.90198864e-01
    2.32032784e-01   1.16124333e+00]
 ..., 
 [ -4.85708863e-01   6.93165803e-02  -2.61480732e-01 ...,   1.20388630e+00
    1.66198111e-01  -9.06890504e-01]
 [  5.58159733e-01   4.95833548e-02  -1.91429218e-01 ...,   3.39691107e-01
    5.75982680e-01   1.63449398e-01]
 [  2.43852033e-01   5.03607915e-02  -4.27363153e-01 ...,   4.97450947e-01
    7.31811712e-01   1.02274158e+00]]

*** Componentes principais [T] (todos):
[-1.23894804  2.55554907 -2.9463069   1.69175173 -1.12980538  4.31301863
  1.43292493 -0.58464491 -0.34720307 -1.95056071 -0.79205228  2.48058824
  1.91754996  2.24197469 -0.74092255 -0.94439578  2.22967978 -1.37247749
 -1.65661531 -1.06240339 -1.72222593 -0.98661712  2.11121777 -0.2593187
 -2.58501182  0.39058773 -0.6149133  -1.83913712  1.49752372 -2.29392424
  1.69926631 -1.20710615  1.34154288  0.49879684  0.80176723 -0.80570497
  2.36920161 -0.37535679 -0.54571545 -1.3738365  -1.08707366 -2.87823846
 -0.60382255 -1.1403779  -1.97760931  2.06404428  2.865546   -0.7785925
  1.33582886 -1.48695946  1.55691096  1.30238063 -1.86592015 -0.55737027
 -2.09748939  3.01332621  0.48387022 -1.81783406 -0.39710855  2.83511957
  1.53974361 -1.61646134 -2.73963647 -0.33079629 -1.2390138  -0.5569976
 -0.96026022  1.73271689  2.26632928 -1.45038321  1.21698153 -0.07589577
  0.90127231 -0.67900186  2.93919699 -1.23212885 -1.17436375 -1.20661964
 -1.01260084 -1.56980437 -1.49729009 -1.59861906 -1.31227155  1.27712529
  1.12807313 -1.45302842  1.4129321  -0.80042751  0.15803278  1.68557586
 -2.05580275  1.51429507 -0.46126329 -1.57061108 -1.47974561  0.8356398
  2.79558369 -0.8150116   1.59020263 -1.11931924  1.58864585 -1.2329297
 -1.26611049 -0.24318865 -1.26839658  1.76236701 -1.71777498  1.65928347
  2.13293812 -1.57336299 -0.88502136  1.31566292  1.42124478 -0.59237017
  1.7503085  -2.2597106  -1.49592835 -1.27197466 -2.64372454 -1.32546688
 -0.31572109 -1.19782128  0.23494025 -3.23989431 -0.57543386  2.69816739
 -1.77661561 -0.78258021  3.00928675 -1.24558358  1.30563979 -1.04606635
 -0.91042984 -1.16285694  2.10104819  4.00080774 -0.7947874  -1.88818858
 -2.01611209  0.96108345  1.84566863  3.05598983 -1.05987783 -1.6237976
  1.44280776  2.21481999 -1.8984923  -1.31872524 -2.17906451  0.73965822
 -1.37059564 -0.75983982  2.29565067 -0.72443468  1.88735477  1.30061298
  1.76418538 -0.89795281 -1.25046558  2.02027721 -0.57107975 -1.79022748
 -0.9188134  -0.85883524 -2.1494106  -2.12901718 -3.0416019  -0.88230692
 -0.89246062 -1.14351011 -0.75100405  1.35117076 -2.89431786 -1.60648546
  2.94934348 -2.90837494 -1.62556782  0.21960275 -3.13079602  1.9321224
 -0.81404501 -1.38078676  2.58416578  0.8748986  -1.16844612  2.2316195
 -1.44814226  1.41340658 -1.17422479 -3.0761076  -0.27319889 -1.62013909
  1.66309394  0.67878177  0.99781901 -0.30770214 -1.08564113 -1.08092872
  2.34297643  1.76261093 -1.50321584  0.57477332 -0.97464012 -2.44883648
 -1.33010491 -0.97946207  2.47319068 -2.29006098  0.82319714  2.11495584
  0.92664241  0.01868819 -1.12333653  2.21957949 -1.70133585 -2.76668177
 -0.36915048  1.7724147  -0.7801785  -0.68827054 -0.13836379 -0.70879655
  0.72893603  1.37740172  0.53062381 -1.13432357  1.44408541 -2.10056987
  0.31956118  1.99947933  0.62711519 -0.86339994  1.26350024  1.32753338
  1.27543616  2.21648823 -2.39236242 -2.04982638  1.93881072 -2.92735991
  1.02129586 -2.27570799 -1.0414693   2.34510068  1.28543628 -0.14801985
  2.2189552   0.79228855  2.28100445 -1.46150724 -0.92441426  2.78163241
 -2.73970764 -2.6824019  -1.27896902 -0.50078952  1.42387613  2.56581528
 -1.36822796  1.28554592 -1.87422052  1.14668457  1.90575616  0.6088406
  3.02986243 -1.55799643  1.22098791  1.22544202  1.68097272  1.26967547
  1.52299965 -1.51801968  3.39373777  0.25350006  1.86925643 -0.93370996
  2.07559775  0.66155996 -0.94390981 -0.52182872  0.10709334  0.44937035
 -1.45402663 -3.51229469 -0.76920383  2.88511855 -1.22654428  1.78218841
 -1.71095269 -0.41691813 -0.75276184  1.0304737  -1.02480586 -0.87818232
 -1.10713159  2.37983149  1.07140675  1.16062299  0.64346225 -1.08362644
  1.88717189  1.96261688 -2.09540024 -3.12149849 -0.83873927  0.57453006
 -0.5376532  -1.24129814 -1.30406839 -2.2912142   0.69159478  1.89546465
 -1.74011685 -1.83642179  1.88891773 -2.04988905 -1.71753595  2.04868003
 -1.17468565 -0.38622349 -0.9987097  -1.43779573 -0.63660812 -1.04807322
 -2.0325129  -1.39953467  1.14872856 -0.11869968 -0.56380656  1.83824205
  2.53989465  0.42435756  2.96171901 -1.40319826  2.1014571  -0.98973232
 -3.11476582  1.85356913 -1.28616771 -2.09489866 -0.60441125  2.99817656
 -0.58027435 -1.73085498 -2.19286649 -0.42249355  2.76602496  0.78170411
  1.68574424  2.01405287 -0.83471561 -0.26426077  2.4918259  -0.00941425
 -1.74365853  2.44538264  0.95728963 -1.41390529  1.54498829 -1.91336641
 -1.32855769  1.04473098 -0.25581992 -0.20441468  2.66092475  0.88241078
  0.42434493  4.02087036  1.94204832  1.59340164  3.35338461 -1.01076554
  0.58480513 -0.40659784 -0.81069027  2.2582839   0.66870637  2.62021442
  0.52562342 -0.40273896 -1.47735728  1.99280153  0.25044439 -0.57086239
 -0.48122877  1.17493165 -0.86199092  2.17813253  1.90432676  2.05033016
 -0.68016171 -0.61757129 -1.47670977  1.21430535  0.38298461  3.8973492
  2.29755196 -0.69504775 -2.63500324 -1.22566573 -1.81467673  1.61414472
  0.29921847  2.46422853 -0.97579044] [  7.29894100e-01   1.90665653e+00   1.65680978e-01  -3.21106986e-01
  -2.43803864e-01  -7.53543805e-01  -2.48038005e+00   3.23008734e-01
   9.02846667e-02  -2.23287933e-01   9.27477031e-02  -1.32140649e+00
   1.51074124e+00   1.64112566e+00   9.13981153e-01   4.08360921e-02
   2.61506047e+00   7.50475772e-01   4.14580851e-01   1.58363603e-01
   1.78120359e+00   1.22979551e+00   1.83231019e+00   6.60489197e-01
   3.90942634e-01  -1.38354345e+00  -5.81558760e-01   1.44911669e+00
  -2.27590755e+00  -5.68407327e-01  -2.41965047e+00  -1.29155406e-01
  -1.41691293e+00  -9.95172170e-01  -2.87985476e+00   5.33214802e-01
   2.29473855e+00   4.14104519e-01   2.38434039e-01   6.60431733e-01
  -2.69774729e-02   1.28444575e+00  -9.13290487e-01  -3.44533636e-02
  -1.36380274e-01  -4.99180738e-01   1.97335653e+00   1.33416384e-01
   1.45081104e+00   9.74392312e-01  -9.60433327e-01   2.49326585e+00
   3.18844643e-01   6.71492718e-01   3.93066010e-01   2.17895630e+00
  -1.46921528e+00  -1.73084085e-01  -1.31937480e+00   1.05136265e+00
   2.12483655e+00   1.26373510e+00   9.47045731e-03   1.02446841e-01
   2.49922871e-01   8.68643763e-01   6.69232935e-01   5.63121071e-01
   1.78752492e+00  -5.27391682e-01   3.62783195e+00   6.17734669e-01
  -1.04443892e+00   1.16980284e+00   9.56580307e-01   1.04390698e-01
   1.96044785e+00  -1.82782425e-01  -3.69839648e-02  -6.03357331e-01
  -6.01079991e-01  -8.74034585e-01  -1.55838090e+00  -1.85902204e+00
  -1.57505559e+00   4.19603240e-01   1.81271305e+00   9.84070350e-01
   4.65110494e-01  -1.69644323e+00  -4.71381347e-01   1.44167276e+00
   6.09810812e-01  -1.22401522e+00  -3.98831769e-01  -2.87929530e+00
   1.30016356e+00   1.16940401e+00   1.43009055e+00   9.99848544e-01
  -1.63460552e+00   8.03042500e-01   1.13772223e+00   4.75958506e-02
   5.68863006e-01  -1.75647115e+00  -3.32325190e-01   1.80355688e+00
  -5.54746184e-02   5.67311742e-01   1.02395733e+00   1.53608193e+00
  -1.15424761e+00   7.82651011e-02   9.37342805e-01   7.12911144e-02
   6.86139041e-01  -6.21371578e-01   2.96464357e-01   2.08917314e-01
  -7.42710256e-01  -3.09088032e-01  -2.41657760e-01   5.35776835e-02
  -3.44361786e-01   1.62207192e+00   5.75058300e-01  -2.26563460e+00
  -4.27162047e-01  -2.51711009e-02  -2.08208743e+00  -7.85887741e-01
   1.04744424e+00   9.26348877e-02   3.19877694e+00   5.63296040e-02
  -6.07406030e-01   8.32052208e-01   7.27100301e-01  -2.22869266e+00
  -2.24417359e+00   2.23803802e+00   9.17506547e-01  -3.26009066e-01
   2.12683879e+00   1.84181586e+00   1.15579295e+00   3.78042781e-01
   5.18435221e-01   4.41431688e-01  -7.52526550e-01   1.93891327e-01
   2.30198962e-01  -6.64812192e-01  -2.64938247e+00   1.16690211e+00
  -1.10294793e+00  -3.67954562e-01   4.56510172e-01   1.96729151e+00
   1.93634789e+00   7.22430550e-01   9.28425702e-01  -6.15243670e-01
  -6.60824627e-02   3.83156888e-02   7.00301337e-02   3.58977852e-01
  -1.76046794e-01   1.62808109e-01   8.77131786e-01  -1.92503860e+00
   8.56184281e-02   1.12447868e+00   2.09290093e+00   1.09762356e+00
  -6.65747504e-01  -2.27890537e+00   5.36204330e-01  -2.20490409e+00
  -5.53352163e-01  -3.54028242e-01   2.72040119e+00  -2.48981184e+00
   3.70014962e-01  -1.86874652e+00   5.88519598e-01  -2.30241544e+00
  -3.76453762e-01   3.07255629e-01  -3.43025510e-01   4.75094515e-01
  -1.99281180e+00   1.32952740e+00  -1.29291456e+00  -3.02122428e-01
  -6.09682655e-01  -3.89820017e-01   8.19602706e-01   2.23398943e+00
   3.17368715e-01  -1.99667333e+00  -1.17073713e+00   6.09585556e-01
  -8.72670933e-01   4.07425837e-01   1.27713005e+00   7.02140383e-01
   5.57022656e-02   1.99187768e+00   7.10889402e-03  -2.50952544e+00
   4.28279490e-01   2.58633535e+00   4.40641594e-01   6.95955558e-01
  -7.75237143e-01   1.28101860e+00  -8.09848651e-01   5.21665745e-01
   1.43277569e+00   8.76004676e-01  -2.56642878e+00  -3.99812786e-01
  -1.48739721e+00   3.82396605e-01  -2.56875427e+00  -5.18110557e-01
  -1.65762194e+00  -1.53904208e+00  -2.16411890e+00  -7.57501401e-01
   4.83071537e-01   1.05677001e+00  -2.15765670e-01  -2.13097039e+00
  -1.20075299e+00   6.05937956e-01   1.38791852e+00   7.38396129e-03
  -2.75921254e+00  -1.65327976e-01  -1.14087896e-01   8.49135970e-01
  -1.67222688e+00  -4.02112662e-01   6.96202363e-01  -1.52317737e+00
   1.52334931e-01   4.36318561e-01  -2.85779269e-01   1.43060606e+00
   3.25598971e-01  -7.27876117e-01  -2.19019628e-01   1.14611962e+00
  -1.57975107e+00   2.83568927e+00  -1.24966281e-01  -1.84766298e+00
   5.59296270e-01  -2.27179936e+00   7.11817576e-01  -2.31720421e+00
   2.92987606e-01  -2.26172272e-02  -2.00384495e+00   5.58103480e-01
  -1.76765226e+00  -2.29597119e+00  -2.84161979e+00  -1.26746325e+00
  -2.31797944e-01  -9.04170164e-02  -2.21762012e+00  -5.73729269e-01
  -9.24859138e-01  -1.08329409e+00  -1.29563870e+00   7.57032418e-01
   1.65091239e+00  -1.80795763e+00   1.25333436e+00   2.95421415e-01
  -2.31568830e-02   1.78878527e+00  -2.51000114e-01   7.20044822e-01
   7.66238325e-01   1.44649122e+00  -1.48633738e+00  -2.93538703e+00
  -3.97533833e-01   6.50250020e-01   4.12378189e-01   1.46493589e+00
  -1.85481709e+00  -2.09451214e-02  -7.23731483e-01  -1.27282224e+00
  -1.07418423e-01   1.51809059e+00  -2.85997750e-01  -5.71542478e-01
  -8.86619591e-01  -1.79765325e+00  -5.77054214e-01  -1.45078026e+00
   7.23209699e-02  -1.18896237e-01  -1.68920276e+00   1.70141498e+00
   4.81709119e-01   3.57493934e-01  -1.41534990e+00   7.67086005e-01
  -7.15212180e-01   9.23940544e-01   1.13848874e-01   1.00381731e+00
  -2.41072399e-01  -1.65886390e-01  -5.45521808e-01   1.09464001e+00
   4.74376370e-01  -7.47000593e-01  -2.19817017e+00   4.20433753e-01
   8.74257176e-02   1.02555494e+00  -1.20900964e+00  -2.53768836e+00
  -6.08469571e-01  -3.65645090e-01   7.45887137e-01  -7.72246402e-01
   7.97041596e-01  -1.38041085e+00  -2.51573642e-01   3.31298642e-01
  -3.92731457e-01   2.46321591e+00  -6.73504164e-01  -7.66033660e-01
  -1.72845310e+00  -5.62982989e-02   1.58733913e+00  -5.61660559e-01
   1.90246595e+00  -9.16917811e-01   7.28757974e-02  -7.18901071e-01
   8.28674390e-01  -1.29140531e+00  -6.56855956e-01   1.82729800e+00
  -2.31332138e-02   4.95099308e-02  -1.91210334e+00   9.23488295e-01
  -8.69900677e-01  -1.95129515e+00  -6.37715805e-01  -1.63188731e-01
   2.55174760e+00  -2.25909506e+00  -2.01796100e+00  -7.27946660e-01
  -2.48234006e-01  -1.36562661e+00  -2.74492794e-01   1.63563759e-01
  -1.79950074e-01   5.58609412e-01   8.66492833e-01   2.10274542e+00
  -1.97556023e+00   2.32173070e+00  -2.26075376e+00  -8.37098774e-02
   1.23700063e+00   2.02613322e+00  -5.10910760e-02   4.37238274e-01
   1.81058123e+00  -1.91783800e+00   3.94205957e-01   2.14527683e+00
   1.87655992e+00   2.98464570e+00   4.46257891e-01   8.80255744e-01
   3.88961008e-01   1.88522528e+00  -2.06403383e+00  -7.90079152e-01
   2.09679130e+00  -9.42223407e-02   9.57723050e-01   7.07513557e-01
   7.34584817e-01  -2.52199976e+00   1.56528654e+00   7.05660899e-01
  -7.73836960e-06]

*** Componentes principais [T] (somente originais):
[-1.23894804  2.55554907 -2.9463069   1.69175173 -1.12980538  4.31301863
  1.43292493] [ 0.7298941   1.90665653  0.16568098 -0.32110699 -0.24380386 -0.75354381
 -2.48038005]

*** Contribuições (autovetores) [P] (idem para todos e originais)

C1 [14.097462244517885, 18.944795296471042, 13.586074702330691, 3.7672530743877157, 1.3545356049609336, 18.481583988917613, 12.954943956556031, 16.813351131858077]
C2 [1.6391809894344527, 3.5609331144892913, 20.98998009592836, 20.797672387060778, 23.487338793280692, 4.5726399824868098, 16.678338863488115, 8.2739157738315132]
C3 [8.0738984850550253, 11.70756615053441, 7.5261824439186702, 18.090849488329809, 21.711755711674435, 12.73911177601445, 15.263449497326079, 4.8871864471471227]
C4 [33.663207997669979, 8.3499772477496119, 9.356892439874505, 15.786466004810334, 3.0607047111493477, 1.3363356674478153, 8.6802971115060323, 19.766118819792375]

*** Oposição:
[1.0, 0.88839759534882978, 0.75263109280325025, 0.64386234764245598, 1.4580891300945094, 0.345662082196312]

*** Inovação:
[6.6613381477509392e-16, 0.013521792374303693, 1.1847944029019499, 0.98384142124454477, 2.0240336069487825, 2.179363644869631]

*** Dialéticas:
[0.95254533296729571, 0.24082271486273413, 0.10345068044492604, 1.4325133016207976, 0.0049015334934254841]
dados [[-0.0422994   0.84033222  0.87228397 ...,  0.73475552  0.93974962
   0.86975915]
 [-1.30909737  0.29853299  0.52396173 ..., -1.24626933 -1.42075156
  -0.31091629]
 [-0.06423884 -0.88867614 -0.95584422 ..., -0.23791744  0.57026439
  -0.28323987]
 ..., 
 [ 0.97167435  0.9505013   0.51215097 ...,  0.76339323 -0.02526049
  -0.43064416]
 [ 1.20564446  0.7641844  -1.28673125 ..., -0.40520268 -0.43010486
   0.11655039]
 [ 0.71020563  1.04621591  1.1268044  ..., -1.44448222  0.23682377
   1.426649  ]]
main_means [1.8830703498138925, 3.4254547767907964, 3.1561243619498347, 2.08915786193637, 1.7119769686358011, 4.5084455997153423, 3.0997182959714853]
main_stds [0.90695242391305453, 1.0234929297909141, 1.0702926622086262, 0.93248525328572207, 0.81458790977868178, 1.0981317832241642, 1.0317420384174831]
eigenvalues means [-0.202912   -0.07421674  0.00155953  0.02112993]
eigenvalues stds [ 0.00684395  0.00417258  0.00326645  0.00304477]
