
*** Dimensões da tabela de notas: (849, 8)

*** Tabela geral de notas:
[[ 3.          8.          5.         ...,  5.          3.          7.        ]
 [ 2.          6.          9.         ...,  2.          1.          5.        ]
 [ 6.          4.          1.         ...,  7.          2.          2.        ]
 ..., 
 [ 6.11939794  5.86616088  5.63482249 ...,  8.08679068  5.92344996
   6.81850284]
 [ 3.94710079  5.45238962  7.94697614 ...,  7.61759898  4.31822192
   5.98694383]
 [ 6.86765861  6.3286286   2.54039636 ...,  3.39990974  8.96690766
   5.76759432]]

*** Matriz de covariância:
[[ 1.   -0.16 -0.13  0.55 -0.18  0.12  0.4  -0.15]
 [-0.16  1.   -0.04 -0.18  0.14 -0.38 -0.12  0.32]
 [-0.13 -0.04  1.   -0.16  0.21 -0.02  0.32  0.1 ]
 [ 0.55 -0.18 -0.16  1.   -0.32  0.15  0.39 -0.03]
 [-0.18  0.14  0.21 -0.32  1.   -0.22 -0.05 -0.16]
 [ 0.12 -0.38 -0.02  0.15 -0.22  1.    0.15 -0.13]
 [ 0.4  -0.12  0.32  0.39 -0.05  0.15  1.    0.04]
 [-0.15  0.32  0.1  -0.03 -0.16 -0.13  0.04  1.  ]]

*** Pearson (igual matriz covar.):
 ###TABLE III. Pearson correlation coefficients between the eight musical characteristics.
['1.0', '-0.16', '-0.13', '0.55', '-0.18', '0.12', '0.4', '-0.15']
['-0.16', '1.0', '-0.04', '-0.18', '0.14', '-0.38', '-0.12', '0.32']
['-0.13', '-0.04', '1.0', '-0.16', '0.21', '-0.02', '0.32', '0.1']
['0.55', '-0.18', '-0.16', '1.0', '-0.32', '0.15', '0.39', '-0.03']
['-0.18', '0.14', '0.21', '-0.32', '1.0', '-0.22', '-0.05', '-0.16']
['0.12', '-0.38', '-0.02', '0.15', '-0.22', '1.0', '0.15', '-0.13']
['0.4', '-0.12', '0.32', '0.39', '-0.05', '0.15', '1.0', '0.04']
['-0.15', '0.32', '0.1', '-0.03', '-0.16', '-0.13', '0.04', '1.0']

*** Autovetores (raw):
[[ 0.49 -0.15 -0.11 -0.39 -0.1   0.75  0.06  0.01]
 [-0.34 -0.36 -0.39 -0.2  -0.49 -0.08  0.19 -0.52]
 [-0.08 -0.48  0.57  0.24  0.27  0.16  0.48 -0.24]
 [ 0.51 -0.16 -0.23 -0.18  0.08 -0.53  0.54  0.22]
 [-0.31 -0.09  0.45 -0.48 -0.4  -0.07  0.08  0.53]
 [-0.15 -0.48 -0.38  0.48 -0.08  0.19 -0.03  0.57]
 [ 0.33  0.28  0.22  0.49 -0.7   0.03  0.17 -0.05]
 [ 0.38 -0.53  0.24 -0.02 -0.13 -0.29 -0.64 -0.12]]

*** Autovalores (raw):
[ 2.25  1.38  1.34  1.07  0.63  0.5   0.43  0.4 ]

*** Autovalores prop (raw):
[ 0.28  0.17  0.17  0.13  0.08  0.06  0.05  0.05]

*** Autovalores (var. %) ###TABLE IV### New variances after PCA, in percentages for scores on III.:
[28.000000000000004, 17.0, 17.0, 13.0, 8.0, 6.0, 5.0, 5.0]

*** Dados finais:
[[-2.013501   -2.91105354 -0.76289323 ...,  0.38798038 -1.64776604
   0.78302967]
 [-0.49494995  0.23657544  1.65233403 ..., -1.34209231 -0.94038458
   1.3545282 ]
 [ 0.59508376  2.73426533 -1.58498945 ...,  0.53469009  1.37671119
   0.91185621]
 ..., 
 [-0.62522546 -0.41099601  0.65767301 ..., -0.38983321  0.59134595
  -0.15240256]
 [-0.98594623  0.08063483  0.11203795 ...,  0.79746754 -0.17588328
   0.32023896]
 [-0.70276976 -1.14252502  1.98902563 ...,  1.95396925  0.58768238
   0.41437071]]

*** Componentes principais [T] (todos):
[-2.013501   -2.91105354 -0.76289323  0.91944902  0.78836744  0.59575109
  1.49057514 -0.36530075  1.19450931 -0.34937109 -1.73296146 -3.38996471
  0.71558276  0.19143621  0.20662218  0.9363541   1.43614258 -0.30298675
  1.23504718 -1.29326459 -2.44797138  1.41236474 -0.76338321  1.26987282
 -0.80371628  1.94422178  1.36315553 -0.72493167 -0.1895374  -1.08203945
  0.44947051 -0.10810107  0.86501979  0.29297173  0.55264185 -0.57778753
 -1.73604717 -1.15239747  0.02878659 -0.78050787 -3.14483363  0.43592575
  1.14081151  0.518943   -0.23248474 -0.24974907  0.36847858  0.83362919
  0.59017324 -0.66926814 -2.20747208  1.85640321  0.80345074  0.83545604
 -1.34475293 -0.03361924  2.09192947  1.14254137  1.49464411  0.46762596
  0.12526705  0.74638173 -0.18762752 -1.3344483   1.93563155  0.52273476
  1.07982399  0.51902589  0.366745    0.63988697  0.33348731 -0.10671714
 -0.60572874  0.89134228 -1.82443968  0.27028506  0.20560921  0.76568123
  1.92857068  1.7071873  -0.6162193   0.63658173  0.87881787 -2.41760068
  1.03768422  0.99230047  0.73276237 -1.52805068  0.40140655  0.38167041
  0.53984627 -0.25194772  0.07848055  0.51708382 -2.84912169  0.50438091
  0.9652956   1.24919057  0.60344289 -1.09258164 -0.75046489  0.59391638
 -2.48410984  1.78805589 -0.66610571 -0.28571113 -1.65923259  0.48619833
  0.85236743 -0.74584433  0.73447317  0.70158309  2.1427189   1.30573699
  1.22081776 -0.54821526 -1.62737157 -0.13934786  1.32327156  1.26337236
  1.79005546 -1.03226883  0.47880652  0.51895164  1.49019928  0.41014157
 -0.72171042  0.7036132  -1.86288862  1.3838054   0.14967345 -0.91558333
  0.3463533   1.53630995 -1.37185037 -0.25592543 -2.05418177  0.55392035
  0.75475526 -0.88087039 -1.1897992   1.02136095  0.37525465 -1.03769504
 -0.0035928  -2.40138894 -1.89805056  0.79496114  0.38843571 -0.57244748
  1.11277293  0.50643719  0.30758796 -1.41834338 -2.31417318  0.26201343
  0.23472135 -1.68912313 -1.44304449  1.23027362 -1.90798816  1.31808102
  1.41623607  1.97952259 -1.81070134 -2.09672432  0.49028373  1.57276934
 -2.64993722  1.69758505 -0.78964414  1.32354217 -0.39274848  0.74005003
  1.6579512   1.62021655  0.41570629  1.15892308  1.61086915 -0.85504155
 -0.21207708 -2.8041605  -1.00140089 -0.16558292  1.34154071  0.74073627
 -2.77548573 -1.46566309 -1.6739352   1.56945278 -0.16731596 -3.18551021
  0.61799993  1.510069    0.44745362  0.63792045  0.53396707  1.77053569
  1.1231883   0.21656417 -0.68423827  0.77031634 -0.1680586  -0.85268099
  0.73790612 -0.22342984  1.25780518  0.3301467   0.70308337 -0.79730497
  0.48916    -2.061762   -1.62582433  1.84409991 -0.66728335  1.01894172
  1.33307053  1.27266365  0.0133861   0.15224699  1.41870806  0.59985186
  0.18984712  2.65887511  2.49512688 -1.24807743 -0.84619562 -2.77746752
  0.75188128  0.53268987  0.48033484  0.99843674  1.21140274 -0.06202872
  1.91375225  1.48217687  0.76523106  0.2645352   0.55515081  0.17616884
  1.75385188  1.51115176  1.19488879  0.82540784  0.06710335 -2.30830839
  0.27265115 -0.08952796  0.22554673  1.47541607  0.32228704 -0.275552
  0.90515328  1.54260954 -1.71069571 -1.19457702 -0.89922955  0.13030704
 -1.33904049  1.4434268  -0.0306454  -2.02582974 -1.05816724 -0.4267423
 -0.98980068  0.08192205  0.79733343  1.04458901  0.48002555  1.03970621
 -1.77338057  1.14917594 -0.34674807  0.91865168  0.83220589  0.46492139
 -0.61409294 -0.55599172  0.91645558 -0.15584281 -1.34259011  0.45206695
 -2.04432391 -1.83036435 -1.15709017 -1.51124206  0.72206676 -2.4825148
 -1.98362741 -0.89451217  0.45144458  1.05152045  0.64880908  0.14098176
 -1.80619168  0.44781063  1.07501673 -1.28436359 -1.82163713  1.72572129
  0.98644487 -0.79919183 -1.03686453  1.35905693 -1.71867417  0.62667908
 -1.09366998 -2.82795262  1.78125949 -2.17152562 -1.45586437 -2.34294794
 -0.06187757  0.67771165  1.57476588  1.39846356  1.35222075 -1.39595612
  0.70251711 -0.98324353  0.7885692  -0.9528809   1.76775847  1.78699462
 -0.34661192  0.47334161  1.61914824  0.70635938 -0.47752649  0.82264689
  1.17688104 -1.275893   -2.36869901  1.11394712 -0.6954557   0.47634555
 -2.28887164  0.1293309  -1.14213278 -0.07242175  0.8428506   0.64458789
  0.37306946 -2.16424631  1.32413454 -0.10212863  1.00157399  1.47076583
 -2.76936536  1.14567598 -2.4736559   1.73644835  0.31727329  1.23104621
 -0.22499159 -0.2963622   0.4733579  -2.03104542  0.36251723 -1.50214845
 -0.03780238 -1.29603195  0.87099207  0.53287811  0.43066181 -2.06705996
  0.3183399   1.52315147  1.03309127 -2.22678005 -0.66381119 -1.18709752
  0.9613874   0.61665073 -0.31988584  0.41791041 -0.12752038  1.38343503
  2.2316663  -1.30278145 -0.23569098 -1.89218348  1.64151204 -2.68775773
  1.3295924   0.45479096  1.01451951  0.7745397  -2.35203774 -2.36485539
 -1.09752996  0.03803571  1.31215946  0.66561039 -0.51039972  0.71959169
 -0.58441238  0.61448862 -0.14478788  1.02664516  0.28614     0.55952721
 -1.15102376  1.34846741  1.50275099  1.00132792 -0.13580969  0.40421946
  0.59409412  1.23635941  0.32899639 -0.57403614 -0.57908424 -1.49482041
  1.49208035  0.811727   -0.30428891  0.19459536  0.63972751  1.41367353
  0.68318514 -1.72589593 -0.26304751  1.30739591 -2.34325974 -1.13470049
  1.02830326 -0.10872102 -0.27691481 -1.32844349  0.67990631 -2.22046715
  0.7299398   1.51610671  0.23335155  0.49983995 -2.45151613  1.65717171
 -0.42441377  1.40692839 -2.92334287  1.55712187 -1.76612182 -0.97426741
 -0.15160263  0.93908868  1.95265811 -0.34584513 -2.76035475  0.58282073
  0.71601405  0.35596409 -0.14704185 -1.218594   -2.06083023 -0.74550084
 -1.69812736 -0.12152792 -0.1544305   0.59748629  2.35948578 -1.08754849
  0.50996926  0.64521256 -1.47415615  1.35927265 -0.19552081  0.85987026
 -1.9056163  -1.43294155  0.77118606 -0.79943424 -2.01783671  0.89572735
 -0.5074807  -1.13872297 -1.87800941 -0.0293008  -2.55659961 -2.23668968
  0.43050397 -3.30704041  1.52682562  0.4012701   1.95866298  1.08994098
 -0.4833922   1.64766697  0.48912832  0.17102904 -0.95366533 -2.47797651
  0.77071172  0.71840986 -0.27345893 -0.27813895  1.36956915  0.84520874
 -1.12149499  0.78811635 -1.79977708  0.49308351  0.72665272  1.12974515
 -2.09099789 -0.33950783  0.02672121  1.50743281 -0.74556216 -0.44888674
  0.46779016  2.38862897 -0.85575372  1.14889372  0.67641084 -0.5400898
  1.99345001 -1.57941209 -3.1650533   0.87256967 -0.51325173  0.66262557
  0.424782    1.35996701  0.93362348  0.42958112  1.58779603 -1.3338564
 -0.2874697  -0.44201851  1.04401546  0.65771632 -1.69097272  0.82784157
 -2.71640379  1.01341226  1.35620056 -1.83189914 -0.56472896 -2.39369741
  1.35175881  1.10911683  0.56402182  1.22937734 -1.48452283  1.08386057
  1.27348517  0.1132645  -1.46869317 -1.36348145  1.60600765 -1.46345177
 -2.6752647  -1.32925022 -1.51889131  1.69892283 -0.82156594  0.89731478
  1.46586259 -1.32405742  0.62154762  1.13009687  2.43718614  0.53663715
 -0.68841673 -2.69426652  2.03432056 -1.89033331 -3.25446472 -0.37712962
  1.16050517 -2.25517263  1.77352614  1.41441703  1.64824322  0.47503629
 -1.92830053 -0.08010381 -0.07803383 -2.3804104  -1.65604822  0.76886936
 -2.08601933  1.8459707  -0.03686586  1.21593873  0.55166398  1.80344558
 -2.71046793  1.28977466 -2.78449731  1.19905915 -1.60661467  1.29041261
  1.16618261 -1.45028169  0.1603846   1.51999667  1.70625813  0.81263845
 -0.61416345 -0.703984    0.51649505  1.08607397 -1.35947879  1.4084986
  0.44954001  0.56861201 -0.16884132  0.30220017  0.44792955 -1.96159242
 -0.13410661  1.25035629 -0.46039131  0.65533888  1.46059631  1.2470391
 -0.09545153 -1.13865144 -2.69748433 -1.84104559 -1.70014941 -0.12827645
 -0.32585258 -2.04089211 -1.02755951  0.7762964  -0.37382973 -0.65626636
  0.51198785  1.94086092  0.59065339  0.74619836  0.60255256  1.64316012
  0.09430242  1.4702968   1.3309705  -2.0151686  -2.31359615  0.23332221
  1.22137652  1.03280108  0.94722888  1.21149123  2.6019571  -0.33347245
  2.88647089 -1.62236413 -1.40534463  0.35261866  1.20608286 -2.3549718
 -0.39895958 -2.01683445  0.14646762 -0.91798143 -3.3458481  -0.58071677
 -1.46781536  0.11852939  1.70744158  1.12751175  1.09379163 -0.38662659
  1.00660769 -0.95397304  0.84135792 -2.10867438 -2.48666767  2.19803857
  1.59337942  0.18911097  0.68361706  1.65253003  1.23992845  1.39408457
 -0.99548566 -0.63178507 -1.17768438  0.37429296  0.33978401  1.40620296
 -2.11334274  0.49146612  1.63607245  0.09330468 -0.1961547   1.35411668
 -0.32192764  1.04660357 -0.48617941  1.16317957  1.60453216  0.78416613
 -1.59386833  0.29610396  1.02835728  1.68858146 -1.54398748  1.5060869
 -0.2088281  -1.30751196  1.16844763 -0.01745978  0.81519655  0.93975225
 -1.13699875 -0.6730451   1.27852648 -1.36330504  0.75333994  0.49646203
 -0.81714721 -0.28409062  0.39816723 -0.24625709 -1.23184015 -0.98384875
 -1.36757578 -2.66586344 -1.17462424  1.23331854 -2.80221022  0.47162527
  0.41996281  1.27247949 -2.21161583  0.99346091  0.06931028  0.13215097
  1.2152094   0.41363109 -2.58546129 -2.61417551 -1.89009029  0.87363483
 -1.90733123 -2.75021459 -1.16590463 -0.27634226  2.11909421  0.83636852
 -0.09321337  1.38841849 -1.45597381  1.50588662  0.73225961 -0.03966601
  0.61967105  0.8264808   0.49222056  2.54909542  0.2623549   1.52380555
  2.47086663  0.21607993 -0.67623121 -0.21894427 -2.28754757 -0.28171051
  0.47873748 -1.7011641   1.30483301 -2.56575024 -0.63307087  0.44099314
 -0.18436221  1.38743874 -0.55683353  0.97455603  0.16002069 -0.12235964
 -0.05404479 -0.72409325  0.40291714  0.45835391 -2.16242941 -1.01196418
 -1.94668317  1.23729762  0.82409797  0.11756364  0.11256802  0.85037184
  1.86012227  0.61248607 -0.20176668 -0.87062717  1.13414785 -1.62762576
 -3.23839679  1.84207433  1.09459622  0.23701051 -0.58772565 -0.30105002
  0.28370706  0.9889738   1.30842747 -1.045622    0.43911131 -1.1404715
  1.79418732  2.01830173 -2.35107803 -2.07610689  1.01707776 -1.39849883
 -1.91883604 -2.14299664  1.5955663   1.27070076  1.05577966  0.19841102
  1.24650363  1.2724285  -1.07365793  1.26649193  0.54182649  0.52785204
  0.13397992  0.72377002 -0.32833359  0.64479375 -1.79509232  0.11835313
  1.6441426   1.32151931 -1.1359171  -0.07111195  1.06584537  1.8959421
 -1.70918026  0.57290206 -0.75924222  0.38143228  0.51692628 -0.06348837
  1.55502058 -1.82822179 -1.38316489 -1.83809535  0.76653855  1.37557609
  0.38798038 -1.64776604  0.78302967] [ -4.94949951e-01   2.36575444e-01   1.65233403e+00  -9.76742449e-02
  -3.97354541e-01  -6.53155798e-04  -5.90469762e-01   2.41576247e+00
  -5.60688637e-01  -9.05690362e-01  -6.16993725e-01   5.85787373e-02
   1.12016382e+00  -3.52334121e-01   7.52968291e-01  -7.71335449e-01
  -2.05673920e-02   2.23465345e-01  -3.40961373e-01   5.22817351e-01
   2.26704754e-01  -8.93338000e-01  -7.05011398e-01  -8.75820918e-01
  -3.90762517e-01   6.13895899e-01   6.40119236e-02   7.61210994e-01
   1.28392099e+00   4.09087096e-01  -8.26966145e-01   2.71861943e-01
  -1.03700817e+00   1.05062668e+00  -5.27647118e-01  -1.36964383e+00
   5.67442225e-01  -1.65425739e+00   1.50002411e-01   1.36046811e+00
  -3.40756218e-01  -8.54051623e-01  -7.71441299e-01  -1.58820157e-01
   2.52132470e+00   1.21370041e+00   1.03889994e-01   1.34439961e-01
   6.35168067e-01   5.75421421e-01  -5.11417429e-01  -8.76710972e-01
  -8.50879905e-01  -1.07723710e+00   2.02704861e+00  -3.54531238e-01
  -2.65689000e-01   1.52029174e+00  -1.21668514e+00   6.83239927e-01
   2.02826214e+00   3.54496110e-01   1.81241773e+00  -4.94913335e-01
  -6.70658016e-01  -1.28587205e+00   4.55116328e-01   3.84258014e-01
  -3.72800363e-01  -3.02602946e-01   5.64069072e-01  -8.98809350e-01
  -1.62229930e-01   1.07373157e+00   2.11572865e-01   3.41143670e-01
  -8.19138938e-01  -1.41184553e-01  -1.04332055e+00   1.45130413e-01
   3.70290375e-01   9.03877117e-01  -8.29956554e-01   1.01787696e+00
  -5.43714610e-01  -5.28248010e-01  -3.67292392e-01  -5.22899455e-01
  -1.52892052e-01  -1.32442938e-01  -4.30847257e-01   1.40180282e-02
  -7.31483499e-01  -1.12868588e+00   9.98115810e-01   1.64792113e+00
  -8.80460190e-01  -3.77715218e-03   5.46701863e-01   7.97233819e-01
   8.50264475e-01   6.43512886e-01  -8.44308510e-01  -4.28506755e-01
  -1.54342751e+00  -2.78090654e-01   3.51858658e-01  -1.22409940e+00
   7.82259606e-01  -4.72000261e-01  -6.01550855e-01   8.16058556e-01
  -7.86003600e-01  -1.02736482e+00   3.10899047e-01  -7.76860940e-01
   4.14625677e-01   1.54999760e+00   4.18200728e-01  -1.13165912e-01
  -5.59095461e-02   1.30089005e+00  -2.58206998e-01   7.91599997e-01
  -5.85887921e-01  -1.44504381e+00   1.20258452e+00  -7.58100810e-04
   4.40231215e-01   1.17937468e+00   6.17947849e-01  -1.51897517e-01
   1.02714439e+00   1.32458823e+00   1.33130625e+00   5.34167513e-01
  -9.76285063e-01   1.45042062e-01   1.18294840e+00   4.25679674e-01
  -1.38658005e+00  -3.33709780e-02   1.30300537e+00   1.33454228e+00
   1.20947953e+00  -1.91862328e-01  -2.70817219e-01  -2.62788915e-01
   1.68490840e-01   1.28131745e+00  -3.46434667e-01   9.41343488e-01
   2.98656385e-01   4.34325032e-01   3.44201227e-01  -2.36109618e-01
  -4.37619660e-02  -1.36286188e+00   7.67185833e-01   5.27857438e-01
  -1.08100717e+00  -1.77431192e+00  -4.86931261e-01   8.00546196e-01
   1.96252517e+00  -7.99253434e-01   2.05465333e-01  -2.87007332e-01
  -1.04259601e+00  -1.75918325e+00  -1.92428075e-01  -5.34599991e-01
   6.88344835e-01  -3.78189099e-01   9.32315334e-01  -6.63080519e-01
  -1.10855305e+00  -1.02093912e-01   1.19869507e-01  -2.83060074e-01
  -8.43612299e-02  -3.96767221e-01  -1.80348593e-01  -5.00934319e-01
   2.16221752e-01  -2.29532636e-03   4.05693837e-02  -1.27491900e+00
  -2.93615297e-01  -1.06460608e+00   7.39626541e-01  -2.09999627e-01
   4.48229133e-01  -6.88108580e-01   3.80091266e-01  -7.31404031e-01
   4.60269756e-01   6.29315420e-01   4.95381914e-01   4.77314567e-01
   1.22323334e+00  -4.54738799e-03  -1.04892130e+00   6.15439969e-01
   3.25643586e-01  -9.50120865e-02  -2.75500536e-01   6.86405843e-01
  -7.36591376e-01   6.41036664e-01   8.85034904e-01  -5.97970180e-01
  -9.43598413e-01  -6.39156302e-01  -5.67684976e-01   5.39605552e-01
   9.25811439e-01   2.04777626e-02   1.21724971e+00  -3.21179019e-01
   1.98414491e-02  -1.21808935e+00  -7.26687522e-01  -5.62423942e-01
   1.45880918e+00  -6.72414826e-01   1.65140457e+00  -2.85345190e-02
  -1.07519549e-01  -1.25425102e+00   7.21560905e-01   4.49715901e-01
  -8.79818530e-01  -9.20668012e-01  -6.82974820e-01   3.71858761e-01
  -5.99547198e-01  -1.04347208e+00  -5.56593249e-01   1.75504001e+00
  -6.86389125e-01  -8.82589044e-01   4.92257144e-01  -5.80496442e-01
   1.06412220e+00   1.10386432e-01  -4.44017092e-02  -1.08311242e+00
   5.18098340e-02  -1.11827063e+00   1.32606039e+00  -5.00700923e-01
   1.24862436e-01   2.85269587e-01   9.26044799e-02  -7.71301710e-01
   2.38342730e-01  -1.25746479e+00  -1.03043960e+00  -1.38680402e-01
   1.05789035e+00   2.03443591e-01   2.16061527e+00  -9.82504244e-01
  -7.85647974e-02   6.05316555e-01   3.12039844e-01  -8.88822332e-02
  -1.46931386e-01   5.91269740e-01   1.14741945e+00  -6.18570878e-01
   7.92208735e-02   2.05683331e-01  -1.41201480e-03   4.90540351e-01
   1.09580297e+00   1.25991124e+00   4.50420417e-01  -1.85380036e-01
   1.99742759e+00  -1.86438866e+00   3.59518783e-01  -2.23424986e-01
   1.96914349e+00  -4.89438407e-01   3.15859281e-01  -1.71213077e+00
   2.04330313e-01   1.01934585e+00   4.87806634e-01   4.87739719e-01
   1.10388812e+00  -4.11203437e-01   1.09149222e-01  -1.87026333e+00
   1.67056064e+00   1.90731150e+00  -6.18620148e-01  -7.70261473e-01
   5.43253072e-01  -1.12549684e+00   1.06587115e-01   4.06008650e-02
  -5.02102078e-01  -9.86983445e-01   1.19076129e+00  -1.30114358e-01
   2.39034979e-02  -1.02205038e+00  -3.01070999e-01   8.21403912e-01
   1.53523528e+00  -1.23447102e+00   6.50658849e-01  -1.33992248e+00
   7.00680289e-01  -4.75173175e-01  -2.07422525e-01  -1.45496994e+00
   3.44905264e-01   8.20290281e-01   2.50124221e-01   6.28229039e-02
   7.59908299e-01  -9.36558863e-01  -8.03129796e-01   1.40882726e+00
   1.47590362e-01  -1.93750470e-01   5.28450615e-01  -7.53609656e-01
  -1.12919762e+00   3.44832487e-01   4.68876989e-02  -1.65988546e-01
  -1.21158378e-01   1.71012739e+00   1.42997260e+00  -7.01750540e-01
   1.11191924e+00   3.79828544e-01  -2.06857408e+00  -2.80412993e-01
  -3.31237189e-01  -2.76426896e-01   7.09060176e-01   1.53510340e-01
  -1.23619195e-01  -8.34162748e-01   1.12289498e+00   9.68215282e-02
   3.42652585e-01  -1.77642791e+00   3.74858825e-02   4.36577349e-01
   4.15681223e-01  -3.31243058e-01  -6.26492633e-01   5.44077835e-01
  -1.20360587e+00  -1.09398714e+00  -1.21834158e+00  -4.97663962e-01
  -3.11629233e-01  -8.59621760e-01  -9.02063144e-02  -1.72549127e+00
  -5.22535678e-01   6.57077287e-01   1.85697280e+00   6.14140401e-01
  -1.29785616e-01  -3.63238506e-01  -1.45463376e+00  -2.69185039e-02
   1.58065848e+00  -1.30212206e-01  -1.43345369e-01  -7.81832783e-01
  -1.39398375e-01  -1.12447476e+00  -3.42414901e-01  -2.51205115e-01
   2.35932390e-01   1.12109168e-02   1.24551775e+00  -3.34547630e-01
   1.43982644e-01   6.13729904e-01   4.96083521e-02   5.77454180e-01
  -6.30330282e-01   6.46712790e-01   9.19931931e-03   6.39122006e-01
   2.77593488e-01  -3.73605760e-02  -7.77778471e-01   3.79032916e-01
  -5.76883185e-01   3.27016802e-01  -1.04314899e+00   1.06568685e+00
  -1.61905489e+00  -8.00307351e-02  -8.38604167e-01  -1.91337664e-01
   4.15125369e-01  -3.89964329e-01   1.10363834e+00  -3.50224982e-01
   7.54766012e-01  -1.65735409e+00  -6.35200356e-01   1.24751875e-01
   8.74675786e-01  -1.86182773e-01   3.85086358e-01  -1.01355188e+00
   1.30365779e+00   9.04230254e-02  -6.09979490e-01  -8.41703253e-01
   9.09982369e-02  -2.18370649e-01  -5.45996513e-01  -4.22494932e-01
  -9.12304585e-01   9.33847391e-01  -2.77934573e-01  -1.86167927e-01
   8.23331137e-02  -2.61523605e-01  -1.21234939e+00  -2.53595087e-01
   7.36939569e-02  -2.32429133e-01  -6.79782825e-01  -7.90924637e-01
  -1.15773941e+00   6.82176617e-02  -2.35360454e-01  -1.74776746e+00
   1.65991189e+00   3.69840985e-01  -4.21721642e-01   2.06178059e-01
  -3.58884494e-01  -5.28304341e-01  -1.55006669e-01   1.32703730e+00
   7.30538404e-01   1.71317458e+00  -6.69209646e-01  -5.98305263e-01
   1.21150970e-01   1.48190851e-02   1.89026412e+00  -1.08581399e+00
   1.76758494e+00   6.73564857e-01  -1.02424289e+00   6.36274833e-01
   1.04056778e+00  -5.81744541e-01  -9.10311032e-01   5.28234753e-01
  -5.37281784e-01  -3.49492622e-01  -3.15129378e-01   3.93087786e-01
   6.68781509e-01   1.27210391e+00  -6.82837183e-01   1.69124948e+00
  -7.78897480e-01   9.76344431e-01   6.27522683e-01   6.09574838e-01
  -7.36066544e-01   1.63397120e-01  -1.80521779e-01  -9.99635175e-01
   1.23203302e+00   5.38781246e-02  -1.09132816e+00   7.35792012e-01
  -1.71252104e+00  -6.96312027e-01   4.76562185e-01   5.99768578e-01
  -6.89282660e-01   9.69948224e-01   4.30429335e-01  -1.20245617e+00
   4.22832837e-01  -7.61440557e-01   1.11139598e+00  -3.99209087e-01
  -4.27007780e-01   8.04083748e-01   4.81475269e-01  -5.39953819e-01
   3.93520308e-01   1.43633839e+00  -1.10336366e-01  -1.88007617e-01
   1.30079686e+00   1.25109668e+00   1.10953116e-02   1.09604394e-01
   1.01875702e+00  -6.53587733e-02  -1.41104481e-01   1.32381930e+00
  -8.64387106e-01  -6.23692335e-01   1.26649883e+00   1.31149126e+00
  -2.28146190e-01  -6.27382143e-01   1.72432793e-01   1.58491878e-01
   3.02328126e-02   5.87270193e-01  -1.77214909e-01  -9.13425380e-01
   1.18745844e+00   8.56520436e-01  -1.38283989e+00  -1.02216160e+00
  -8.40398942e-01   1.72225783e+00   1.09946304e+00   9.08869204e-01
  -1.40986552e+00   2.77283472e-01   1.15494752e+00  -3.94127024e-02
   5.46993409e-01   1.12222633e-01  -5.78666891e-02   7.81696119e-01
  -4.49029404e-01  -6.51862515e-01  -4.41757010e-03   2.60747029e-02
   2.25596611e+00  -6.07368578e-01   6.39729764e-01  -1.11675477e+00
   3.70761832e-01  -6.12379843e-01  -5.90027611e-01  -7.55303724e-01
   2.23134666e+00   7.27709205e-02   1.75643703e-01  -1.33412557e+00
  -6.89621151e-02   8.75833849e-01  -1.37434600e+00  -5.84459461e-01
  -1.06985676e+00   1.70902151e-01  -1.65933125e+00  -1.02451130e+00
   6.58389438e-02   4.58752892e-01  -4.22239279e-01  -2.00280439e+00
   9.52422836e-01  -8.65177392e-02   6.10240647e-01  -3.73960456e-01
  -1.50305921e-01   4.78571548e-01  -9.00743033e-01  -4.82531367e-01
   5.24103753e-01   8.33903024e-01  -7.27965155e-02   8.04496346e-01
   1.47439040e+00  -1.73425076e+00  -2.35423342e-01  -1.20045401e+00
  -1.05212747e+00  -1.29663064e-02   7.72267307e-01  -4.96050851e-01
   1.86203481e-01  -2.79524358e-01  -1.76635945e-01   1.23845050e-02
   9.26554458e-01  -5.43437486e-01   3.85480601e-01  -1.43931051e-01
  -1.03991528e+00  -3.80992131e-01   4.01171313e-01  -6.47375897e-01
   5.79034758e-01   3.51106578e-01  -3.54807462e-01   1.61670537e-01
   2.09497069e+00   3.08592282e-01   1.28931314e+00  -1.78523892e-01
   5.80241252e-02  -1.01214826e+00  -5.29545776e-01  -2.49709605e-01
   5.52987445e-01  -1.34932490e-01   1.46377582e+00   9.98226975e-02
  -1.47241577e-01   1.07331855e+00   8.99267475e-02  -7.60353085e-01
   2.45807898e-01   5.63630318e-01   7.54475179e-01  -4.48146538e-01
  -1.71842240e-01   4.34850758e-01   1.13329119e+00   1.61612990e-01
   9.46198978e-02   1.74331311e+00  -3.46098487e-01  -5.82801950e-01
  -1.22462511e+00   3.38458470e-01   6.02937327e-01  -7.45479746e-01
  -1.72799447e-01   1.46842054e-01  -1.79218533e+00   1.47784874e+00
   1.42151718e-01   8.61647618e-01   4.71522674e-01  -2.86795073e-01
  -1.16388272e+00   6.84930548e-01  -3.71759931e-01   8.02999172e-01
  -1.97663298e-01   9.84507045e-01  -1.72770474e+00   6.06232152e-02
   4.74452205e-01   1.33130810e+00  -2.60511408e-01  -1.51878933e+00
  -9.74904296e-01  -7.33900132e-01   1.25965270e+00   3.72705759e-01
   1.01272070e+00  -2.47816438e-01   2.33207077e-01  -9.91967779e-01
   1.93866708e-01  -3.06200885e-02  -1.17575518e+00   7.42539923e-01
   1.06900870e+00  -6.57571940e-02  -8.57191531e-01  -1.50849340e-01
   9.81806395e-01   2.13661322e-01  -9.32520179e-01  -1.06016832e+00
  -5.38684314e-01  -1.86461039e-01  -1.41958873e-01  -5.59671441e-01
  -2.89442849e-03   7.88220384e-02   7.33221562e-01  -2.35739230e-01
   1.61053715e+00  -1.02558408e+00   1.74811974e+00  -5.16448889e-01
   1.03188714e+00  -1.59085914e-01  -1.63701398e-01   1.79467245e-01
   1.56444872e-01  -7.16679727e-01  -8.84875227e-01  -2.79030939e-01
  -6.84800635e-01   7.38723616e-01  -2.39213071e-01  -1.39432064e+00
  -6.90409895e-01  -9.83045852e-01  -7.72081875e-02   9.84021815e-01
   2.14320464e+00   1.65228645e+00  -8.51418517e-01  -1.44151019e-01
  -8.93880492e-01  -1.08641072e+00   8.39742441e-01   8.59823303e-02
  -5.66858936e-01  -4.98044867e-01  -1.59917768e+00  -9.68376722e-01
  -2.34036071e-01   2.57946022e-01  -1.07283215e+00  -5.28532906e-02
  -5.65572363e-01   8.54007200e-01  -1.46408619e+00  -8.44166378e-01
   1.02653780e+00  -3.39574079e-01  -6.97670134e-01  -1.74157715e-01
  -8.25806973e-01  -6.59812776e-01   3.27780121e-01  -4.50260119e-01
  -9.90525166e-01   6.94399066e-01  -4.59796346e-01  -1.86723586e-01
  -6.90315461e-01   2.15422693e-01   9.42273695e-01   1.65971594e+00
  -2.81303691e-01  -1.39342078e+00  -2.48355130e-01   5.40944617e-01
  -1.03299647e+00   1.28002644e+00   5.60327760e-01  -1.32943677e+00
  -9.41609195e-01  -6.16458262e-01  -1.48019130e+00   4.80240809e-01
   8.96571440e-02  -1.25288219e+00   4.69098214e-01  -9.40167201e-01
  -5.81868479e-01   6.51715658e-01   3.32014589e-01   6.05065465e-01
  -1.02718895e+00   5.35103023e-01   9.89585461e-01  -2.13218766e-01
   2.76310380e-01  -8.51928792e-01  -1.38463816e+00  -5.31180018e-01
  -1.61778753e-01   8.52831094e-01   1.18309084e+00   9.89240700e-01
   7.86303181e-01  -9.38892191e-01  -2.54849546e-01  -1.18260552e-01
  -4.51201704e-01  -9.57215107e-01  -2.09315688e+00   4.02907717e-01
  -4.93320357e-01   1.07629677e+00   4.92970322e-01   9.98762375e-01
   1.00329760e+00   1.95197789e+00  -2.20108454e-01   1.92230713e-01
   6.97489169e-01   8.46739993e-03  -1.21875629e-01   2.07939671e+00
   2.06176794e-01   1.26578182e+00  -7.80464466e-01   1.15972107e+00
   4.95538857e-01  -8.27667827e-03  -4.10449925e-01  -9.41033819e-01
  -3.91993586e-01  -7.41062129e-01  -9.86857572e-01  -3.43601311e-01
  -3.38212054e-01   3.17698280e-01  -1.44520490e+00   1.11089833e+00
   1.07338977e+00  -5.51718261e-01   6.10390664e-01  -8.13041214e-02
   3.88333199e-01   2.82831071e-01   1.36962193e+00  -7.26863421e-02
  -1.78055785e+00  -1.80676596e-01   1.55794220e-01  -1.06222413e-01
  -3.28991915e-01   7.18037578e-01   7.99224700e-01   5.56635415e-01
  -3.88764245e-01   2.17949956e-02   1.73403363e+00  -3.34542840e-01
  -6.51741749e-01  -1.58922294e-01   1.10173324e-01  -3.20862994e-01
   2.49979177e-01  -1.11122994e+00  -4.90665609e-01   1.08644138e+00
  -1.54259930e+00  -5.29654566e-01  -1.12678391e+00  -2.44462739e-01
   9.08834023e-01  -1.50647161e-01  -1.34209231e+00  -9.40384576e-01
   1.35452820e+00] [ 0.59508376  2.73426533 -1.58498945 -1.06735237 -0.60390621  0.87137317
  0.9733105  -0.82739621 -0.9475907  -0.37385248  1.08961155  0.64225042
 -0.65834267  0.66738542 -0.87836067 -1.32540345 -0.6043988  -0.40368729
 -0.6782219   1.01426333  1.95016442  1.273921    0.37812354  0.07385309
 -0.91063174  0.24648853 -0.17296989 -1.115083   -1.53765372  0.24230986
  0.59231259 -1.73645634 -2.09339235 -1.73722187 -0.15571376  0.68016758
 -0.30813767  0.12360484  0.44716155 -1.63368873 -0.29881626  0.69391522
 -0.16349672 -0.01863456 -0.7251101   0.54543339 -0.65548439  0.89209611
 -0.96795083 -1.05126105  0.26503429 -2.73862337 -1.79786241 -0.90043189
  0.21333845  1.13188096  0.78173224 -1.73628153  0.86822216  0.35989617
 -2.13385919  2.0264066  -0.94184637  1.83425858 -1.04714745  0.89396111
 -0.39451939  0.30982183 -0.72375304 -0.62533303  0.86809079 -1.2739127
  1.83100839 -0.99188927  1.53933465 -0.67771482  1.01005106 -0.59918556
  0.09526092  0.33382842 -0.35855632 -0.20350043  0.02697167  1.36244389
  0.71907718  0.23373038 -0.96255169  0.5743976  -0.65761136 -0.47814676
 -1.13634626 -0.04033545 -0.52325159 -0.5682674   2.18956404 -1.28329926
 -0.10999275 -0.30549746 -1.01436552  0.22717673  1.61178242  0.24144237
  0.42009502  0.11874658  0.59838094 -1.9045309  -0.4448201   0.57122395
 -0.44139593  0.07768264 -0.81981451 -0.29777239  1.19828397  1.92796277
  1.3247587   0.1220373   0.46105258 -1.36128738 -0.78372792 -1.11218202
 -1.76978797  0.18623387 -0.38022026  1.86544281 -0.14271601 -0.27023039
 -0.1277075  -0.02387931  0.99272416  1.93753351 -0.77495646  1.90474044
  0.10217316  0.67867015 -1.31977807 -1.47400577 -0.33472262 -0.56713349
 -1.94122846 -0.38897058  1.52888533  0.62913638 -1.81878371 -0.36477487
 -0.30374655  1.89431147  1.99550171 -1.59536023  1.23165613 -2.40411945
  0.11898012  0.78322486 -0.39368084 -0.03329514  0.32754453  0.13450351
 -0.20783964  0.71724772  0.41049705 -0.25073884  0.74466742 -2.34658936
 -1.81379145 -0.47268958 -0.88905494  0.5725339   0.9647859  -0.33371296
  0.15839426  0.78322623  1.79537033  0.70956954 -1.46827754 -0.32036367
 -1.0045644  -1.20104979 -0.59463362  1.53226296 -1.24229725  1.50899744
  1.502141    2.22204558  0.23106622 -2.15626805 -1.42088811  0.99847858
 -0.25664859  0.50147977  0.51079302  0.24449328  0.62758633  0.49550655
 -0.64265351  0.78641008  0.46918894 -1.02751854 -0.78821704 -1.10464777
 -0.75938799  1.36648186 -2.21609849 -0.56788657 -0.15533856  0.82952428
 -0.33779814 -0.39319004 -1.11891759 -1.70056751  0.22590341  0.30582992
  0.53677666  1.3240139   0.915189    2.05576096  0.45849269 -0.5331529
  1.48170262 -0.27685025 -1.12263708 -0.79425477 -0.91329574  1.03341625
 -1.24227798  1.38269268  0.36280315  0.41299543 -0.44432567  2.77262359
 -1.42111534 -0.76001588  1.32814064 -0.46849581 -0.81388779  0.48978217
  1.25104674 -0.4605558  -0.46183651 -0.19441388 -1.02223502 -1.20099349
  0.65358421  1.25161627 -1.64340695 -0.74761885 -0.4735066   0.52069028
 -1.61056885  1.36001588 -0.63037509 -0.00923023 -0.35592297 -0.99414357
 -0.2759885   0.42568817  0.09258692 -0.87944387 -2.91267355  0.10138795
  1.5822106  -0.72311296  0.27389215 -0.26736939 -0.32880766  1.27583873
 -2.02635804 -0.05906441 -1.6791201   0.42698127  0.19470152 -1.1209391
  2.01211585 -0.83651395  0.2295273   0.08016997 -1.88947009 -1.28481889
 -0.21089453 -0.41184355  0.56254333  0.24495921 -0.95422946 -0.58191424
  1.4130709   1.10147762 -0.64126679  0.95843912  0.77117012  0.12943438
  0.82830636  0.08280682 -1.04881807  2.45074634  1.6626033  -1.11832356
 -1.781046    1.17504202  1.1025669  -0.94684851  2.11878709 -0.08959347
 -1.27096995  1.81472914  1.6482433   1.1878603   1.65104241 -1.31722225
  1.16136686  1.36888847 -0.13313493  0.65454999 -1.56996172  1.86814964
 -0.91336541 -0.40032749 -1.44820619 -0.22946414 -0.75938354  1.28491282
 -1.37017702  1.01201756 -0.25682517 -1.1688924  -0.08219969  1.69756824
 -1.61449705 -0.77724117 -2.00726619  0.95630943 -1.76549867 -1.04897872
 -0.92240437  0.22368149  1.98510045 -2.08533375 -0.72220265  0.29565856
  0.29084648 -0.69058937 -0.01189834 -2.25531918  0.00705076 -0.64922063
  0.09036806  2.05790542 -0.42823082  0.81303001  0.3616186  -0.5237531
  0.31220494  0.52066154  1.63591769  0.01055271 -0.3699066   1.56099736
 -1.1113307   0.74089723 -0.81649285  0.69025598 -0.49858503 -0.03618767
 -0.64123261  1.15725498  0.81398529 -0.24414048  0.12048972  0.58469221
 -1.36824014 -0.08099304  0.06356855  3.33238611 -1.59224312  1.82815655
 -0.65556565  0.21569691 -0.18468682  1.53318592 -0.6069409  -0.78239324
 -0.08379943  0.84730835  1.6725227   1.50474704  1.14937992  2.21435115
  1.63837103  0.75478903  1.26523031  0.07384176  1.6422483   0.74907696
 -1.74387914  0.60145326 -1.74040579  0.21743479 -0.55181754 -0.1429326
  0.34023948 -1.30748125  1.79972644  1.38779779 -2.44685163  0.35360231
  0.13694726  0.41215297 -2.05984896 -0.66209267 -0.02338979 -0.71500623
 -0.86421197 -1.79577743  0.67615356  1.14846841  0.42495747  1.17827917
 -0.33093566 -0.07663334  1.10511157 -0.35436743 -1.47528375  0.09627595
  1.43927358  0.90560015 -0.62523465  1.35954964  1.28280307  0.7980123
  1.13902958 -0.31407304 -0.38791435  0.78757763 -1.39980855  1.05894846
  2.31179785  0.75814025 -2.29455362 -0.5760732   0.04479559  1.52402498
  0.55816406  0.32461476 -0.44830986 -1.27249546  0.36101108  0.40387861
 -1.78904786  0.40096942 -0.05854571  0.91629065  1.6277394   0.63531072
  0.87067825 -0.23810713 -1.03276527 -0.98468627  0.71826171  0.53864751
  1.69590244  0.03810172 -2.15174936 -1.22177305 -1.21187714  0.98781985
 -1.30922651 -0.1546791  -2.54612096  0.84356479  2.1768811   1.75462462
  0.48600538  0.47732595 -0.52526965  0.76098887 -1.69299382  0.8527552
 -0.82275755 -1.59094596  0.61070263 -1.64422822  1.55257758 -0.75543826
 -1.93590626  1.33391679  1.6844896  -0.55730983 -0.71177278  1.5920238
 -1.2439561   1.44543864 -1.1482025   1.2278518   1.94344354  2.43235375
 -0.56729083 -0.23862337 -0.99598617  0.54016261  0.92960607 -2.05303474
 -0.84847087  0.94237548  0.79612384  2.51240166  0.08717943  0.40297356
  0.13346357 -0.40780693 -2.27410459 -0.18556619 -0.43309684 -1.63473285
 -0.57049433 -0.2231911  -0.64282657  0.6461459  -0.38816802 -0.69285111
  1.03683778  0.32510249  0.60027293 -0.55542661 -0.57695994 -1.3141087
 -0.04697821  0.28283288 -0.26585324 -1.72313445  0.14294563  0.08810222
 -1.36606598 -1.38632669  0.32253953  0.10230088  1.54611215 -0.61807659
 -0.73745818 -0.63490444 -0.03884987  0.99301176  1.99803447  2.09834581
 -1.18226931 -1.05373999  0.49067819 -1.12171918  1.14045438 -0.76191392
 -0.49765821 -0.88132427 -1.34866472  0.80528781 -0.97397145  0.46785006
  0.26833148  1.06721078  0.70758121 -0.07211989 -0.58794548 -2.27169984
 -1.77989892  1.57067782  1.5503087  -1.4990385  -0.03940287 -0.67654296
  1.64125202  1.73477614  0.7708226   1.08675409 -0.63304084  0.08725136
 -0.77434622  0.50396808 -0.79739329 -2.40916537  0.12373244 -0.24048879
  0.36032927 -0.0453222   0.98537408  0.94034366  1.61219138 -0.27881359
  0.20699448 -0.27526314 -1.63410536 -0.89235527  0.8096191   0.80050853
 -0.16526824 -0.42147283  1.34621685  0.37652226 -0.45211411 -0.20459769
  0.29000368  0.23907112 -0.35447086 -0.42039968  1.27248384 -0.25960144
  0.44184568  0.59955002  2.01590329 -0.22459814 -0.92794102 -1.97891736
 -0.90200483  1.29259502 -1.00855575 -1.44072016 -0.61337655  2.86475391
 -0.41763656 -2.34009949  0.08540726 -1.90683949 -0.3519616  -0.72299533
 -1.58564797  1.54150438  2.07785056  3.43190169  0.35580825  0.70585586
 -2.48125293  1.55115062  0.02738014  0.04815304 -0.7030537  -0.59115406
  2.14006041 -0.01424267 -0.83341303 -1.21560937 -0.11654038  2.14718843
  1.12153644 -0.11501797 -0.00433126  0.27130455  0.13311875 -0.183487
 -0.02216985  0.44643907  0.21802812 -0.32400795 -1.63753057 -0.38966775
  0.79181341 -1.28825021  0.07657099 -1.07712395  0.70270725  0.18964679
 -0.39826929  1.66590745  0.84450007 -2.50935046  1.98079138 -0.63008785
  2.17560417 -1.0337847  -1.39315489  0.25229215 -1.28790395 -0.77571733
 -0.75406561  1.44887042 -0.38580205  0.55241831  1.16291242 -0.19472499
 -1.26691389  0.03496141  0.035779   -1.30938129 -1.69122053 -0.94764296
  0.26463014  0.4042615   0.71552814 -1.16459644 -0.81288679  0.62346901
 -0.54250187 -0.46106705 -0.88894235 -0.36860471  0.26301652 -1.30750912
 -0.4454172  -1.73220105  1.27323291 -1.86346543  0.14972003 -1.03750517
 -0.22303395  0.17143573  0.72928014  0.01115593  0.78759278 -0.28724436
  0.01651441  1.62396576 -1.2725301  -0.07338253  0.80321705  0.49545128
 -1.7030795  -0.86980911  0.15314141  1.27754341 -0.31880825  0.64980364
  0.9638159  -0.7887777   0.39483497 -1.45535105  0.04385656  0.16500887
  1.11196606  2.35016109  0.76977438  1.75860765  1.37643767 -0.15236784
  0.90821597  0.89555227 -1.43591276  0.3791757   1.18184733  0.12216781
  0.44220598 -0.11487833  0.09769893  0.17889002 -0.40657894 -0.34700148
  0.94168355  0.84190122 -0.55725319  0.70547347  0.13939232 -0.14732114
 -0.18247368 -1.243987    0.08360241  1.82129113  0.50188057  0.45222429
 -0.08455629 -0.92249252  0.632475    0.86871047 -1.39870878  0.071821
  1.5036499  -0.78573322 -0.82597081  0.16381081  1.52543765 -1.43030739
  1.41162791  0.69963326  1.82927441  0.79869176 -1.04870411 -0.35711809
 -0.20731915  0.06994862 -0.95271984 -1.42616503 -1.00247244 -0.82200069
 -0.93100606  0.77412055 -0.84928107 -0.68216697  1.65881546  3.06288614
 -0.38432    -0.76858678 -0.0197465   0.31647945 -1.02705578  0.43938232
 -0.75130249 -0.01990511  1.81214189 -0.48081378  0.25148884  0.1476301
  0.81419915 -1.17490336 -0.10819477 -1.17246807 -0.54198102 -0.02646977
 -0.84548015 -1.88549485 -0.76055142 -0.05105814 -0.53334641  0.89781601
  0.64132608  1.60975673 -0.10040997  0.62336676 -1.75467536  1.52200088
  0.60466356  2.67212003 -1.46773643  0.44578274 -0.71667721 -1.34396555
 -0.86954195 -0.24659884  0.2400641  -0.61945973  0.29428774 -0.58875686
 -0.85207269  0.88951655  0.64100133 -0.81977067  0.87569334 -0.08098619
 -1.50610776  0.49961919 -0.93077655  1.40116446 -1.33268252  1.10563916
  1.99680161 -0.42659265 -0.3723372  -0.3522074  -0.45225929 -0.40962901
  1.39196798  0.91174021  0.19734154 -0.10193504 -0.52955155 -0.78622134
  0.53469009  1.37671119  0.91185621] [ -2.96831501e-01  -8.38416276e-01  -5.21286184e-01  -1.32324506e+00
   4.25730735e-01  -5.05979088e-01   2.13967073e+00  -2.37420236e-01
  -1.73000678e+00  -6.41985048e-01  -6.20605369e-01  -1.31686093e+00
  -1.65500809e+00   1.63244408e+00   4.92298886e-01   1.16694862e+00
  -2.17000649e+00   1.56494273e+00  -6.59375030e-01   1.24520054e+00
  -8.35310198e-01   2.46614747e+00   8.67222167e-01   8.17875738e-01
  -4.59564772e-02   4.55499219e-01  -3.67022048e-01  -1.96979630e-01
   3.25675844e-01  -1.23933272e-01  -6.12785241e-01   4.34904465e-01
  -1.00712474e+00  -3.55324051e-01   1.24678002e+00  -3.30042442e-01
  -3.12918812e-01  -1.09812145e-01  -5.50332649e-01  -4.99419496e-02
   1.96027965e-01   1.39610349e+00  -1.38786622e+00   8.07812033e-01
   3.95904182e-01   1.33162838e-01   2.26937434e-01  -2.10234383e-01
  -3.10389125e-01  -1.03928192e+00  -5.17423253e-01  -2.59714965e-01
   4.21324242e-01   5.52400911e-01   3.28566285e-01   8.05032199e-01
   2.13393798e+00   6.39714547e-01   2.59174762e+00   1.58695506e+00
   6.93089801e-01   1.77374973e+00   2.18005506e-01  -5.71626510e-01
   1.91144989e+00  -4.60804115e-01  -1.26587553e+00  -8.50456726e-01
   1.21852298e+00  -1.50035540e+00  -1.09720373e+00   1.31455051e+00
  -1.68774415e+00  -1.10162702e+00  -1.39679066e-01  -3.67216111e-01
   5.50639209e-02  -1.18361114e+00   3.09105373e+00   1.38633733e+00
   8.86169934e-02   1.42054787e+00   7.22416331e-02  -1.18002467e-01
  -1.18733271e-01   4.51847161e-01  -1.75316522e-01   2.62967882e-01
  -1.01336141e+00   4.60514906e-01  -1.38399604e+00  -1.59821727e+00
  -3.08720906e-01   2.14564494e+00  -8.82688746e-01   1.53629889e+00
   3.54523580e-02  -9.18168374e-01  -6.60940236e-01   5.72099550e-01
  -6.32061177e-01   7.58806108e-01  -9.68947644e-01   2.20846456e+00
  -1.63368736e-01   1.06155180e+00  -3.66731295e-01  -1.02122547e+00
  -2.13467987e+00   2.60910599e-01  -6.81876864e-01   1.56639865e-01
   1.00070676e+00   1.89937317e+00   5.38585871e-01  -7.75457322e-01
  -4.97175081e-02   7.14241181e-02  -1.94912826e+00  -8.93298201e-01
  -3.19290647e-01  -9.77144831e-01   4.08830090e-01  -1.06501713e+00
   2.57199612e+00   7.47023675e-01   7.34409486e-01   1.71621626e+00
  -1.39866865e+00   1.04980907e-01  -9.09457367e-01   3.75266568e-01
   1.40835414e-01   1.70941349e+00  -9.70115314e-01   5.14681472e-01
   2.31035082e-01   9.12309705e-01  -3.13052162e-01  -1.38158979e+00
  -3.83859776e-02  -4.85868820e-01  -1.38871485e+00  -1.39545700e+00
  -1.91367845e+00   2.05203987e-01  -8.60317193e-02   8.00625345e-01
  -1.41969953e+00  -3.71915849e-01   6.31213254e-01  -1.31860751e-01
   1.25464939e-01   5.65848941e-01  -1.99922737e-01  -2.09184287e-01
  -1.54793300e+00  -1.25269630e-01  -9.16722566e-01   9.75558725e-01
  -1.18259694e+00   5.31208132e-01  -1.28193476e-01  -2.97255883e-01
  -1.95967140e-01  -3.34583664e-01  -1.31211418e+00   4.83032231e-01
   4.72246718e-01   2.04172521e+00  -5.33379323e-01   1.39072594e+00
  -5.22361313e-02  -1.13813805e+00  -7.67410163e-01   5.46111834e-02
  -1.00925271e+00   1.12503870e+00   8.86399587e-01  -5.39565943e-01
  -8.28049235e-01  -3.76513785e-01   7.40944401e-01   7.50201727e-01
  -9.25675021e-01   9.06401844e-02   1.05336124e+00   1.42331617e-01
   6.29391870e-01   1.34493973e-01  -7.38781060e-01  -4.25924616e-02
  -2.20892632e-02   2.27193344e+00  -1.19943230e+00  -3.32869847e-01
   5.77229811e-01   7.88336635e-01   1.49247737e+00  -2.83959377e-02
   3.21266942e-01  -5.47109920e-01   6.06326205e-01  -1.75605951e-01
   2.80273286e-01   6.86132770e-01   3.49024783e-01   8.47321713e-01
  -9.77388632e-01   2.47503092e-01   9.86416776e-02   4.90770291e-01
   6.36149079e-01   2.14941704e+00  -9.12563485e-01  -7.80318648e-01
  -9.42292329e-01  -4.56824102e-01  -2.92693827e-01   1.02835773e+00
   3.18270128e+00   3.54313449e-01  -6.25540148e-01   2.93911817e+00
   5.51799415e-01  -3.48589458e-01   3.50418968e-01  -1.28780231e+00
  -1.43305613e+00  -6.90410527e-01  -1.08077718e+00  -1.02797059e+00
   7.07447360e-01   1.14673278e+00   1.27160668e+00  -9.92089470e-02
   9.48347764e-02  -3.80480022e-01   1.13099425e-01  -1.02686739e+00
   1.13612545e+00  -1.47437081e+00   8.18070308e-01   5.51438437e-01
   2.20259465e-01  -9.62205289e-01  -1.18453975e+00   3.17308919e-01
  -5.10708551e-01   7.90289324e-01  -1.30889889e+00  -4.41797606e-01
  -6.00258921e-01   2.00562676e+00  -7.85710818e-01   3.54554133e-01
  -9.00701868e-01   2.66122203e-01   5.38382768e-01   1.03601411e+00
  -1.21370471e+00  -5.46965966e-01  -2.29592297e-01   7.26389100e-01
  -4.64337099e-01  -6.08398171e-01  -1.49368646e-01  -3.88445335e-01
   4.32733784e-02  -7.69540626e-01  -6.03467468e-01  -1.89833091e+00
  -1.14741475e+00  -1.15954120e+00   3.90740631e-01  -4.18485552e-01
  -1.55505289e+00  -1.11353391e+00  -1.89510666e+00   3.70789024e-01
   6.16668901e-01   1.28661166e+00   5.82327690e-02  -4.97223223e-01
  -7.71811286e-02  -4.79368459e-01   3.80741049e-01   9.94796966e-02
  -1.38198804e+00  -2.65941301e-01   5.31425797e-01  -1.52444640e-01
  -1.04930230e+00  -2.25322192e-01  -5.63905235e-02   6.04619432e-01
   6.64705818e-01  -2.45410844e-01  -1.11992444e+00   2.28431816e+00
   1.59688757e+00   1.06849677e+00  -8.78068604e-01  -7.82010247e-01
  -7.21557769e-01   8.40428775e-01  -1.31542467e-01  -8.14335467e-03
   2.08379023e+00   3.50049786e-02   1.28332553e+00  -9.22468706e-01
  -4.01926171e-01   2.89556087e-01  -1.01019756e+00  -1.48738333e+00
  -1.11236101e+00  -1.48784697e+00  -2.81284937e-01   5.87643407e-01
  -5.90297234e-01  -1.33996505e+00  -1.38330249e+00   8.98411912e-01
  -3.26641489e-01   4.79637269e-01  -1.00251172e+00  -1.03481463e+00
   1.34909081e+00   1.37747163e+00  -3.06436727e-01   3.25114207e-01
  -4.83533175e-03   7.36268191e-01   7.23691080e-02   6.71320120e-01
   3.92200485e-01  -3.79923419e-01  -1.63846747e+00   6.78600487e-01
  -1.32063837e+00  -1.47927284e+00   5.29049026e-01  -1.21089553e+00
  -1.08858914e-01  -5.03636520e-01  -3.14659804e-01   2.80850776e-01
  -8.78330478e-01   1.99135311e+00  -8.09924297e-01   3.29108170e-01
  -1.49321118e+00   5.78911130e-01  -1.97606336e+00  -1.19725504e+00
   1.39617798e+00   4.83328463e-01   9.65254333e-01   8.45214184e-01
   6.21704342e-01  -8.22025651e-02   1.92579633e-01  -7.60945100e-01
  -1.66960881e+00  -3.21194436e-01   1.04908203e+00  -3.91895619e-01
  -7.49269663e-01  -2.74887460e-01  -1.28547137e-01  -9.14667712e-02
   1.21656039e+00   1.53438909e-02  -8.72659917e-02   2.14487869e-01
  -6.99638501e-02  -4.85379946e-01   2.29425552e-01  -7.18308367e-01
  -2.96723086e-01  -1.11792191e+00   2.31301629e+00  -1.90503832e-01
   1.72317991e+00   2.96517656e-01  -1.72008420e-01   1.81504147e+00
  -9.14319062e-02   1.17511656e+00  -9.89089732e-01  -8.24666961e-01
  -5.95737065e-01  -1.67510595e-01   8.17649186e-02  -8.13654098e-01
  -9.82209217e-01   5.17615180e-01  -5.78922708e-01   1.45146647e+00
   8.44185793e-01  -5.34544231e-01  -1.08794171e+00  -1.10557752e+00
   9.91514898e-01   2.21456486e+00  -5.52431339e-02   7.35970307e-01
  -3.68621537e-01  -1.95479844e-01   3.66845707e-01   4.79570415e-01
   2.15073003e-01  -1.97502078e-02  -1.62888500e-02  -1.95072388e+00
   4.10742794e-01   1.34686834e+00   7.10000367e-01   8.52732856e-01
  -1.67539490e+00  -3.98653380e-01  -2.12828743e-01   1.99519624e+00
   1.19129205e-01  -1.03260990e+00   5.71984399e-01   8.23119618e-01
   4.84833881e-01  -1.53940044e+00   1.68267830e-01  -2.10980949e-01
  -8.95377739e-02  -7.19378156e-01  -9.42294636e-02  -5.68457716e-01
  -3.96127776e-01   4.98035681e-01  -4.05225515e-01   1.17440606e+00
   1.30614629e+00   7.63919554e-02   8.90531285e-01   2.21842060e-01
   3.08319276e-01   1.75303125e+00   8.93646986e-01   6.90086449e-01
  -3.01641142e-01  -8.51941038e-01  -9.23161099e-01   4.55551910e-01
  -9.36980437e-01  -1.83693313e+00  -4.20462302e-01  -7.35849764e-01
   3.53068001e-01  -9.92291068e-01   1.03855282e-01   1.06340981e-01
  -2.31773558e-01  -1.94604251e-01   1.56733309e+00   1.89947793e+00
   9.44749212e-01   1.91398895e+00  -5.31823869e-01   1.13116972e+00
   5.33543583e-01  -2.01130810e-01   1.94214837e-01   5.48587499e-01
  -1.02877730e+00   1.72473675e-01  -2.89640446e-01  -6.83773222e-02
  -5.92559420e-01   3.24562586e-02  -8.34683575e-01  -9.45099554e-01
   9.36165210e-01   3.65389075e-01   9.59073257e-02  -2.03557312e-01
  -5.17457544e-01   1.75303343e+00   8.14933923e-01   9.22420957e-01
   7.15090370e-01   2.74301857e-01  -3.41903272e-01  -4.77059328e-01
  -1.50211839e+00  -4.30206196e-02   5.76623307e-01  -5.48773606e-01
  -9.78978661e-01  -8.74297645e-01  -4.73693866e-01   5.82118122e-01
   6.96592980e-01  -6.16139931e-01  -8.27033389e-01  -1.52970320e+00
  -3.31554117e-01   8.31524640e-01  -1.92825998e-01   1.04356215e+00
  -1.62078181e+00   2.08522222e-01   1.01369631e+00   2.01308636e+00
  -2.70813762e-01   1.84142739e+00  -1.58976295e-01  -1.43491951e+00
   1.53535517e+00   1.23313639e+00  -1.01098323e+00   4.62443165e-01
  -3.96032459e-01  -1.08998860e+00  -2.41567992e+00  -1.31987878e+00
   1.80292426e+00  -4.01646436e-01   1.10403119e+00  -8.05765653e-01
   6.27720900e-01  -5.03915462e-01  -6.22923533e-01  -8.12651692e-01
   9.81009385e-02  -1.43360446e+00   5.26482868e-01  -1.59637792e+00
  -4.54586455e-01   1.99362340e+00   9.49034244e-03  -7.55474025e-01
  -1.10462538e+00  -1.19476934e+00   1.25916827e+00   1.12146789e+00
   7.83964414e-01   1.65811040e+00  -2.60593924e+00   9.38357117e-01
   3.42034808e-01   9.26788753e-01   6.65718038e-01  -7.26511990e-01
   8.63740636e-02  -2.96694884e-01   7.17803428e-01   3.57135070e-01
  -2.04308488e-01  -6.76728521e-01   1.70768620e+00  -1.00010491e+00
   1.04151051e+00  -1.80836804e-01   1.93788029e+00   1.39344844e+00
   1.61564240e+00  -7.75265196e-01   2.02287360e+00  -1.18843835e-01
   8.10144493e-02  -8.15115287e-01  -1.34196811e-02   8.04110974e-03
   8.63038143e-01   5.79817394e-01   1.51503327e+00   1.12542881e+00
  -2.56866022e-01  -1.43321013e+00   2.07118838e-01   6.24466275e-02
   4.76533092e-01  -2.11827348e-01  -3.50117704e-02  -7.70721033e-01
  -9.12259986e-01   1.57051621e+00  -1.74826874e-01   1.92571708e+00
  -4.61023707e-01  -1.47284327e+00   3.98794759e-03   1.29809276e+00
   9.72201669e-01  -1.70452056e+00  -8.52075731e-01   1.57857106e+00
  -9.85811108e-01  -1.54596782e+00   2.48443901e+00  -3.22450241e-01
   5.59951032e-01  -1.14667788e+00   2.26837447e+00  -3.56243734e-01
  -1.01533598e-01  -9.44247048e-01  -6.19853491e-01   1.97434128e+00
  -6.31503421e-01  -5.50970442e-01  -1.49967148e-01  -8.45917895e-01
  -1.05586054e+00  -1.98120286e+00  -5.82353968e-01  -5.01489122e-01
  -8.03017869e-01  -6.74867079e-01  -8.81271289e-01  -9.78216790e-01
  -1.59258800e+00  -1.20127115e+00  -5.95425909e-01  -5.25355903e-01
   2.34449064e-01  -1.56268869e+00  -1.44909081e+00  -7.36733358e-01
  -2.15180131e+00  -1.27912111e-01  -9.51122445e-01  -1.32237772e+00
   1.08798011e+00  -8.00886356e-02   7.84155812e-01   1.31865426e+00
  -2.19032302e-01   1.10590679e+00  -1.01831801e+00   2.72463274e-02
  -5.68843435e-01  -1.38381280e+00   1.24330356e+00  -1.51673584e+00
   1.35356748e+00   4.39257086e-01   1.98499418e+00  -2.52772711e-01
   1.64835240e+00  -7.87490933e-01   4.82278449e-01   2.80286758e-01
  -1.18754632e+00  -1.44407988e+00  -1.05889951e-01  -5.57755799e-01
   1.53544110e+00  -3.32575738e-02  -4.39064130e-01   6.96378785e-01
  -2.35551997e-01   1.97328700e+00   1.95952406e+00   8.91188571e-01
   4.79362249e-01   1.38617230e+00   4.45852929e-01   7.44008938e-01
   2.66547892e-01  -1.45494701e-01  -7.24223147e-01   1.27722372e-01
   1.07383546e+00   1.55006725e-01  -1.00565401e+00   4.59210865e-01
   1.20733737e+00   8.57979604e-01   1.03262745e-01   2.69925736e-01
   6.32424721e-01  -7.21969923e-01   1.22535480e+00   1.76664346e+00
   3.37109064e-04   2.20731414e+00  -8.73538594e-01   1.35780377e-01
  -1.20377907e+00  -3.92893708e-01  -8.84945971e-01  -8.01776448e-01
   5.15239846e-01  -1.09100702e+00   1.55696597e+00  -1.43192461e+00
  -6.01492920e-01  -1.57084853e-01   1.42182982e-01  -4.41531949e-01
  -1.31427983e+00   2.13662314e+00  -1.10177223e+00  -1.22547491e+00
   7.47042298e-01   1.02916774e-01   2.33262809e+00  -7.76377268e-01
  -1.11809330e-01  -9.58468335e-03   2.07106763e+00   1.43168730e-02
  -1.12103880e-01   1.53507628e+00  -9.44121155e-01   2.82778745e-01
  -8.28596945e-02   9.74207432e-01   7.36482966e-01  -3.49856288e-01
  -5.76152292e-01  -6.50362051e-01   1.55049409e+00   1.03985688e-01
  -2.54298726e-01  -3.25898786e-01  -8.51879729e-01   2.53371136e+00
   6.85960172e-01   1.48564038e+00   6.68461960e-01  -4.29224060e-01
  -1.96078108e+00   5.02528758e-01   2.63384371e-01  -4.29681402e-01
  -8.86880801e-02   2.70933825e-01   4.76039086e-01   2.72295867e-01
   6.51721827e-01  -1.62867422e+00   4.18053505e-02  -9.92116250e-01
  -4.43275692e-01  -1.27177459e-01   3.36017582e-01   6.62380378e-01
   1.27954438e+00  -7.13339123e-01   1.04595884e+00  -1.20547726e+00
  -3.32523397e-01   2.36787787e+00  -6.65144545e-01  -1.12877193e+00
   1.54071603e+00   1.90398075e+00  -1.88366978e-01   2.49604801e-01
  -9.62188294e-01  -4.83251158e-02  -2.97970143e-01  -8.48501165e-01
   1.11011887e+00  -8.00955023e-01  -1.12916561e+00   1.03434981e+00
   3.71976003e-01  -1.30639228e+00  -1.15191500e+00   2.69776038e-02
   1.18794273e+00  -1.35790798e-01  -1.29064073e+00  -8.02786439e-01
  -1.53556182e+00  -9.01598991e-01  -4.19919238e-02  -2.97828668e-01
   5.79356394e-01  -3.37431993e-01  -1.18194496e+00  -2.64033598e-01
   8.07660815e-01  -7.04843263e-01  -1.72048007e+00   1.05672036e-01
   8.08121195e-01  -1.58176397e+00  -8.00988393e-01  -2.06770503e-01
   1.58146200e-01  -1.05816535e+00   1.77307634e-02  -8.16276425e-01
  -1.79085015e+00  -6.61099056e-01  -1.48710722e+00   7.79551042e-01
   5.02512776e-01  -9.42326599e-01  -5.85076517e-01  -2.56593618e-01
   1.29481088e+00   1.97011023e+00   1.33304498e+00   7.49790147e-01
  -7.27388346e-01  -1.84016574e+00   9.18241904e-01   1.85589259e-02
  -1.00431128e+00   1.68663580e+00   3.04254713e-02  -1.16252373e+00
   1.55065914e-01  -9.53517714e-01  -2.52604465e-02   3.07844437e-01
   1.07231898e+00  -3.33930835e-01  -1.36603226e-01  -6.59820107e-01
   5.99358911e-01  -2.25902740e+00  -2.05313886e+00   2.08709489e+00
  -4.51213781e-01  -6.93556103e-01  -8.35260966e-01   1.49875072e+00
   3.35221317e-01   1.81338448e+00  -1.20712567e+00  -2.38884325e+00
   1.21850363e+00  -1.21395909e-01   1.02428738e+00  -4.98211424e-02
   1.53492307e+00  -4.24547900e-01   1.92926097e+00   6.92332560e-01
  -1.21909346e+00  -3.55625219e-02  -6.43460316e-02   1.20185044e+00
  -9.86673333e-01]

*** Componentes principais [T] (somente originais):
[-2.013501   -2.91105354 -0.76289323  0.91944902  0.78836744  0.59575109
  1.49057514] [ -4.94949951e-01   2.36575444e-01   1.65233403e+00  -9.76742449e-02
  -3.97354541e-01  -6.53155798e-04  -5.90469762e-01] [ 0.59508376  2.73426533 -1.58498945 -1.06735237 -0.60390621  0.87137317
  0.9733105 ] [-0.2968315  -0.83841628 -0.52128618 -1.32324506  0.42573074 -0.50597909
  2.13967073]

*** Contribuições (autovetores) [P] (idem para todos e originais) ###TABLE VI.### Percentages of the contributions from each musical characteristic on the four new main axes.

C1 [18.992353783714822, 13.275304679639072, 2.9089565658964425, 19.86872153746841, 11.883451959328683, 5.7920468177244402, 12.768578627223292, 14.510586029004829]
C2 [5.7662646512600908, 14.397087185754534, 18.926643125884151, 6.2505914236738844, 3.440899691738796, 19.050955607676944, 11.109578688315457, 21.057979625696149]
C3 [4.1210288256918641, 14.891107195571433, 21.857375276011922, 9.029334610249256, 17.426142472929559, 14.744535721944613, 8.571998372321973, 9.3584775252793886]
C4 [15.755822228775859, 8.1311407219005183, 9.7463832177367387, 7.0193282703561728, 19.408284833823668, 19.413755737564205, 19.749708093822598, 0.77557689602024349]
princ_orig [[ -2.01350100e+00  -4.94949951e-01   5.95083762e-01  -2.96831501e-01]
 [ -2.91105354e+00   2.36575444e-01   2.73426533e+00  -8.38416276e-01]
 [ -7.62893231e-01   1.65233403e+00  -1.58498945e+00  -5.21286184e-01]
 [  9.19449019e-01  -9.76742449e-02  -1.06735237e+00  -1.32324506e+00]
 [  7.88367437e-01  -3.97354541e-01  -6.03906206e-01   4.25730735e-01]
 [  5.95751086e-01  -6.53155798e-04   8.71373166e-01  -5.05979088e-01]
 [  1.49057514e+00  -5.90469762e-01   9.73310505e-01   2.13967073e+00]]
princ [[-2.013501   -0.49494995  0.59508376 -0.2968315 ]
 [-2.91105354  0.23657544  2.73426533 -0.83841628]
 [-0.76289323  1.65233403 -1.58498945 -0.52128618]
 ..., 
 [ 0.38798038 -1.34209231  0.53469009 -0.06434603]
 [-1.64776604 -0.94038458  1.37671119  1.20185044]
 [ 0.78302967  1.3545282   0.91185621 -0.98667333]]

###TABLE VII. TABLE VIII###.


*** Oposição:
[1.0, 1.0253994930034407, 0.26498209509809956, 0.21278145570550328, 0.34499975278677897, 0.051404998312723459]

*** Inovação:
[3.3825509249202308e-08, 0.99252725544891707, 2.3191142915682894, 1.5818651777332216, 1.2381369295605542, 2.8539868701087716]

*** Dialéticas:
[2.8887361146154507, 2.2499596716891519, 0.97497634549761003, 0.35399822322961677, 0.61199834736250736]
[ 1.          0.74799113  0.24498711  0.          0.10178572]
dados [[-0.56470402  0.89854492 -0.44642767 ..., -1.12362535  1.18619992
   2.28431919]
 [-0.58743529  1.78380946  0.77760808 ..., -0.90264159  0.09137208
  -0.1592755 ]
 [ 0.23182048 -0.81781325 -1.93321225 ..., -0.64095418  0.78084576
   0.68596589]
 ..., 
 [ 2.1763387  -1.73376112  0.7674125  ...,  0.04846481 -1.25291047
   0.61171353]
 [-0.14604103 -1.0185905  -1.36365342 ...,  0.87134561  1.27358127
  -0.88577442]
 [-0.54948104  0.51390648  1.79595273 ...,  0.11300314 -1.05073709
  -1.98884526]]
###TABLE V.### Average and standard deviation of the deviations for each composer and for the first 4 eigenvalues.
main_means [2.3991610206212957, 3.072480857664353, 2.1147729845873022, 1.5740169932892809, 1.5547756545166722, 1.408816529791038, 1.9614828993169706]
main_stds [0.95678270195410597, 1.0143805958731931, 0.89778688443263521, 0.77519588890335611, 0.8084065143764203, 0.72265655335418755, 0.9133087328460282]
eigenvalues means [-0.13808637 -0.03640792 -0.03645109 -0.0072093 ]
eigenvalues stds [ 0.00444453  0.00288124  0.00247983  0.00222113]
