*** arquivo_notas: notas_compositores.txt qtd_aleatorios: 6000000 std: 1.1

*** Dimensões da tabela de notas: (935, 8)

*** Tabela geral de notas:
[[ 3.          8.          5.         ...,  5.          3.          7.        ]
 [ 2.          6.          9.         ...,  2.          1.          5.        ]
 [ 6.          4.          1.         ...,  7.          2.          2.        ]
 ..., 
 [ 6.23761847  7.61793593  2.91229456 ...,  4.799654    4.07774647
   8.81799817]
 [ 6.62799817  7.14803191  4.58903064 ...,  4.05768326  2.37592745
   5.85959531]
 [ 2.33171073  9.00543128  4.79578526 ...,  5.14045533  3.06968193
   7.77961628]]

*** Matriz de covariância:
[[ 1.   -0.16 -0.08  0.71 -0.17  0.19  0.54 -0.17]
 [-0.16  1.   -0.14 -0.17  0.19 -0.49 -0.19  0.36]
 [-0.08 -0.14  1.   -0.21  0.25  0.07  0.44 -0.03]
 [ 0.71 -0.17 -0.21  1.   -0.36  0.22  0.44 -0.07]
 [-0.17  0.19  0.25 -0.36  1.   -0.24 -0.02 -0.24]
 [ 0.19 -0.49  0.07  0.22 -0.24  1.    0.33 -0.13]
 [ 0.54 -0.19  0.44  0.44 -0.02  0.33  1.   -0.06]
 [-0.17  0.36 -0.03 -0.07 -0.24 -0.13 -0.06  1.  ]]

*** Pearson (igual matriz covar.):
 ###TABLE III. Pearson correlation coefficients between the eight musical characteristics.
['1.0', '-0.16', '-0.08', '0.71', '-0.17', '0.19', '0.54', '-0.17']
['-0.16', '1.0', '-0.14', '-0.17', '0.19', '-0.49', '-0.19', '0.36']
['-0.08', '-0.14', '1.0', '-0.21', '0.25', '0.07', '0.44', '-0.03']
['0.71', '-0.17', '-0.21', '1.0', '-0.36', '0.22', '0.44', '-0.07']
['-0.17', '0.19', '0.25', '-0.36', '1.0', '-0.24', '-0.02', '-0.24']
['0.19', '-0.49', '0.07', '0.22', '-0.24', '1.0', '0.33', '-0.13']
['0.54', '-0.19', '0.44', '0.44', '-0.02', '0.33', '1.0', '-0.06']
['-0.17', '0.36', '-0.03', '-0.07', '-0.24', '-0.13', '-0.06', '1.0']

*** Autovetores (raw):
[[ 0.49 -0.15  0.3   0.29 -0.29  0.67  0.18 -0.01]
 [-0.34 -0.27  0.54  0.07 -0.16  0.01 -0.61  0.35]
 [ 0.05  0.61  0.3  -0.38 -0.51 -0.06 -0.13 -0.34]
 [ 0.48 -0.32  0.18  0.18 -0.27 -0.72  0.09 -0.05]
 [-0.16 -0.35  0.3  -0.66 -0.03  0.03  0.54  0.16]
 [ 0.44  0.25  0.43 -0.17  0.71 -0.03 -0.14  0.07]
 [ 0.37  0.14 -0.39 -0.32 -0.23  0.03 -0.18  0.71]
 [-0.23  0.48  0.26  0.42 -0.04 -0.16  0.48  0.47]]

*** Autovalores (raw):
[ 2.58  1.6   1.27  1.11  0.55  0.39  0.25  0.23]

*** Autovalores prop (raw):
[ 0.32  0.2   0.16  0.14  0.07  0.05  0.03  0.03]

*** Autovalores (var. %) ###TABLE IV### New variances after PCA, in percentages for scores on III.:
[32.0, 20.0, 16.0, 14.000000000000002, 7.0000000000000009, 5.0, 3.0, 3.0]

*** Dados finais:
[[-2.41589445 -3.35601504  0.88648452 ..., -0.54680174 -0.12054998
  -3.06598065]
 [ 0.35085586  0.71350109 -1.87164325 ...,  0.08886287 -0.80569974
   0.7817306 ]
 [ 0.46861106 -0.36557443 -0.95936971 ...,  0.40074563  0.45171235
   0.56560652]
 ..., 
 [ 0.04258678  0.16732262  0.53408855 ..., -0.33218285 -0.4599971
   0.16888894]
 [-0.14739769  0.36313244  0.1005502  ...,  0.14491485 -0.12817658
  -0.64472013]
 [ 0.09831484 -2.20709256 -1.89774217 ...,  0.86038876 -0.90374122
   0.55289535]]

*** Componentes principais [T] (todos):
[ -2.41589445e+00  -3.35601504e+00   8.86484522e-01  -2.04584533e-01
   6.31742124e-01   1.00371974e+00   2.53697594e+00   3.67418019e-01
   6.87405633e-01  -7.49633294e-01   1.22684448e+00  -2.23736242e+00
  -3.66403359e+00   1.36656729e-01  -1.94906414e+00   6.71656862e-01
  -2.48056026e+00  -4.88978895e-01   3.12979552e-01  -2.14470300e+00
  -2.53692679e+00   2.95444596e+00  -7.48533490e-02   6.10246758e-01
   8.94531846e-01  -1.13889923e+00  -2.19080058e+00   1.34282944e+00
  -8.27857421e-01   2.68513579e+00   7.52317107e-01   1.46833844e-01
  -2.08429358e+00   1.10332603e+00  -2.11211236e-01   2.88128220e+00
  -2.81293784e+00   5.75631260e-01  -9.80672805e-02   1.85427172e+00
   1.23935175e+00   2.26023393e-02  -1.19269417e+00  -3.28522718e+00
   2.72505854e-01  -2.87132764e+00   1.29143665e+00   1.96470411e+00
   5.90098263e-01  -1.61752305e+00   1.44936567e+00   1.37555165e+00
  -2.15391671e+00   8.99932560e-01   2.35811836e+00   2.57052194e+00
  -2.27207485e+00   1.16306190e+00  -5.28022419e-01   4.51234660e-01
   9.50117030e-01   1.77915997e-01   5.41694591e-01   9.04547440e-01
  -2.38759706e+00  -6.08420024e-02   1.13823566e+00   2.18233485e+00
   3.60092732e+00  -2.25455392e+00   1.40290605e+00   2.11902368e-02
   1.44289582e-01  -5.37164932e-01   1.40466324e+00  -1.70757906e+00
   2.85254123e+00  -1.26772000e+00   1.61483322e+00   8.97223517e-01
  -1.88504570e+00   1.11351402e+00   1.41867112e+00  -2.33596612e+00
   2.52484120e+00   1.47810897e+00   2.29090087e+00   9.21428215e-01
   1.51856853e+00  -1.99757492e+00   5.52259882e-01   3.84967467e-01
  -7.43765104e-01  -2.13644871e+00   9.76968147e-02   1.20988505e-01
   1.11411703e+00   7.23667030e-02  -7.85813421e-04   1.36275266e+00
  -2.78838602e+00   2.58942534e+00  -2.38138615e+00  -6.33598622e-01
  -3.17663613e+00  -3.82213709e+00  -3.99294213e-01  -1.66449241e-01
   7.80025967e-01   9.24959161e-01   8.11770530e-01  -1.06875996e-01
   4.85779768e-01   1.90912994e+00   6.14228235e-01  -1.80400796e+00
   1.71264317e+00   9.17221506e-01  -2.99892536e+00   8.18354800e-01
   9.61841703e-01  -1.88818209e+00  -2.28233552e+00   9.71727172e-01
  -3.43793019e+00   1.03499645e+00  -1.95667533e+00  -4.70811396e-01
  -2.88261042e+00  -2.49438810e+00  -2.00436506e+00   2.69754133e+00
   1.14306041e+00  -2.51683357e+00   1.61877575e+00  -2.69625913e-01
  -1.95684061e+00   2.27561455e+00   7.93100568e-02   1.17444602e+00
   9.42565835e-02   7.12330180e-01   1.08802358e+00   2.92409335e-02
   9.82774794e-02  -3.21210802e+00   2.52030099e-01   5.12591717e-01
   8.91223937e-01   1.16994310e+00   1.95131220e-01  -6.27999374e-02
   1.38518162e+00  -1.04806206e+00   2.51541167e+00   2.23912746e+00
  -1.75537685e+00   1.20210757e+00   1.55870599e+00  -6.52554430e-01
   1.21492215e+00  -2.23267922e+00   1.56700376e+00   7.58567457e-01
   5.29231677e-01  -1.83043141e+00   1.04503229e+00   5.48626188e-01
  -2.80501175e+00   8.19835755e-01   4.61098569e-01   3.27875764e+00
  -2.71413382e+00   2.55719047e+00   3.81155449e-01  -9.26211217e-03
  -4.49949032e-01  -2.38380212e+00  -2.05839434e+00  -9.79004865e-02
   1.03140994e+00   3.14940201e-01   1.17288405e+00  -2.58066410e+00
   6.89173192e-01  -2.44926000e+00   1.66052751e+00  -2.48853970e+00
   1.22653594e+00  -8.22528904e-01   5.27807111e-01   8.94852365e-01
   2.10227600e+00   2.98110207e-01   5.78164738e-01  -2.47483793e+00
   2.02351061e+00  -4.99162560e-01   1.61777994e+00   1.75700815e+00
   4.83066212e-02  -2.49571159e+00  -2.96286755e+00  -3.71242098e+00
   3.55324306e-01   2.06838973e+00   1.37711053e+00   1.35594994e+00
  -1.95384889e+00   6.32683434e-01  -2.46027320e+00  -2.31102734e+00
   1.09964669e+00  -2.55360386e+00   1.93474252e-01   5.67734029e-01
   1.87830553e+00  -3.75617304e-01  -2.99892075e+00   5.00687951e-01
   1.36107417e+00  -1.01046376e+00   1.46527978e+00   2.71301150e+00
   7.73819690e-01  -8.45672220e-02   1.36774758e+00  -1.88883650e+00
   2.29432566e+00   1.19648006e+00   1.79901108e-01  -8.92621547e-02
  -2.43290049e+00   5.99744714e-01   1.24730243e+00   6.34605479e-02
  -2.31980120e+00   7.71494686e-01   2.32394318e+00   1.25898689e+00
  -2.38422486e+00   5.33849547e-01   4.42322788e-01   1.68250530e+00
   1.14363848e+00   1.58505351e+00  -2.15480099e+00   1.39661165e+00
  -7.96263327e-01   1.18483797e+00   1.20751200e+00   6.07220983e-01
  -2.03859624e+00  -2.51053023e+00   1.43262444e+00  -2.62840885e+00
   2.47829862e-01   1.62856023e+00   1.00194918e+00   7.67074754e-01
   3.07008973e-01   5.16210541e-01   6.76889780e-01  -1.06454937e+00
  -2.44988139e+00   1.98806973e+00  -1.09738421e-01   6.97275894e-01
  -4.25440847e-01   1.24565845e+00   8.93679154e-01   6.55349656e-01
   8.80559312e-01   4.47416766e-01   7.72311144e-01   1.62131488e+00
   7.44755203e-01  -1.22353274e+00   1.83090126e+00   1.37827162e+00
   7.23663883e-01  -2.84584223e+00   2.83839430e-01  -3.80235049e-01
  -1.81360991e+00   3.11773110e+00   4.52587725e-01   3.13774534e+00
   1.70427969e+00   2.07803771e-01   1.04782503e+00   1.16784442e+00
   1.28025246e+00   8.33448115e-02   1.82708105e+00   3.56799806e-01
   2.52872343e+00   1.11831492e+00  -2.14133013e+00   2.34796606e+00
  -1.46587392e+00   2.00035180e+00   1.25638564e+00   3.97291048e-02
  -2.96908086e+00   2.38448087e-01  -2.78774656e-01   1.44550005e+00
  -1.78086634e+00   6.86649948e-01   1.18560543e+00   1.36971730e+00
  -2.06154734e-02  -2.23949973e+00   7.43994993e-01  -1.03873761e-02
   2.79099346e+00  -2.56137958e+00  -4.72708927e-01  -2.40043144e+00
   1.01057205e+00  -1.09001926e+00  -3.38434282e+00   1.27203587e+00
   1.79471529e+00   3.45512328e-01   2.61164030e+00   2.10919269e+00
   6.44486062e-01   1.45942859e+00  -2.81188197e+00   7.23375382e-01
  -2.43128162e+00   1.27182939e+00  -1.11815237e+00  -5.72552313e-02
   1.06597338e+00  -1.13894153e+00   2.34391922e+00   3.28844761e+00
   1.69586351e-01  -6.42178539e-01   1.28695639e+00  -9.18328031e-01
  -2.14470370e+00  -7.29700918e-01   5.07003428e-02  -3.02330955e+00
   2.01914861e+00  -5.73294421e-01   6.64383863e-01  -2.89643547e+00
   3.52989424e-01  -2.35509427e+00   1.40272704e-01   2.66814338e-01
   8.48456460e-01  -2.71099543e+00  -2.94977021e+00   4.20654771e-01
   8.46650551e-01  -1.67318245e+00   1.40153802e+00  -1.59888364e+00
   1.28332709e+00   1.11868023e+00   3.35680771e-01  -2.20082260e+00
  -3.24242179e+00   1.99211385e-01   1.11763833e+00   1.32872944e+00
   1.66813854e+00  -2.43524260e+00  -6.13677879e-01  -1.94244901e+00
   4.96750055e-01   4.64259059e-01   7.05343498e-01  -2.96448127e-02
  -2.01288469e-01   9.83232319e-01   2.95211044e-02   1.22165868e+00
   1.54925469e+00  -3.95768582e-01  -3.01777616e-01   9.76501953e-01
   1.98789659e+00   1.08192132e+00   9.60087866e-01   1.18240132e+00
  -2.87372746e+00  -1.75799647e+00  -9.30830959e-02   3.22506668e+00
   1.70364814e+00  -2.30240144e+00   1.09849830e+00  -6.11150046e-01
   1.37987753e+00  -3.35569045e+00   2.90925384e+00   1.80997827e+00
   2.58909266e+00   4.59417604e-01  -1.28919422e-01   3.44489952e+00
   4.14162720e-01  -2.23775422e-01  -1.17765829e+00   1.63131067e-01
   9.25812280e-01  -3.02169965e+00   1.52858954e+00  -2.08208047e-02
   9.78883053e-01  -2.74178904e+00  -4.83189176e-01   1.20176923e-01
   1.32254972e+00  -2.27699654e+00  -1.65116568e+00  -5.66363264e-01
   4.08334137e-01   1.29135625e+00  -1.22534222e-01  -1.09919500e-01
  -2.52281634e+00  -5.83791083e-03   1.22991684e+00   9.24633269e-02
   8.59936136e-01  -2.61490922e-01   3.55158604e-01  -1.33912439e-01
  -5.42829251e-01  -3.02862794e-01  -2.04210693e+00  -1.73588313e+00
  -2.82112608e+00  -1.88578620e+00   9.29520544e-01  -3.00007853e+00
  -9.41233353e-01   4.87385614e-01  -3.00884483e+00   2.72103333e+00
   1.09045847e+00   2.21389242e+00   2.07281565e+00  -3.55624251e+00
   5.35933863e-01   2.94741478e+00   1.05097015e+00  -1.70036398e-01
  -7.52366227e-01   1.68443685e+00   2.01620090e+00   7.57062590e-01
   1.05404354e+00   1.98344351e+00   7.25463876e-01   2.37470764e-01
  -6.76520078e-01   7.88726861e-01  -2.97872790e-02   2.47121174e+00
   3.07022511e-01   9.48692399e-01   2.50532685e+00   1.41179691e+00
   1.00203108e-01   8.63706006e-01   4.18898598e-01   8.95675298e-01
  -2.93757524e+00  -2.98160460e+00   4.17770421e-01   6.72738654e-01
  -1.78311226e-01   5.45989502e-01   1.68963591e-01   2.88698661e-01
  -3.05288666e+00   1.26468265e+00   1.61729564e+00  -3.20033015e+00
   7.69648498e-01  -2.47577547e+00   9.19471156e-01   2.58760477e-01
   9.36955352e-01   2.02228706e-01  -2.20436174e+00   5.56142717e-01
   6.88599234e-01  -1.64334471e+00  -4.20228409e-01   1.52775360e+00
  -3.19893810e+00   7.63054248e-01  -1.87558137e-01  -1.69167447e-03
   1.12285800e+00  -2.74873456e+00   1.07794950e+00   1.50011884e+00
  -8.73500471e-01  -3.05855707e-01   2.01420558e+00  -7.50524981e-02
   2.30042700e-01   1.81518479e+00  -1.58794483e-01   1.44970194e+00
  -2.75164444e+00  -2.24897092e+00   8.93379853e-02  -1.71031347e-01
   2.93435394e-01  -1.23288354e-02  -2.30702170e+00   6.80401361e-01
  -1.72613173e+00   1.19870909e+00  -3.99081467e-01   2.16337725e+00
   9.77524865e-01  -8.80780171e-02  -2.39462211e+00   1.55463447e+00
   7.68450420e-01   7.63069153e-01  -1.48606412e+00   9.96001088e-01
  -1.14178776e+00   5.99052987e-01   7.94552107e-01  -2.45154085e+00
   1.47029013e+00   7.30602807e-01  -1.27071262e+00   3.29666286e-01
   1.25159452e+00   2.03157899e-01  -1.41776649e+00   8.56945580e-01
   1.41148923e+00   7.34930363e-01   1.96038460e+00  -3.35358938e-01
   1.08215805e+00   2.07868005e+00  -2.96031106e+00   1.29360969e+00
   2.93297914e-01  -3.55624200e-02  -2.59300009e+00  -3.25803559e+00
   1.09669886e+00  -2.30285711e+00  -2.11521379e-01   4.18740889e-01
  -3.34971479e-01   2.41162513e+00   1.55607463e+00   4.40598839e-01
   1.41009239e-01   8.67976073e-01   4.09202586e-02   7.55949515e-01
  -1.98200541e+00   1.09764398e+00   1.06251957e+00   1.91193931e-01
  -2.06272889e+00   1.32392982e+00   2.30900295e+00   1.30434306e+00
   1.25382110e+00   2.11520659e+00  -2.92409312e+00   7.32291620e-01
  -3.93632828e-01   1.06470206e-02   1.72042427e+00   2.60867847e-01
   6.45499038e-01   2.59221223e+00  -1.70731841e+00  -2.60072518e+00
  -2.78264197e+00   1.23908155e+00   1.78055591e+00   1.93506772e-01
  -2.49209057e+00   1.32612125e+00  -2.85381135e+00   1.26300341e-01
  -4.02056982e-01   8.08712521e-01  -9.96322354e-01   2.61263173e+00
  -1.64822333e-01  -2.31549155e+00  -1.67241328e+00   4.49572603e-01
  -1.97682231e-01   8.38610522e-01   1.70206708e+00   2.14665745e+00
   7.82228715e-01   8.30560744e-01   5.69230464e-01   1.75500069e+00
   2.06478553e+00   1.00332493e+00   1.08520512e+00   2.56888946e+00
   1.42146645e+00   3.85848550e-01   3.82948686e-01   1.04602135e+00
  -6.52988887e-01  -2.64700445e+00   1.63398680e+00  -5.13436832e-02
  -1.68776614e+00  -1.70029859e+00   3.09114001e+00   4.98558327e-01
  -9.74736005e-01   1.54215916e+00   9.34874394e-01   2.60569080e+00
  -4.72603696e-01   1.91226022e+00   2.09692524e-01   1.32339031e-01
   3.82973138e-01  -4.55281483e-01  -2.22460780e+00   1.66979608e+00
  -2.10962012e-01  -6.05192909e-01  -1.64392527e+00   5.05738462e-01
  -1.60308424e+00   2.13957037e-01   1.46346085e+00  -1.89161761e+00
   1.16439454e+00   2.90625035e-01  -3.02382783e-01   7.63695022e-01
  -1.04017541e+00  -2.29494935e+00  -3.47051739e+00  -2.05744404e+00
  -2.31941181e+00   7.78111421e-01  -2.32573150e+00  -5.09522323e-02
  -2.16678657e+00   5.58181742e-01  -7.77618299e-03  -1.36109553e+00
   2.82823960e+00   5.32302884e-01   6.57241624e-01   2.59571813e-01
   2.41483486e-01   1.85538772e-01  -2.58930772e-01   4.40452509e-01
  -2.92354776e+00   7.46881401e-01  -2.28129103e+00  -2.93680050e+00
   2.14380428e-01   1.76745759e+00   8.70819414e-01  -2.92253802e+00
   4.60668972e-01   3.71775729e-01   4.48897106e-01   5.43213942e-01
   1.37987559e+00   5.21865669e-01   1.41478036e+00  -3.29824679e+00
  -2.20908545e+00   5.21084036e-01  -2.97223258e+00   1.58625681e-01
  -7.05475319e-02  -2.06859840e+00   3.03233051e-01  -3.94549028e-01
  -2.59564231e+00   1.47641095e+00  -1.77615442e+00  -1.94003242e-01
   1.67405918e+00   1.64827348e+00  -6.33751333e-01   1.89591426e-01
  -1.04961740e+00  -3.27719558e-01   1.02020171e+00  -1.46498442e-01
   5.94012814e-01   4.93475773e-01   4.23823219e-01   1.22966676e+00
   3.43079473e-01   1.09291649e+00   1.02234426e-01  -2.14861426e+00
  -3.26624256e+00  -5.38596452e-02  -2.68132899e-01   1.32207340e+00
  -3.21206892e+00  -1.78332376e+00   2.98285404e+00   7.43026489e-01
  -1.52611506e-02  -3.05403460e+00  -2.73060630e+00  -2.96855374e+00
   1.83473676e+00   4.88151742e-01   1.56927509e-01   2.38675640e+00
   1.31068778e+00   1.08691154e-01   9.49041606e-01   9.66071800e-01
  -1.61868440e+00  -6.52008421e-01   8.86900404e-01   8.04903828e-01
   2.17059110e+00   4.72945712e-01  -3.41405934e+00  -1.78492814e+00
   1.17677576e+00  -2.61706843e+00   8.18645638e-02  -3.55729645e+00
  -2.46772457e+00   7.52825429e-01   8.43946483e-01   3.09599469e+00
  -2.22490130e+00  -3.30278035e-01   5.94014401e-01   6.07958974e-01
  -2.13157506e+00  -5.94979319e-01   1.02001814e+00  -7.30228818e-02
  -3.48460070e+00   1.20344630e+00  -1.84534015e+00   1.08384793e+00
   7.07582172e-01   2.48765500e+00  -3.51248433e-01   4.30528558e-01
   1.35151942e+00  -2.73077974e+00   1.55308659e+00   1.10632695e+00
  -2.32563133e+00   5.32065496e-01  -8.58149519e-01   1.05165290e+00
   7.29686254e-01   1.21930394e+00  -2.97517168e+00  -7.28527815e-01
  -2.15569438e+00  -1.70047788e+00  -7.66092769e-02  -4.73965021e-01
   2.97166821e-01   1.08401495e+00   8.20525467e-01   5.87278667e-01
  -1.42848915e+00  -2.50066715e+00   7.39792058e-01   8.69763699e-01
   2.55719110e+00  -9.73038821e-01  -2.05191892e+00  -2.85748541e+00
   1.30303447e-01   6.54713899e-01   9.72560432e-01   8.63379124e-01
   5.10335825e-01  -2.89567836e+00  -2.80622150e+00  -2.47485172e+00
   7.78529001e-01   3.70562932e-01  -8.91872879e-01   7.88544706e-01
  -1.88618294e+00   2.53274712e-01  -2.44113453e+00   8.28275230e-01
   1.35768711e+00   2.08556211e+00   1.65556903e-01   3.31852435e-01
  -8.18440099e-01   1.02179262e+00   2.76015534e+00   9.66170135e-01
   5.04987600e-01   8.33287842e-01  -1.52745771e+00   1.07776213e+00
   2.81247672e+00   1.33246709e+00   1.23766778e+00  -1.64029425e-01
   2.62815419e+00   1.17070293e+00   5.41170820e-01  -2.45638340e+00
  -2.79228034e+00   2.64015288e+00   8.19151768e-01   8.20839303e-01
   1.38991121e+00  -7.02264112e-01   2.32028443e-02   4.95702607e-01
   2.66060643e+00  -7.61370744e-01  -3.89344054e-02  -3.08388147e+00
  -4.83429313e-01   9.06604788e-01  -5.23001876e-01   9.85134131e-01
   5.50492486e-01   4.21482466e-01   1.43580596e+00  -7.34946845e-01
   7.59602357e-02  -1.97222910e+00   1.85658483e-01   6.95125685e-01
  -3.50666088e+00   6.81185815e-01  -8.89566861e-01  -1.62932637e+00
   3.45431525e-04  -2.43716778e+00   2.17521122e+00   8.39659701e-01
   1.19318638e+00  -4.86938066e-01   1.17915011e+00  -2.02557096e+00
  -2.70337847e+00   3.16586803e+00   1.82984386e+00   5.11672156e-01
  -2.93958758e+00   4.14145380e-01  -3.74343465e-01   1.30303887e+00
  -1.87069030e-01   8.53260682e-01   2.67295761e+00  -2.75711016e-01
  -2.16125820e+00  -1.78966452e-01   5.37121137e-01   3.66713187e-01
  -2.93650901e+00   1.16043786e+00  -8.12164908e-01   8.38105349e-01
  -5.79233634e-01   6.38358867e-01   2.14862544e-01   1.53421152e+00
   1.04244418e+00  -1.80789213e+00   1.97527918e-01  -7.75065157e-01
   1.28416372e+00  -1.81426518e+00  -2.23348180e+00  -1.43484701e+00
   9.43882212e-01   3.43683484e-01  -2.28428561e+00   4.58715478e-01
  -7.72042321e-01   2.83851228e-01  -1.54150646e+00   9.00744372e-02
  -2.21291559e+00   2.70611037e-01  -2.03395057e+00   5.47557543e-01
  -2.64259560e+00  -1.54569375e+00   1.37605191e+00   1.73290926e-01
   3.79991375e-01   1.81115285e-01   9.05791993e-01  -5.32069216e-01
  -1.85897840e+00   2.27797444e+00  -2.88028093e+00   1.75428826e+00
   6.03194445e-01   1.34346878e+00  -1.81095798e+00  -2.75037890e+00
  -5.46801743e-01  -1.20549979e-01  -3.06598065e+00] [  3.50855862e-01   7.13501090e-01  -1.87164325e+00  -1.11424577e+00
   4.24492380e-01  -6.76361418e-01   1.92875383e+00  -8.17565493e-01
  -5.10800853e-01  -1.56090404e-01  -1.80696300e+00   9.11018093e-01
   1.52378541e+00  -1.25626375e+00  -3.88939591e-01   4.80602314e-02
  -5.18120550e-01  -2.39169186e-01  -2.00188745e+00   2.02735820e-02
   2.75704663e-01   2.40712231e+00  -4.67454852e-01  -2.05878658e-01
  -2.07349468e+00  -1.13767743e+00   6.47353745e-01  -3.54282662e-01
  -7.36119403e-01   4.00125650e-01  -1.08068131e-01  -9.42344525e-02
   6.62504794e-02  -1.13724793e+00  -1.81655949e+00   1.63220562e+00
   2.91687979e-01  -1.69168477e+00   1.55356853e-01   1.84377057e+00
   6.73895409e-01   2.47545779e-01  -1.06943277e+00   5.14453055e-01
  -1.47497871e+00   8.45767076e-01  -1.20002948e+00   2.51325391e+00
   4.93705948e-01  -3.49979236e-03  -3.06979696e-01   1.67953503e+00
  -1.00268366e-01  -1.95009482e-02   1.69820297e+00   2.29332458e+00
   1.10283685e+00   6.23404805e-01  -3.12868826e-02  -4.71301293e-01
  -9.75017381e-01  -2.01187505e+00   6.23838822e-01   7.88559749e-01
   4.71807993e-01   9.29536680e-01   1.39347457e-02   1.21746293e+00
   1.61832506e+00   6.26730049e-01   2.90721162e-01  -4.15846537e-01
   1.29243781e+00  -9.47672460e-01  -2.55253427e-01   2.32753873e-01
   2.36148982e+00  -2.00495717e+00  -1.89904940e+00   1.94386469e-01
  -6.84797058e-02   9.03496031e-01  -7.06554157e-02   1.32377754e-01
   1.30427919e+00  -5.34844133e-01   2.23028500e+00  -5.57484276e-01
  -1.24796935e+00   1.17019787e+00   8.32958491e-01  -1.01365156e+00
  -1.55489693e-01   1.93620361e-01   1.40463621e+00  -6.34401415e-01
  -2.56030218e-01  -9.07079923e-01  -1.20012915e+00   1.71543706e+00
   1.33400106e+00   2.17303338e+00  -2.06899961e-01  -6.19418853e-01
  -1.33648739e-01   8.55927321e-01   1.88374859e-01   7.82812899e-01
  -1.03238250e+00  -1.92075271e+00   5.10389947e-01   8.76834461e-01
   3.04070639e-01   3.02928776e+00   7.52224410e-02   9.97951359e-01
  -1.36488709e+00  -3.68006769e-01   4.37139241e-01  -1.39261260e+00
   4.97965203e-01   7.66280301e-01   7.26771066e-01   1.82360883e+00
   8.46829613e-01   7.31074041e-01   6.45277784e-01  -3.25775694e-01
   3.89405213e-01   3.92874244e-01   1.46038885e+00   2.70874193e+00
  -8.94779192e-01   1.18506773e+00   3.22402136e-01  -9.97894019e-02
   6.93265760e-01   2.09752467e+00  -1.31282430e+00   1.29885062e-01
  -5.93416907e-01  -3.22988733e-02   5.62771002e-01  -5.31041119e-01
  -2.53060302e+00  -2.35847357e-01  -5.45341943e-01  -5.13367693e-01
  -6.03219063e-01  -7.47499595e-01  -8.03343559e-01   1.20984446e+00
  -1.09368980e+00   1.04171869e+00   1.56246967e+00   1.27061719e+00
   7.71860666e-01  -6.57193774e-01  -1.09901600e+00  -1.65038805e+00
   2.57419845e+00   5.87356290e-01  -8.21992394e-01   1.46204560e-01
  -4.90348354e-01   3.99521068e-01  -8.15607128e-01  -1.42470918e-01
   5.57119388e-01   7.65843758e-01  -1.03561477e+00   1.60891537e+00
  -6.70827343e-01   2.17831211e+00  -1.02830031e+00   6.71789145e-01
  -2.04112220e+00   5.23533312e-01   1.24013314e+00  -9.80289362e-01
   3.13564950e-01  -6.47065906e-01   1.56783137e-01   9.44433431e-01
  -4.23958019e-02  -4.19296476e-01   1.66497811e-01  -6.57268989e-01
  -1.08597779e+00  -7.71239081e-01  -8.21821961e-01  -1.32021834e-01
   2.23203987e+00  -8.76269181e-01  -4.26366126e-01   6.57938430e-02
   1.95463267e+00   4.52958430e-03  -8.51238127e-01   1.59605133e+00
  -1.51911211e+00   2.02542160e-01   6.17724263e-02   5.76891715e-01
  -1.62317510e-01   7.52108390e-01  -1.02987666e+00  -4.61286005e-01
   1.20397659e+00  -1.18277661e+00   5.59138874e-01   5.73306503e-01
   6.66106002e-01   1.33035793e-01   5.22903699e-01  -2.12507139e+00
   1.75831132e+00  -1.07153055e+00   4.22872915e-01  -4.10791507e-01
   7.74551703e-01  -1.68582933e+00  -1.15496336e+00   2.12460860e+00
   8.07858991e-01  -3.10797599e-01  -2.28340743e-01  -4.89850622e-03
   2.21420254e+00  -7.03186034e-01  -1.23867510e+00   9.29316602e-02
   8.36017985e-02  -1.19684689e+00  -7.84711018e-01  -7.94791227e-01
   1.99092854e-01   1.69762229e-01   1.79888752e+00   6.76884429e-01
  -3.78508065e-01  -1.13498782e+00  -7.57355443e-01  -1.30871735e+00
  -2.25155635e-01  -5.56370361e-01   4.95475967e-03  -1.99353491e+00
   3.41444977e-03  -4.93088066e-01  -1.13237171e+00  -1.28091428e+00
   1.69889915e-01   4.44181735e-01   2.21053640e+00   1.13287326e-02
  -1.90720656e+00   9.75846945e-02   1.84198077e-01   9.59529938e-01
  -2.43254513e-01  -1.15225371e+00   9.15514070e-01   1.15933632e+00
   4.54170924e-01  -2.44646481e+00  -7.13188587e-01  -4.84782747e-01
  -8.82824539e-01  -1.79231021e+00  -2.31201862e+00  -2.83407397e-01
  -1.69680163e-01  -2.28400377e+00  -7.52968724e-01   1.07230445e+00
  -3.29810018e-01  -1.53337699e+00   1.92408403e+00   1.49966625e+00
  -4.30180687e-01  -1.97597802e-01   4.79001983e-01  -6.51888593e-01
   1.26272717e+00   2.05605710e+00   3.18845334e-01   1.13329674e+00
   6.49639430e-02  -3.85105649e-01   4.95794023e-01  -8.87613846e-01
  -1.33548507e+00  -9.96268356e-01   1.20514601e+00   1.05001409e+00
   1.03548159e+00   1.14845525e+00   7.58750034e-01   1.57716020e+00
  -1.15112470e+00   2.32969553e+00  -1.35287217e+00   7.92424332e-01
   4.32794769e-01  -6.69346752e-01  -7.00155977e-01  -1.05499413e-01
   8.40240994e-01  -1.57365890e-03  -1.11622700e-01   5.90156333e-01
  -1.05859357e+00   6.75322545e-01   1.48634484e-01  -5.62110044e-01
   1.41306048e+00   7.48476237e-01   8.31871903e-01   1.33330115e+00
  -1.10505791e-01  -1.13506716e+00   1.54954024e+00   1.32897907e+00
   2.10045015e+00   4.33418808e-01   1.09353947e+00   2.55757918e+00
  -9.35239114e-01  -8.56246735e-01   3.10690761e-01   7.61873263e-01
   7.86696010e-01  -7.53728918e-01   2.48295681e-02  -1.20970790e+00
  -1.54272044e+00  -1.66689064e+00   1.84802410e+00   1.91683364e+00
  -3.49841672e-01  -1.18035318e+00   7.69517648e-01  -1.07402687e+00
   4.35700691e-01  -1.05527997e+00  -1.41521880e+00   7.84995443e-01
  -4.25670916e-01   6.83220114e-01  -3.63455038e-01   1.32329620e+00
  -2.52159270e-01   4.52429260e-01  -8.77454567e-01  -1.47605484e+00
  -4.32572598e-01  -2.49214420e-01   1.28283601e+00  -5.08442361e-01
  -1.55968310e+00   3.87259374e-01   2.84370162e-01  -2.00769585e+00
   7.84450303e-01  -7.62690339e-01  -2.08889590e+00   2.10433510e-01
   5.41994639e-01  -9.39993372e-01   3.13346355e-01  -6.40562734e-01
  -9.14400990e-01   1.02267675e+00  -8.96314518e-01   9.17971735e-01
   7.51349391e-01  -7.68144704e-01   5.29121199e-02  -1.44803786e+00
  -1.14415387e-01  -5.01225010e-02  -1.72937465e+00  -2.12265300e-01
   8.31790209e-01  -2.00240669e-01  -1.18615506e+00   3.36544620e-01
  -8.18023295e-01  -4.97893450e-01  -2.28412825e-01  -6.70298101e-01
   1.01891623e+00   6.87121035e-01  -2.43361655e-01   1.55740577e+00
   2.12701470e+00  -3.75740933e-02   1.94683577e-01  -1.05139495e+00
  -9.79159098e-01   8.05095610e-01   1.15210507e+00  -1.72842577e+00
   7.02388816e-01   7.76495787e-01  -3.12809091e-01   1.96585706e+00
   6.44540647e-01   6.11989970e-02   1.44337481e+00  -4.78495904e-01
  -4.13251007e-01  -5.93600359e-02   7.36233169e-01  -5.90587903e-01
  -3.57983284e-01   1.74337318e+00  -7.45907103e-01  -3.11473537e-01
  -2.28857921e+00   1.98747179e-01   5.88273810e-01  -9.82972431e-01
  -4.53364360e-01   1.91131075e-01  -9.73038958e-01  -5.12809638e-01
   1.20545517e+00  -9.69198850e-01  -5.98732855e-01   3.66446709e-01
   8.19339108e-01   9.90498902e-01  -4.47977707e-01  -1.33705145e+00
  -7.46570118e-01  -1.69873527e+00  -3.99653485e-01  -4.35160937e-01
  -5.78634744e-01  -5.81583238e-01   7.52752852e-01   3.93061353e-02
  -9.05878075e-01   3.44946749e-01   2.25064363e-01   1.58718734e+00
   1.69983419e+00   7.52877248e-01   1.07260745e+00   1.09350244e+00
  -9.46252960e-01   7.06427196e-01  -1.65124950e+00  -1.22871285e+00
  -2.26461508e+00  -4.66312655e-01  -1.13857969e+00  -1.17538897e+00
  -7.58297665e-01   1.32565165e+00  -2.02405287e+00   3.65923608e-01
  -1.07405972e+00  -5.47795520e-01   8.00184649e-02   2.45961073e+00
   1.60722734e+00  -9.44123985e-01   1.69593628e+00  -2.15679607e-01
  -7.48396531e-01   2.17346362e-01   1.29802286e+00   1.83734988e+00
   4.11457680e-01   8.52003789e-01  -1.33025371e+00  -9.71529988e-02
  -1.24592293e+00   4.58721664e-01   1.58845376e+00  -2.68495673e-01
   6.66517382e-01  -1.25784253e+00  -5.38667173e-01   5.69787688e-01
   6.13177220e-01  -2.84840758e-01  -2.57874281e+00  -4.66368019e-01
   8.12130539e-01   1.20677486e+00  -2.50942781e-01   1.72644363e+00
  -1.29665592e+00   1.36514288e-01   5.86947015e-01   1.19812813e+00
   1.46671160e-01  -1.41447979e-01  -1.02221671e+00   8.91712342e-01
  -1.50251613e+00   7.21669597e-02  -1.11981219e+00  -3.34685731e-01
   1.66642478e+00  -8.47775968e-01   2.19396514e+00   1.31061338e+00
   5.15892231e-01   1.88218227e+00  -5.85055970e-01   1.23945847e+00
   9.00809031e-01  -4.40707428e-01  -1.07054712e+00  -8.01153622e-01
   7.83688355e-01  -6.62871221e-01   1.47150119e+00  -1.88544452e-02
  -2.65439696e-01  -1.63323824e+00  -1.68005707e+00  -5.61228036e-01
   1.54554514e+00  -4.67310011e-01   3.65284200e-01   7.86501861e-01
  -1.49754924e+00  -3.05576052e-01  -1.43587200e+00  -1.20970510e+00
  -2.39056062e+00   3.91122328e-01   2.16623002e-01   3.63350904e-01
   9.31728102e-01  -1.00415845e-01  -1.99689506e+00  -1.26381432e+00
  -9.68623228e-01  -2.97098338e-02   2.39542780e-01  -5.31661177e-01
   1.12553747e+00  -1.69052895e+00   7.79670760e-01  -1.42946058e+00
  -4.34064704e-01   2.32004462e+00   7.70263959e-01  -1.62329443e+00
  -1.28220966e+00  -9.31574854e-01   1.54832667e+00   9.84711952e-01
  -1.03914976e+00   8.51481449e-01  -1.11681038e+00  -1.55351413e+00
  -5.80457714e-01   1.16379326e+00   1.46054338e+00  -1.51143365e-01
  -2.03779339e-01  -1.41564678e+00  -8.07354647e-01  -1.93145018e+00
   4.00447513e-01   6.10779394e-02  -1.28407712e-01  -9.97643223e-02
   2.28777413e-01  -1.79745402e-01   1.95098760e+00   1.14891935e+00
  -2.55203484e-01   1.05195653e+00   4.44554673e-01   1.07218979e+00
  -9.08070756e-01  -1.87853888e+00   9.73186225e-01  -6.01308537e-01
  -1.36615066e+00   2.41141832e+00  -5.77537543e-02   2.56624567e-01
   2.80100306e-01   5.29377498e-01   9.90992779e-01   4.11328779e-01
   9.35777460e-01  -1.16565623e+00   5.80719332e-01   5.72752438e-01
  -6.62869254e-01   2.60147164e-01  -9.93412657e-01   1.45503394e+00
  -7.96374204e-01  -4.80178826e-01  -2.88047800e-01  -1.65202784e-02
  -1.87696932e+00  -1.14203756e+00  -3.83832529e-01   1.66714573e+00
   6.63671108e-02  -1.25404678e+00  -4.37639159e-01   1.81747945e+00
   6.79230712e-01  -2.68501124e-01  -1.75344110e+00   1.97971214e+00
   1.52891211e+00  -1.53922489e+00   7.77016948e-01  -4.08461081e-01
  -1.60751372e+00   1.15699437e+00  -5.49622568e-01  -4.41065818e-01
  -1.69978415e-01  -1.81715340e-01   1.33839603e+00  -1.39936299e+00
  -1.02674996e+00  -6.72719987e-01  -3.35410896e-01   1.05063273e+00
   1.20607625e-02   1.77244938e+00  -7.25494517e-01  -4.37490458e-02
  -1.05538921e+00  -1.06677484e+00   9.74862871e-02   1.75625476e+00
  -1.30130214e-01  -5.02354194e-01  -5.32540318e-01  -1.22411837e+00
   2.74382166e-01   1.69509722e+00   7.41948708e-01   7.71172307e-01
  -4.74532438e-01   1.32958488e+00  -2.09186520e+00  -2.30276509e-01
  -1.36009005e+00   8.98361939e-01   3.70896456e-01  -1.44669453e-01
   3.78158138e-01  -6.28613414e-01  -1.92139541e-01  -8.07443667e-01
   2.50855281e-01  -4.82990437e-01  -1.26881890e+00   1.18896048e-01
   2.17766003e+00  -4.85932740e-01  -1.67663195e+00   1.03688227e+00
  -4.54314815e-01   8.99987010e-01  -8.72410553e-01  -1.54410350e+00
   4.08193676e-01   2.26224103e-01   4.49845310e-01   7.29156404e-01
   7.57162257e-01   1.76519979e+00   1.80923015e-01   6.11557020e-01
  -1.21258437e-01  -7.95589569e-02  -2.58981118e-01   2.87193022e-01
  -1.71020701e+00  -1.06381786e+00   1.02898684e+00   1.32177112e+00
   7.93944284e-01  -1.11536221e+00   1.18622644e+00   9.35210425e-01
   1.28045645e+00   3.67676161e-01  -4.14054921e-01  -4.14883276e-02
   5.88671996e-01   3.80117115e-01   7.28712732e-01  -1.88253678e+00
   1.07156010e+00  -1.06023167e+00  -4.00402163e-02   6.31517882e-02
   1.51126554e+00  -5.50803505e-01  -1.06817064e+00  -1.11221423e+00
  -5.33241665e-01  -1.77465749e+00  -1.61080110e+00  -7.55477322e-01
   7.31191389e-01  -3.77804378e-01   1.16172942e-01   5.60391214e-01
   4.04447472e-01  -1.92695153e-01   9.24428251e-02  -6.38706104e-01
   1.21538129e+00   3.44569453e-01   2.30258294e+00  -3.88288068e-01
  -2.35666128e-01  -7.76018396e-01   3.39502025e-01   2.07346150e-01
   1.96956271e+00   1.06568061e+00  -5.61218216e-01   9.56264459e-01
   1.66721063e+00   8.88561072e-02  -1.39715013e-01  -1.05864136e+00
   9.79545812e-02  -1.06776142e+00  -3.48023060e-01  -6.32332071e-01
   1.75887124e+00  -1.15017792e+00   4.66694163e-01   9.65199253e-01
  -7.09838996e-01   9.37567609e-01   8.65695568e-01  -8.31780565e-02
   5.52847100e-02  -1.03109538e+00  -1.27252032e+00   1.32545635e+00
  -1.68169281e-02  -1.12070945e+00  -8.13045410e-01  -1.60305403e+00
   8.76557302e-01  -1.28487449e+00  -7.39271653e-01  -3.25223817e-01
  -1.00903015e-01   3.16131397e-01   1.01931186e+00   1.57391920e-01
  -6.82283240e-02  -1.17516213e+00  -7.71316450e-01   4.59160855e-01
  -3.36446808e-01  -2.40752547e-01  -5.81750798e-01  -1.25860539e-01
  -5.43955225e-02  -1.17657749e+00  -5.80119474e-01  -8.56006367e-01
  -7.31454023e-01  -1.54437107e+00   1.20072183e+00  -9.00140935e-01
  -1.16436442e-01  -3.96758346e-01  -9.22304753e-01  -1.69723512e+00
  -1.12926369e+00  -5.92960646e-01   6.46785650e-01   4.41174356e-01
   6.14908900e-01   7.94009099e-01  -4.38308835e-01  -7.54498856e-01
   1.96472088e+00  -1.83687011e-01   7.07132511e-01   4.90972904e-01
  -1.34652543e+00  -7.31191780e-01  -6.23228124e-01  -1.05197195e-01
  -1.17022125e+00   1.54111476e+00  -3.34345080e-01  -6.10628485e-01
   1.88294488e-02   4.86598147e-02  -7.99109265e-01   4.32626856e-01
  -3.95442509e-01  -1.19177120e+00   1.98736573e+00   3.50223268e-01
   4.25365720e-02   1.63917834e+00  -1.00176793e-01   4.01062359e-01
  -4.21817513e-01  -1.54676952e-01   2.14645394e+00  -7.91511278e-01
  -1.85454495e+00  -1.71201465e+00   5.91794408e-01  -1.53534579e+00
   1.92374256e+00  -5.50965561e-02  -8.70642901e-01  -1.47666359e+00
   8.19882813e-01  -1.21300536e-01  -3.65359910e-01   1.08120837e+00
   3.79899519e-01   1.36771478e+00  -8.51129726e-01  -2.06745679e+00
   2.03873605e+00  -9.94526903e-01  -2.03140223e+00  -7.82940403e-01
   3.02160745e+00  -6.10488272e-01  -1.92142409e+00   6.66429697e-01
  -3.43158990e-01   2.98255159e-01   7.50851008e-01   1.19152973e-01
   1.50330384e+00  -1.20193671e+00   4.98633089e-01  -1.19779550e-01
   6.19613105e-01   9.66138454e-01   1.25445752e-01  -1.10340045e+00
   3.00102504e-03  -7.99409810e-02  -8.46601745e-01   3.36431227e-01
  -2.59155592e-01   5.83412457e-01   1.72644803e+00  -1.26374283e-02
  -2.02071082e+00  -1.25445273e+00   1.00136351e+00   4.56209844e-01
   4.21352897e-01   1.85052541e+00   2.16475668e+00  -2.24813377e-01
   6.16908142e-01  -6.52613741e-01  -1.04048407e+00  -8.91609910e-01
   7.24190664e-01   7.11011027e-01   1.44104474e+00  -1.10741506e+00
   3.91812108e-02  -4.71163799e-01  -8.67757529e-01   7.93409776e-01
   1.06787238e+00   1.16253758e+00  -2.19305881e+00  -2.10209416e+00
  -1.58350296e+00   4.51755325e-01   1.27874707e+00   1.85778341e+00
  -1.09128635e+00   3.58424624e-01  -1.72742471e+00  -9.15482127e-01
   1.22727280e+00   3.88186242e-01   7.02822336e-01   1.24929977e+00
  -1.53423532e+00   1.22115028e-01   6.08239384e-01   5.80463913e-01
  -1.53382103e+00  -9.54551016e-01   1.14677840e+00  -9.51175332e-01
   8.68716172e-01   3.70888606e-01   7.08669649e-01  -1.66776986e+00
  -5.08875168e-01  -2.22870829e-01   9.35249199e-01  -1.23785162e+00
   8.53330215e-01   6.80198457e-01  -1.58326795e-01  -6.24314105e-01
   7.54560770e-01   1.14347551e+00  -1.17543039e-01   7.62234725e-01
  -2.25886484e-01   4.21062242e-01   2.71136876e-01   6.40760835e-01
   8.88628679e-02  -8.05699739e-01   7.81730602e-01] [  4.68611060e-01  -3.65574434e-01  -9.59369705e-01   3.23237877e-01
   2.58392733e-02   3.77896922e-01  -2.78800565e-01  -8.45225148e-01
   9.48874112e-01  -2.91904735e-01   2.01839578e-01  -3.19762099e-02
   3.23784211e-01   1.09482441e+00  -2.56115117e-01   6.09641873e-01
   4.70141126e-01  -3.18270861e-01  -8.96197385e-01   5.12914529e-02
   4.88877443e-01  -1.28971892e-01  -3.06909478e-01  -1.82242905e-01
  -1.19016340e+00  -3.68015510e-01  -1.15598096e-02   1.51852551e-01
  -2.02333934e-01  -1.90318279e-01   3.68325636e-01  -4.93735452e-01
   2.98673310e-01   7.74799977e-01  -5.22113110e-01   4.00835238e-02
   4.45497661e-01  -8.71923438e-01   3.53640151e-01  -6.84311229e-01
  -4.83830503e-01   1.87191806e-01   1.56070541e+00   2.69957232e-01
  -4.40992029e-01  -1.48888485e-01  -2.70216305e-01  -1.81541670e-01
   1.15321898e-01   5.75102626e-01  -4.56165396e-01  -5.05436793e-01
   6.45686658e-01   5.81022926e-01  -8.32710506e-01  -5.30879256e-01
  -6.25398430e-01  -4.55900357e-01   3.36131672e-01   1.26152261e-01
   4.08492908e-01  -1.10245686e+00   4.53890881e-01   9.27278740e-01
   6.67792857e-01  -6.97115768e-01   4.74445690e-01  -5.27720836e-01
  -1.08161971e+00   1.50585217e+00  -8.93787471e-01  -5.19386100e-01
   4.54305262e-01  -4.38951048e-01   6.93269577e-01  -4.05396207e-01
   4.36384522e-01   6.03979049e-01  -1.37720347e-01   8.06132881e-01
  -1.35127823e-01   2.28117327e-01  -1.64071953e-01  -2.55325420e-01
   1.02898139e-01   1.30318311e-01  -1.19081864e+00   7.01163674e-01
  -9.41969844e-01   7.35907366e-01  -3.04573300e-01  -1.24542603e+00
  -8.37224686e-01  -2.93279306e-01  -2.01166770e-01   5.36254686e-01
   3.97843084e-01   1.15709638e+00   4.25135676e-01   8.49078458e-01
  -1.47251285e+00  -5.29812979e-01   1.49643695e-01   6.10268115e-01
  -4.43918784e-02  -5.45514691e-01  -1.40120372e+00  -7.76729769e-01
  -1.20906153e+00   5.14944998e-01   7.88447615e-01   3.40566143e-01
  -6.16858910e-01  -5.57729655e-02   1.14389189e+00   1.35649707e+00
  -8.74912581e-01  -2.10043472e-01   6.04221220e-01  -3.15258808e-01
  -9.15880161e-02  -3.60605286e-01   3.19450745e-01  -2.77069164e-01
  -2.17108768e-01  -3.08211178e-01  -5.80597096e-01   3.36009755e-01
  -1.69962165e+00   9.19638551e-01   3.14083908e-01  -2.10309974e-01
   5.50056481e-01  -3.74147256e-02   3.71415957e-01   9.54499815e-01
   8.48667774e-01  -8.99170159e-01   2.79385646e-01   2.61818226e-01
   9.35220046e-01  -2.10601266e-01  -1.16256269e-01  -1.77797118e+00
  -7.33126106e-01   4.42606672e-03  -5.36181342e-01  -3.55942845e-01
   1.00404406e+00   1.36250987e+00  -4.19208217e-01   9.75036222e-01
  -6.76011171e-01   1.52217125e-01  -4.10947945e-01  -9.95457388e-01
   1.05972874e+00  -5.46328328e-01   7.44426184e-01   5.29566851e-01
  -4.02120816e-01  -7.21630410e-01   2.07389964e-01  -1.25400386e-01
   1.31106576e-01   5.99983427e-01  -6.57454483e-02   1.50317737e+00
   3.09160795e-01   2.83268615e-01   6.30907950e-01  -1.01017518e-01
   9.71989809e-02  -8.68773401e-01  -5.06012989e-01  -1.56859062e-01
   6.29540930e-01  -2.53035376e-01  -2.24588020e-01   4.53442710e-01
  -3.38154644e-01  -2.35246474e-01   1.03077968e-01   5.65634299e-01
   1.02202485e+00   7.79861024e-01  -8.25540051e-02   2.15864148e-01
   3.68085379e-01   4.41166683e-01   2.37735237e-01   7.66940453e-01
   6.62133947e-01   1.03910568e+00   8.63703885e-02  -5.54166550e-03
  -1.30130419e-01  -2.78396590e-01  -1.71640672e+00  -1.03855170e-01
   1.51307311e-01   2.86101255e-01  -3.83260423e-01  -5.85938167e-01
   4.34652065e-01   1.18550540e+00   5.16422133e-01  -2.45492225e-01
   5.12284837e-01  -1.07526999e+00   8.19442372e-01   6.71562758e-01
   2.41112208e-01  -2.05825666e-01  -6.13349733e-02  -1.36831325e+00
   2.74012502e-01   7.95217903e-01  -3.95223328e-01   2.69160543e-01
   6.67798747e-01   2.58199414e-01  -1.53070399e+00  -2.87548937e-01
   6.94373876e-01   1.63320731e-01  -3.92685005e-01   8.13885321e-01
  -1.44412171e+00   4.33109550e-01  -4.50741008e-01  -6.01830918e-01
  -5.71716660e-01  -1.40870107e+00  -9.63272968e-01   3.07322642e-01
   1.05666584e+00  -3.47651257e-01  -6.65678709e-01   1.92709414e-01
   5.42173633e-01   4.33232123e-01   3.51012433e-01  -8.62004074e-01
   4.84738601e-02   3.72247885e-02   3.70632998e-01  -1.05685732e+00
  -2.18793408e-01   7.01913820e-01  -1.08875850e-01   1.70653811e-02
   8.79843794e-01   4.26119911e-02   2.82728201e-02  -5.16685685e-01
  -3.45827684e-01   1.05867061e+00  -9.20678072e-01   2.51256656e-01
  -3.72271647e-01   8.38988414e-02   5.21385445e-01   3.04665458e-01
   1.17650727e+00   3.02773170e-01  -4.69099404e-01  -9.25911622e-01
   2.72403819e-01   2.80176249e-01  -9.56543993e-01  -2.76087879e-01
  -1.13289007e+00  -8.85035478e-01   4.12999116e-01   7.22560563e-02
   1.95061111e-01   9.57559214e-02   3.91004771e-01  -1.03465654e+00
   2.37592374e-01  -2.67191863e-01   1.09445715e+00  -6.12871737e-01
   9.36007975e-01  -5.01141853e-01  -2.91796817e-01  -9.19534860e-02
  -1.29280445e+00  -2.79008663e-01   1.41607462e-01  -5.28111938e-01
  -1.06095875e+00   6.69425640e-01   6.88231480e-01  -6.87724316e-01
  -3.42168921e-01  -7.67636049e-01   4.41766927e-01  -4.27395359e-01
  -3.70506320e-01  -4.06283053e-02  -1.07938560e+00  -1.34736389e-02
   2.18650212e-01  -1.42063677e-01  -3.38458288e-01  -1.43028287e-01
  -2.97275285e-01  -1.95255931e-01  -3.89166603e-01  -9.57307811e-01
  -5.04135337e-01   9.50136359e-02  -6.63117016e-02  -9.63901727e-01
  -7.13450236e-02   8.80074868e-02  -5.52079832e-01   8.94207487e-01
   3.35032435e-01   9.00375686e-01   9.40476635e-01  -5.08717939e-02
  -3.66487920e-01  -1.37825453e-01  -8.65154490e-01  -5.29308624e-01
  -1.62615495e+00  -3.29330483e-01  -4.43173652e-01  -5.77946880e-01
   5.44212034e-01   4.19283623e-01  -2.57724473e-01   4.27221394e-01
   4.07953696e-01   6.04928129e-02  -9.56279916e-01   2.31550880e-01
  -7.71492471e-02  -7.07035876e-01  -2.55660842e-01   6.62196466e-02
   3.87260314e-01   3.34610367e-01   2.60135773e-01  -1.21700219e+00
   1.06145924e+00  -7.08252530e-02   7.96230017e-01  -1.53099412e+00
  -8.12768100e-01  -5.43859026e-01  -4.84170223e-01   2.15466509e-02
   7.32646247e-02   5.06856420e-01   1.00876530e+00  -2.92308791e-01
  -9.15278364e-01   4.82815078e-01  -1.27796218e+00   4.97358727e-02
   8.03886853e-02  -8.15043323e-01  -1.24290154e-01  -2.79235309e-01
  -1.56506783e+00  -5.09448805e-02  -1.54813255e+00   1.12887052e+00
  -2.50794276e-01   1.22316734e+00  -7.74389502e-03   1.47530796e+00
  -1.08327419e+00   2.63356289e-01  -1.83581142e-01  -5.49007662e-01
   8.65705495e-01   1.46745939e-01   1.47677711e-02  -2.11617133e-02
   8.04857836e-01   2.41542260e-01  -1.08215120e-01   4.72883412e-01
   9.27557414e-01   2.25296533e-01   9.98941391e-01   7.77657936e-01
   1.36028092e-01   5.58768270e-01   1.14338094e+00   2.65737324e-01
  -3.40939490e-02  -3.80929283e-01   8.55506643e-01  -5.92647609e-01
  -1.30772040e+00  -6.13257413e-01  -3.90772799e-01  -1.27153304e+00
   4.33766317e-01   3.74090641e-01  -6.01711568e-01  -6.53949617e-01
   2.49205351e-01  -5.40381581e-01   7.93691190e-01   7.73984649e-02
   4.32159437e-01   1.66444890e-01  -1.12447689e+00  -4.52978124e-01
   3.19049575e-01   4.26383303e-01  -1.19571912e-01  -8.10244495e-03
  -2.08459579e-02  -9.72925017e-01  -3.48420881e-01   2.70196288e-01
   5.37051155e-01  -5.26940611e-01  -1.86534149e-02   8.19951614e-01
   6.50385098e-01   4.30584668e-01   8.70076554e-02   9.47428985e-02
  -4.88083647e-01   2.72383302e-01  -1.34708199e+00  -8.21796016e-02
   5.63228528e-01   6.25086322e-01   5.45293496e-01   7.95326121e-01
  -9.53140446e-01  -2.32396511e-01  -8.65310830e-01  -6.81767016e-01
  -6.48530110e-01  -4.51200517e-02  -1.61742707e-01  -1.03559607e+00
   4.35839224e-01  -3.69884545e-01  -1.16467600e+00   2.09545446e-01
  -1.15285222e+00  -1.70702410e-01  -8.22163407e-01   2.33376954e-01
  -1.23855066e+00   1.67332039e-01   2.23082481e-01  -1.42214545e+00
  -9.34128069e-01   7.91489276e-02   6.65727383e-01   1.63641799e-01
   3.08822326e-01  -4.26371058e-01   2.51109313e-02  -1.32985578e+00
  -2.68912914e-01  -3.15261582e-01  -3.68854664e-01  -8.39610564e-01
   1.23725533e+00   1.27115033e-01   2.43732817e-01  -2.06774611e-01
   2.64179237e-01   1.04815181e+00  -4.27811104e-01  -7.69685878e-01
  -1.24846425e-01  -3.71119332e-01   2.06395119e-01  -1.47798676e-01
  -2.28350245e-01   2.95581559e-02  -4.70654520e-01  -1.14399885e+00
   3.30869641e-01   4.42677514e-01  -1.65209747e-01   9.36649367e-01
   4.85906604e-01   6.42419416e-01  -4.80409986e-01  -6.44033960e-01
   5.06284816e-01  -2.53058527e-02  -2.73229520e-01   8.34225013e-01
  -6.13650397e-01   5.58035092e-01  -4.86975783e-01  -4.88477868e-01
  -1.12659545e+00   3.78433598e-02  -5.55391666e-01   8.99600182e-01
   1.43023845e-02   4.04210489e-01  -2.24920979e-01   3.78332059e-01
   6.10170663e-01  -1.95457848e-02   8.85500212e-01   5.74324820e-03
   8.57000562e-01  -7.07067159e-01  -2.28397182e-01  -5.00460700e-01
   5.70656392e-01  -5.76352533e-01   5.57296724e-01  -4.37441374e-01
   1.53096517e+00  -7.85399556e-04   9.43695230e-01   9.70294589e-01
  -2.25893642e-01  -4.56180002e-01  -1.21731858e+00   1.61370376e-01
  -1.38964704e+00  -1.50719059e-01   4.17009942e-01   1.80215171e-01
  -8.72829216e-02  -4.77035580e-02   7.62635736e-01  -6.73833268e-01
   5.83558466e-01   1.75243751e-01  -3.76721640e-01   1.46101726e-01
   1.02998440e+00  -6.88094540e-01   1.91019287e-01   3.19866994e-02
  -7.52669651e-01   1.19404910e-01  -4.09380189e-01   1.36441527e-01
  -8.96839888e-02   3.14626544e-01   1.04436804e+00  -4.19089544e-01
  -9.80940572e-01   6.26190907e-01  -3.28402514e-01   2.05788103e-01
   1.28875376e+00   1.56216984e-01   1.08980394e+00  -6.41041091e-01
  -1.71569739e-01  -6.56271477e-01   9.61763655e-01  -1.23195441e-01
   1.50574738e-01   1.18094148e-01   4.81367280e-01  -1.43719108e+00
   6.62748943e-01   4.32879780e-01  -2.30194200e-01  -6.89838507e-01
   1.41201252e-01   9.07038722e-01   2.96961476e-01  -3.54637353e-01
  -9.31463080e-01  -5.23723017e-01   1.15434884e+00  -4.81881625e-01
  -1.56450408e-01   6.21476606e-01  -6.81530923e-01  -4.24623601e-01
  -1.84515428e+00  -3.00996085e-01  -3.57116095e-02   3.29446837e-01
   5.81322655e-01  -3.54942038e-01  -9.30189973e-01   5.48687458e-01
   1.02139146e-01  -1.22560008e-01  -5.71041834e-01  -1.30782042e+00
   6.54304417e-01   2.11064586e-02   2.73572505e-01  -3.93492074e-02
  -5.63424070e-01   2.28800357e-01   8.88106577e-01   1.03520004e+00
   1.68736793e-01   9.02679531e-02   1.80524772e+00  -9.09237322e-02
   1.15961514e-01   2.45645424e-01   9.22584855e-01  -5.29564610e-01
  -5.75842667e-01   3.25922297e-01  -6.79466833e-01   2.89763837e-01
  -5.99294783e-01   9.39746228e-02   8.48271237e-01   1.03474579e+00
   7.23630932e-02  -6.42008127e-01   5.12781508e-01  -7.06814239e-01
   3.40719335e-01   4.68026675e-01  -1.40983222e+00   1.53536819e+00
   6.55555398e-01  -1.38460665e+00   6.61205835e-01  -5.30277511e-02
  -1.11338358e-02  -1.35755477e+00  -2.15889893e-01   6.47565064e-01
   1.49926586e+00   1.26332987e+00   6.97009380e-01  -7.28859931e-01
   1.16364107e+00  -2.61147928e-01   9.00480572e-01   2.79076168e-01
   3.37503267e-01  -5.03259574e-01   1.43224186e-01   1.49279581e+00
   8.74609785e-01   2.02471587e-01   3.67523464e-02  -2.48490113e-01
   4.27156657e-02  -4.70818146e-01   4.03545106e-01   2.61994416e-01
  -1.37123852e-01  -8.45606706e-01  -2.59539813e-01   5.17354239e-01
   8.40894032e-02   4.13829534e-01   4.75516100e-01   9.56564748e-01
   1.63942239e-01   1.15806536e-01   9.04929582e-01   6.56088522e-01
   1.70720000e-01   6.37913807e-02  -4.51308121e-01   4.18392412e-01
  -2.37002482e-01   9.26206030e-01   1.18770567e+00  -8.04366673e-01
  -4.37956102e-01  -4.92853278e-01  -4.84060500e-01   9.29855854e-01
  -2.58281469e-01  -1.20450053e-01  -1.70255756e-01   2.95751944e-01
   1.12424334e+00   1.27532627e+00  -1.24438392e+00  -8.13461408e-01
  -8.39619814e-01  -4.90631718e-01   5.36597163e-01   1.99113475e-01
   1.95171603e-01   8.64255485e-01  -6.51486150e-01  -1.61065895e+00
   5.15018918e-02  -3.52040708e-01  -3.11224080e-01   9.44955686e-01
  -7.12418127e-01  -3.91703758e-01  -7.94771017e-01   3.02311999e-01
   5.82334435e-01   6.12807745e-01  -2.04516113e-01   9.64215529e-01
   2.31002063e-01  -4.16035639e-01  -1.83225796e+00   4.19769045e-01
  -1.25666282e+00   2.86291048e-01  -3.69111988e-01   1.90782956e-01
  -8.70742795e-01   8.05848608e-02  -7.32353109e-01   1.15085006e+00
  -7.32595944e-01   7.35860585e-01  -5.33882120e-01   4.06432881e-01
   6.16941166e-01   6.66522279e-01   1.67779384e-01   3.25331572e-01
  -1.77790509e+00  -2.01611421e-01   1.09623366e+00  -7.33359867e-01
  -5.34964663e-01   3.74303810e-02   6.44518616e-01   8.76755317e-01
   2.14464460e-01  -4.04829376e-01   2.79220730e-01  -1.57914901e-01
  -3.30578918e-01   2.79426571e-01  -2.08519049e-01   3.39157588e-01
  -1.48749360e+00  -2.82728365e-01   6.41217626e-01  -3.75945911e-01
  -2.91214446e-01  -1.59024448e+00  -1.40035070e-01  -7.92209646e-01
  -3.42145683e-01  -5.66902443e-01   1.00024843e+00  -4.06885214e-01
   2.06490604e-01  -4.93894143e-02   6.16417801e-01   9.76628886e-01
  -4.44276383e-01   2.16964665e-02   9.41224105e-01  -2.77614502e-01
  -8.74920851e-01   8.90698246e-01  -2.07814463e-01  -2.92353259e-01
   1.36909265e+00   5.73317586e-01  -5.56645818e-01   4.21591559e-01
   2.73131792e-01   3.55111072e-01   6.66375301e-01  -5.79565972e-01
   7.78870455e-01  -9.92186053e-01  -4.26775222e-01   3.13773989e-01
   9.19620097e-01  -1.87458715e-01   1.58325496e+00  -6.71009843e-02
   3.58245078e-01   9.54448077e-01   2.15713122e-01  -4.78482762e-01
   8.02980014e-01   3.96897200e-02  -4.06977010e-01   7.23171768e-01
   2.03410644e-01  -3.61424656e-01   1.47719367e+00  -3.69846820e-01
  -1.11190889e-01   1.36052475e+00   1.00338715e+00   9.89244996e-02
   3.89771951e-01  -3.58340169e-01   4.04265291e-01  -1.18759710e+00
  -9.30995271e-02   1.05119010e+00   5.08545699e-02   5.34011235e-01
   3.85646612e-01   2.83573670e-01   5.84772526e-01  -1.82710822e-01
  -1.00063157e+00   1.50570264e-01   4.54346761e-02   5.97026508e-01
  -1.74176051e-01  -1.31255918e-01  -5.08128060e-01   6.71744722e-01
  -1.72345295e+00  -1.23854162e+00  -3.81234752e-01  -1.27070491e+00
   8.47835350e-02   3.21546392e-01  -1.40447406e+00   3.51023967e-01
   6.47391880e-02   3.21731913e-01   1.12048005e+00  -2.66623458e-01
  -2.38704780e-01   3.95510966e-01   1.01554397e+00   9.56046628e-02
  -3.27494357e-02   1.15498546e+00   1.47505556e+00   1.11754598e+00
  -9.54982071e-01  -3.09773026e-01  -4.55536104e-01  -3.94572092e-01
   5.33982447e-01  -2.29098369e-01  -1.58236538e-01  -7.47841700e-01
   8.01774416e-01  -7.21023059e-01  -2.86588359e-01   1.03964062e-01
  -4.71959368e-01   6.93249655e-01  -9.19543462e-02  -1.76419160e+00
  -5.82115522e-01   4.93276503e-01   4.91712220e-02  -5.43244175e-02
   1.30024652e+00   5.59367231e-01  -6.91854396e-01   4.37858255e-01
  -9.26930694e-01  -1.17091094e+00  -1.23705537e-01  -1.41623674e-01
   9.44087417e-01  -2.32051499e-01  -4.18191795e-01  -7.36319079e-01
   3.90663025e-01   3.31048548e-01  -5.82977103e-01   5.07482977e-01
   7.86271309e-01   3.37572419e-01   8.29898546e-02   1.25668013e+00
  -6.37427944e-01   2.36414141e-01  -2.25016082e-01  -1.26485163e+00
   6.66465016e-01  -2.79808456e-01   4.19501730e-01   1.03994072e-01
   2.21695964e-02  -1.27406280e+00   6.63013148e-02   3.79226292e-01
  -1.43749715e+00   6.12687645e-01   1.29790374e-01  -3.99165701e-01
   3.98496727e-01   1.25834884e+00  -3.68842550e-01   8.70419594e-01
  -5.51912306e-01  -4.90641339e-01   6.11754829e-01   4.34626488e-01
   3.06006345e-01  -1.19419284e-01   1.20291795e-01   5.85522914e-01
   9.08948740e-01  -4.41683269e-01   4.35069760e-01   7.19019365e-01
  -6.37898639e-01  -9.66778841e-03  -9.74574175e-01   1.46382485e+00
  -3.73841112e-01  -2.72400270e-02   9.04932539e-01   4.96589993e-01
   7.90072043e-01  -1.66777516e-01  -5.53384793e-01   2.59877457e-01
  -9.66918771e-01   2.72779715e-01   9.99859422e-01  -4.50824915e-01
   4.00745629e-01   4.51712348e-01   5.65606522e-01] [ -6.07933924e-01  -1.97655819e+00  -2.52599266e-01   1.64936229e+00
   8.71885743e-01  -1.39885630e+00  -9.81507948e-01  -2.51139490e+00
   8.28930728e-01   1.39032592e+00  -1.44340530e+00  -7.77289464e-01
  -1.36316820e+00   9.54580833e-01  -5.16085177e-01   9.53063171e-01
  -6.92057707e-01   1.61655749e+00  -6.97695246e-01   1.74420280e-01
  -3.18634133e-01  -5.38174475e-01   2.00902525e+00   1.92425017e+00
   2.27792786e-01   1.67328880e+00  -7.52978372e-01  -1.44054780e+00
   2.26520823e+00  -2.00180475e+00   1.50601421e-01   1.22320514e+00
  -1.36989403e+00  -1.35136685e+00  -1.21646012e+00  -1.11228876e+00
  -1.17408844e+00  -6.01924642e-01   8.44268343e-01  -1.80997233e-01
   8.39560287e-01   7.73898349e-01   9.38438827e-01  -4.39547232e-01
   1.12803971e+00  -1.32867351e+00  -4.07209135e-01  -3.33357619e-01
  -1.58967022e+00   8.15251779e-02   3.69371008e-01   1.27875738e+00
  -6.68135723e-03   7.05273386e-01  -7.96361072e-01  -1.44685155e+00
  -1.29554908e+00   2.14887949e+00   2.70171321e+00  -1.12090224e-01
  -2.07304091e+00  -1.01625098e+00   3.68364644e-01   5.72826159e-01
   4.31651473e-01   1.22098393e+00  -1.45654437e+00  -1.61062780e+00
  -3.62337872e-01   4.39970051e-01   1.18291375e+00   2.80860366e-01
   1.37706571e+00   1.78472462e+00  -4.99253529e-01  -7.89130630e-01
   8.13084232e-02   2.14462583e+00  -2.15038756e-01   3.28489682e-01
  -8.95959052e-01   1.20514539e+00   7.32931338e-01   1.72383193e-01
  -8.16537182e-01   4.47657096e-01  -1.13868373e+00  -8.49273374e-01
  -4.26862832e-01   5.57242348e-01   3.40854526e-01  -2.39686825e-01
   1.63637109e+00  -9.42850843e-01   6.43801439e-01  -1.01054266e+00
  -6.49748135e-01   1.40305024e+00   1.03199918e+00  -1.55359882e+00
   1.19966903e+00  -4.69467050e-01  -1.54068293e-01   1.51880965e+00
  -1.36695951e-01  -1.96539001e+00   9.21476850e-01   1.13875233e+00
  -1.12058806e+00  -1.16021607e+00   9.32338830e-01   7.22987312e-01
   1.60000824e+00  -7.05577101e-01   2.69149337e-01  -3.14716732e-01
  -3.16106363e-01   1.38320293e+00  -1.12446753e+00  -3.86918956e-01
  -2.50984566e+00   5.86753564e-01  -4.71454423e-03   2.84215796e-01
  -1.59542931e+00   1.50043287e-01   1.27271951e+00   1.40697054e+00
  -2.14175227e+00  -5.97366578e-01  -7.81598521e-01   4.52224789e-01
  -1.29077180e+00  -4.24538928e-01   1.15594111e+00  -1.15096850e+00
  -8.21291440e-01  -5.27794945e-01   1.49760552e+00  -5.33151088e-01
   2.18916166e+00   1.65385348e+00   9.44036064e-02   8.48977509e-01
  -3.10874805e-01   9.09734349e-01  -2.60948001e+00   3.22526485e-02
  -8.10615180e-01  -6.10315262e-01  -1.23792547e+00   4.41028057e-01
  -7.20524166e-01   4.91788958e-01  -1.27352575e-01  -6.22618746e-01
  -1.02602225e+00  -5.47524045e-01   1.23262201e+00   1.62933038e+00
  -2.05675907e-01  -2.53073383e+00  -2.12971978e+00   1.96035267e+00
   1.87383359e+00  -5.16364933e-01  -8.87207967e-01  -1.41950607e+00
  -3.74313527e-01   1.03775110e+00   1.66897757e+00  -9.70738295e-01
  -1.25756172e-01  -6.20480904e-01   1.68722183e+00   7.65146386e-01
   1.79990386e+00  -1.04028955e+00  -1.57468985e-01   2.11442918e+00
  -5.05294769e-01   1.54631435e+00   2.20016570e-01   5.22591494e-01
   1.54708739e+00  -1.60297468e+00  -1.38965903e+00  -1.35700081e+00
  -2.23411576e+00   1.59752519e+00   2.04074483e+00  -7.10466916e-01
  -7.10886137e-01  -1.55810763e+00   1.12427192e+00  -9.31167286e-01
  -1.03799235e+00   8.67022323e-01  -5.49307902e-01  -1.69720465e+00
  -1.26066350e+00  -4.53526277e-01  -6.01707463e-01  -1.60581725e+00
   3.19773939e+00  -1.26910758e+00  -1.00384684e+00   1.56631929e+00
   6.73943594e-02   2.92574726e-01  -3.79764254e-01   4.29367328e-02
   5.22874079e-01  -2.55704961e+00   8.36974786e-01  -5.58431337e-01
  -7.58417451e-01   1.61452391e+00   9.01490378e-02   2.04107605e+00
   1.47607915e+00   1.11306527e+00  -1.51374411e+00  -6.16598469e-01
  -1.67980815e-01   2.19707469e+00  -1.59242288e+00  -5.79297964e-01
  -6.91329928e-01  -1.15765450e+00   8.22105244e-01   7.35334433e-01
  -1.17947949e+00  -6.56027342e-01  -4.29726641e-01   1.46646339e+00
  -4.42479220e-01   1.43202698e+00  -7.64068118e-01   2.88782028e-01
  -7.86866415e-01   9.72695392e-01  -2.21011182e+00  -1.06528268e+00
   2.50313385e-01  -5.26417516e-01  -1.01431842e+00  -1.17142808e+00
   5.51506336e-01  -1.13489258e+00  -1.05879112e+00  -1.57175236e+00
  -5.67183994e-01   3.11630659e-01  -9.73078002e-01  -2.25887397e+00
  -4.61175047e-01  -2.80352463e-01   8.31914550e-01   2.45548232e-01
  -6.10467047e-01  -7.94258354e-01   6.95754752e-01   1.28327132e+00
  -8.93837185e-01  -1.74939031e+00   1.93909754e+00   3.23506842e-01
   1.67133100e+00   6.80668547e-01   2.07249534e-01  -4.04639379e-01
   9.25385162e-01  -1.57363941e+00   1.57383408e+00   6.69176776e-01
  -2.97483311e-01   6.02460990e-01  -1.03640783e+00  -1.05410261e+00
  -6.65534451e-01  -1.87504091e+00  -5.88939095e-01   2.24586185e+00
  -5.32395160e-01  -5.32714848e-03   1.64350314e+00  -9.04277353e-01
   1.38896395e+00   1.67446277e+00  -4.35883867e-02  -1.50922366e+00
  -3.52100249e-01   2.09908488e+00  -2.05592268e+00   1.00730465e+00
  -3.29792612e-01   8.47956932e-01   3.84288492e-01  -1.13693931e+00
   1.66539161e+00  -5.80392390e-01  -6.65572508e-01   1.93681076e+00
  -8.75150330e-01   1.68526317e+00   1.11809419e+00  -5.24867372e-01
  -1.38527961e+00  -1.05517721e+00  -1.17434201e+00   4.80095788e-01
  -3.32826126e-01  -5.21208851e-01   7.09107557e-01  -7.52837582e-01
  -7.13762432e-01   2.54831975e-01   1.96355036e-01  -2.70281504e-01
   1.31705525e-01   9.21085484e-01   1.71298061e-01  -3.08060374e-01
  -1.46882524e+00   1.12179326e+00  -9.80290939e-01  -1.26158676e+00
  -2.57142494e-02   6.72397287e-01  -3.04619082e-01  -9.64440286e-01
  -6.66459138e-01  -1.49163215e+00   6.35364400e-01   7.58096292e-01
  -1.23265602e+00   1.37180336e+00  -1.17648987e+00  -1.25705673e+00
  -7.91946315e-01   1.35179431e+00   4.07521260e-01   2.08333449e+00
  -1.67751437e+00   1.92984313e+00   1.44311434e+00  -8.66689653e-01
  -1.74017936e+00   7.00086414e-01  -2.44749727e+00  -2.79525092e-01
   1.11927626e+00  -1.30704945e+00   2.29384756e+00   3.03702030e-01
  -5.16278514e-01  -1.19222706e-01  -1.15244975e+00   4.55970317e-01
  -9.60457344e-01  -8.71726448e-01  -1.33375992e+00   1.52900265e+00
  -9.93085352e-01   1.58860834e+00  -1.87258630e+00  -1.05004747e+00
  -1.41702715e+00   1.18311024e+00   1.10274928e+00   3.70903950e-01
  -1.46396005e+00  -8.64795472e-02   2.39032262e+00  -5.68856333e-01
   1.83266414e+00   1.17842927e+00   1.29124482e+00   1.45004667e+00
   1.87329214e-01  -2.12212474e-01  -1.34116319e+00  -3.14208870e-01
   1.14725865e+00   1.64899434e+00   1.61854371e+00   1.84985202e+00
  -1.74023065e+00  -1.51625643e+00  -1.53352098e+00  -5.76153854e-01
  -1.45376616e+00  -3.17121359e-01   4.77977611e-01   1.50798295e-01
  -9.34623754e-01  -1.62853577e+00   2.24133157e-01   1.51780604e+00
   3.62582689e-01  -1.90029467e+00  -1.46596073e+00  -6.14076830e-01
  -1.07771024e+00   2.97735449e-01   2.27567050e+00  -6.01206253e-01
  -5.87728027e-02   1.29112340e+00  -2.80086721e-01   1.84997422e+00
  -4.86648261e-01  -2.72619986e-01   1.45216756e+00   2.37087287e+00
  -1.98695396e+00   4.03565319e-01   2.49496702e+00   1.92316067e+00
  -7.94519634e-01  -3.03039064e+00  -2.31176651e+00   9.77153976e-01
   4.97712978e-01   1.07889264e+00   1.14817802e+00   1.14930843e+00
  -1.12550275e+00   1.33616785e+00  -2.61922609e-01   4.64247501e-01
   1.34726585e+00   9.90877444e-01   8.23887239e-01   9.83880047e-01
   1.40859507e+00   3.59573545e-01  -9.53471059e-01   2.94569359e-02
  -1.65188481e+00  -1.10799515e+00   1.55963515e+00  -2.68297615e+00
   2.42949410e+00   6.59684330e-01  -7.55521799e-03  -9.45896463e-01
   1.03301152e+00  -7.37890533e-01  -1.68771275e+00  -1.27940371e+00
   1.05308702e+00  -5.41428031e-01   1.76290175e-01   1.05040549e+00
  -5.12223516e-01  -1.23200367e+00  -1.18072805e+00  -3.79820439e-01
  -1.06442982e+00  -1.94235051e-01   1.80631344e+00   1.12550813e+00
   2.50659388e+00   2.08838731e-01   3.03700718e-01  -4.94614040e-01
   7.76861344e-01  -8.42413503e-01  -1.43252980e+00   1.00335585e+00
  -1.00843560e+00   1.80677045e-01   5.52884219e-01   1.34347920e+00
   2.98333225e-01  -2.68036087e-01   1.93325920e+00   1.94107265e+00
   1.88705878e+00   4.95736880e-01   1.72246026e+00   1.15909116e+00
   6.31994666e-01  -1.78567822e+00  -9.43558307e-01  -1.66657504e+00
   1.12791265e+00  -1.15783417e+00  -1.14941633e+00  -1.98208092e+00
   9.63221792e-01   1.74822312e+00  -3.82054750e-01   1.42750248e-01
  -6.20836621e-01  -1.21270282e-01   1.90541072e+00   9.93189301e-01
  -1.12045103e+00   8.04502931e-01   1.02152151e+00  -2.60337391e-03
  -1.39348145e+00   4.01671265e-01   3.87786703e-01  -3.72780952e-01
  -6.54673752e-01   1.93687698e+00  -7.99713680e-02   2.34078710e-01
   6.28982781e-01  -1.24054774e+00   1.85330461e+00   2.28357331e-01
  -1.76207411e-01   8.47689163e-01   1.16782341e+00   8.00960701e-01
   5.78122883e-01   1.76170597e+00   4.35218000e-01   4.62723573e-01
  -3.70258622e-01   1.48208774e+00   5.22634193e-01  -1.00761396e+00
  -3.82943111e-01   1.68855211e+00   5.28567577e-01   4.35333407e-01
  -8.44298938e-01  -7.55920526e-01   1.95622919e+00  -6.71929039e-01
   1.08810194e+00   1.22600503e+00   1.52158331e+00  -1.63640986e+00
   6.44321397e-01   8.99397122e-02   1.34371544e+00  -1.04750643e+00
  -1.29099787e+00   1.41982569e+00  -1.85963657e+00  -1.40999211e+00
   9.53927652e-01   2.43439400e+00  -9.33370416e-01   1.54048695e+00
  -9.11727666e-01  -9.09357659e-01  -1.77746265e+00  -8.76579777e-01
  -1.53447575e-01   2.17491652e+00   4.51658181e-01  -2.49111057e-01
  -1.82938223e+00  -2.86270508e-02   2.30422529e+00  -4.97989295e-01
   2.24707878e+00  -3.33855401e-01  -1.60449783e+00   1.22406528e-01
  -1.75989106e+00  -1.74795160e+00   1.42404023e+00  -4.49398714e-01
   3.60129422e-01   1.02521171e+00   3.39927283e-01   1.02333235e+00
  -3.94023087e-01  -1.01003655e+00  -6.67478170e-01   1.89319926e+00
  -6.10912188e-01  -1.71491202e+00  -1.81988823e+00   1.24764415e+00
   1.36878447e+00   1.17207732e+00  -2.11362249e-02   3.36262678e-01
  -1.83871569e-01  -2.18354147e-01  -7.50626733e-01  -5.68208402e-01
  -7.91926661e-01   1.21284874e+00   1.38643872e+00   2.45606561e-01
   7.63247581e-01  -1.73657405e+00  -9.44118784e-01   1.19625326e+00
   1.22079966e+00   7.57335406e-01   2.63005873e+00  -1.33765072e+00
   2.80374564e+00  -9.21395472e-01  -1.67430171e+00   1.69383196e+00
   6.45789093e-01  -8.73086518e-01  -1.35583763e+00  -8.02902560e-01
   2.48158376e-01   1.00128378e-01  -1.07045447e+00  -1.51121580e+00
  -7.49395704e-01   8.76533952e-01   3.50415885e-01   1.56458553e-01
   1.24510930e+00  -1.87886603e+00   1.74854550e+00  -1.59046654e+00
   1.66602315e+00  -2.19462101e+00  -5.39840673e-02   1.68969419e+00
  -3.74997857e-01  -1.76675158e+00   1.67102090e-02   1.46311440e+00
   4.43571842e-01  -3.52545239e-01  -9.26021695e-01  -1.63574591e+00
   1.58489674e+00  -1.43788508e+00   2.01933307e+00   1.62332963e+00
   7.07511207e-02   2.63111214e-01  -7.08511767e-01  -9.19130304e-01
   1.11200057e+00   1.68222591e+00  -9.94043627e-01  -8.30920120e-01
  -7.54034211e-01   1.44622379e+00  -8.95409248e-01  -5.84770092e-01
  -6.42321397e-01   1.46561616e+00   8.64431294e-01   1.14489298e+00
   1.71707590e+00   1.19104804e-01  -6.90988601e-01  -3.20424185e-01
  -1.12147415e+00   9.80022871e-01  -4.94643213e-01   2.01914181e+00
  -5.95563285e-01   2.60907926e+00   1.07013067e+00  -5.32722900e-01
  -2.12990240e-01   9.88535758e-01   1.79528712e+00  -1.88138048e-01
  -2.15841395e+00   1.96960827e-01   2.06836095e+00  -1.53950710e+00
  -1.36525342e+00  -1.18717464e+00   2.99101080e-01   1.07073642e+00
   3.50051084e-01  -1.65134063e+00   1.88351948e+00  -6.61303792e-01
  -1.18388621e+00  -3.16896989e-01   9.50110035e-01   2.10781082e-01
  -1.60190212e+00  -1.76086681e+00   1.44406334e+00  -2.04610450e-01
   5.80288378e-01  -1.91036756e+00  -1.15386689e+00  -4.21518034e-01
   1.48325102e+00  -6.89480413e-02   1.76941249e+00   8.02753346e-01
  -4.36607602e-01   1.23703247e+00   4.49004578e-01   9.52412953e-01
  -5.10788667e-01  -1.30575665e+00   2.53530978e+00   1.21906218e+00
   4.35547875e-01   2.27406385e+00  -1.16603186e+00   1.93613210e+00
  -1.27019573e+00   5.31848259e-01  -1.26419456e-02  -6.76594863e-01
   3.08227760e-01  -1.52753403e+00   5.65667785e-01  -1.79821335e+00
  -9.61374432e-01  -1.13518771e-01   8.08683461e-01  -1.72399104e+00
  -2.23290277e+00   1.25856252e-01  -2.03071314e-01  -9.15737955e-01
   2.40167741e+00  -8.63079522e-01  -6.14236846e-01  -1.09258277e+00
  -1.01336987e+00  -5.71435002e-02   1.66840493e+00  -8.66308490e-01
   2.03607232e-01   1.12768779e+00   4.17129174e-01  -2.00707365e+00
  -2.11284852e-01   1.38325096e+00  -1.47633692e+00  -1.21053283e+00
  -9.22917164e-01   1.52328589e+00  -1.56470953e+00  -6.78776328e-01
  -4.09303505e-01  -6.32297567e-01   1.85599517e+00  -5.50080912e-01
  -8.24603819e-01   8.66320886e-01  -3.53398013e-01   9.56865793e-02
  -3.79174140e-01   1.23008930e+00  -7.41235146e-01  -2.06878851e+00
  -7.97796014e-01   1.81029606e+00  -7.52970619e-01   2.72727336e+00
  -1.98602253e+00  -9.09985671e-01   8.23431808e-03  -2.55125936e-01
  -9.25509965e-02  -2.29057843e+00   7.76541142e-01   1.28552048e+00
   9.11032892e-01  -8.12874994e-01  -1.09677985e+00  -2.58452724e+00
  -7.11266479e-01  -1.04499406e+00   2.03494071e+00  -1.13156132e+00
  -1.34949397e+00   4.58976500e-01  -8.99231493e-01   1.24937478e+00
  -5.13829660e-01  -3.57977791e-01   1.61366269e+00   3.40622344e-01
   1.33696595e+00  -6.02626830e-01   8.11809143e-01   1.90744423e+00
   2.69812855e-01  -1.12991252e+00  -1.40552077e-01   9.30942951e-01
  -1.16769382e+00   1.61911288e+00  -4.33060962e-01  -1.29850836e+00
  -6.90168203e-02  -7.74133720e-01  -1.14997515e+00  -4.84343409e-01
  -1.99669477e+00  -1.29915641e+00  -2.97756506e-01  -1.89185390e+00
   9.95656394e-01  -3.93242097e-02   9.84062208e-01   8.79486595e-01
  -1.16530229e+00   1.68597651e+00  -1.23426410e+00   1.68446718e+00
   8.04986772e-01  -1.03706196e+00   1.14059571e+00  -1.40350099e-01
   2.15975059e+00  -7.67794003e-01  -8.43476092e-01  -1.49955454e+00
   1.54519885e-03  -6.84382805e-01  -1.07829034e+00   3.34513202e-01
  -1.19024342e-01   2.94760048e-01  -3.85749382e-01   1.48684451e+00
  -1.98754122e+00  -1.19856642e+00  -1.63892326e+00   1.07232404e-01
  -1.59254312e+00  -1.62330009e+00  -1.81895063e+00  -5.86712867e-01
  -5.07056545e-01   1.48462721e+00   1.44841607e+00  -1.99397190e+00
  -9.52914300e-01   1.94765589e+00   1.51072423e+00  -2.27850819e+00
  -1.06300016e+00   8.04914295e-02   1.66601094e+00   5.17204163e-01
   1.29536947e+00   7.55682491e-02   1.06580138e+00  -2.39460513e-02
   1.18211989e+00  -9.28368914e-01   8.00394836e-01   6.44916922e-01
  -2.06806787e+00  -4.08639561e-01   4.10509036e-01  -6.56271987e-01
  -4.24745310e-01  -6.10349741e-02  -1.01296109e+00   1.61996302e+00
  -1.01242319e+00  -1.23821003e-01   4.43166617e-01  -1.36492937e+00
  -1.79633193e+00  -9.54496785e-01  -5.84649228e-01   4.95713639e-01
  -7.30006684e-02   1.13067363e+00   1.33891398e+00  -2.13521830e+00
   2.70163013e-01  -5.06764011e-02  -2.03894896e-01   4.70682853e-01
  -8.71040350e-01   1.34250219e+00   1.73852734e+00   7.36695385e-01
  -9.09997969e-02   1.14093184e+00   1.59471237e+00  -1.15069148e-01
   2.36399853e+00   2.10575437e+00   6.89558903e-01  -1.47191124e+00
   4.99325485e-01  -9.17937141e-01  -1.37597141e+00   1.82355221e+00
   9.84474941e-01  -5.76628316e-01  -1.23497897e+00  -2.59991908e-01
  -1.24991175e+00   2.45094316e+00  -1.08196105e+00   1.06957880e+00
   2.04341221e+00  -1.55444175e+00  -1.17952145e+00   1.23083970e+00
  -8.12226590e-01   1.08273888e+00  -2.28987472e+00   5.34681882e-01
  -1.09028612e+00  -1.15376035e+00   1.70811105e+00   6.33023302e-01
   5.03529189e-01   7.95753288e-01  -1.35494495e+00   1.76393395e+00
  -3.40259255e-01  -1.85667506e+00  -8.72252285e-01   6.69318047e-01
   3.88636947e-01   8.20264326e-01  -5.32122514e-01  -1.52513429e+00
   1.96431419e+00   1.12646695e+00  -2.68405824e-01]

*** Componentes principais [T] (somente originais):
[-2.41589445 -3.35601504  0.88648452 -0.20458453  0.63174212  1.00371974
  2.53697594] [ 0.35085586  0.71350109 -1.87164325 -1.11424577  0.42449238 -0.67636142
  1.92875383] [ 0.46861106 -0.36557443 -0.95936971  0.32323788  0.02583927  0.37789692
 -0.27880057] [-0.60793392 -1.97655819 -0.25259927  1.64936229  0.87188574 -1.3988563
 -0.98150795]

*** Contribuições (autovetores) [P] (idem para todos e originais) ###TABLE VI.### Percentages of the contributions from each musical characteristic on the four new main axes.

C1 [18.976677380499556, 13.119210283429766, 1.9562465848653523, 18.898070778555219, 6.3069127779457332, 17.277224937096669, 14.498831836473785, 8.9668254211339136]
C2 [5.8969847592750018, 10.363156029311103, 23.607292956540093, 12.585824945984811, 13.777248806836424, 9.616448359289409, 5.5891705649082013, 18.56387357785496]
C3 [11.085803843319271, 20.006616623048142, 11.025983650364141, 6.5195955024351955, 11.244788075273163, 15.954947881703827, 14.598058190335944, 9.5642062335203288]
C4 [11.562180454086485, 2.7564540679170761, 15.183151520261678, 7.1412252308135624, 26.696896185568907, 6.9377379390018135, 12.743591732812339, 16.978762869538148]
C5 [13.186072831039308, 7.3725115309596845, 22.753611378788907, 11.94307945189308, 1.230006350303912, 31.663539622360108, 10.115375498731579, 1.7358033359234359]
C6 [39.181625871671663, 0.43516946551745916, 3.6634831919679129, 42.046586943608204, 1.580296514559338, 2.0042878563129536, 1.6457482440509277, 9.442801912311543]
C7 [7.6847032618241755, 25.809078056143509, 5.745772636724559, 3.6740457415107759, 23.076916368081115, 5.9861457937465161, 7.658815817177544, 20.364522324791807]
C8 [0.27212877073591746, 16.372526946537107, 15.957012354492953, 2.1725711187962129, 7.3583724130479737, 3.3623479247914969, 32.783472590912474, 21.721567880685868]
princ_orig [[-2.41589445  0.35085586  0.46861106 -0.60793392  0.48392158  0.04258678
  -0.14739769  0.09831484]
 [-3.35601504  0.71350109 -0.36557443 -1.97655819 -1.06223515  0.16732262
   0.36313244 -2.20709256]
 [ 0.88648452 -1.87164325 -0.95936971 -0.25259927  2.11087398  0.53408855
   0.1005502  -1.89774217]
 [-0.20458453 -1.11424577  0.32323788  1.64936229 -0.63615902 -0.26663523
  -0.08835751  0.4700398 ]
 [ 0.63174212  0.42449238  0.02583927  0.87188574  0.431482   -0.35927257
  -0.05903589  0.20247149]
 [ 1.00371974 -0.67636142  0.37789692 -1.3988563  -1.4182271   0.58776614
   0.13317834  0.76182179]
 [ 2.53697594  1.92875383 -0.27880057 -0.98150795 -0.27418298 -0.02359508
  -0.07543478  0.22915046]]
princ [[-2.41589445  0.35085586  0.46861106 ...,  0.04258678 -0.14739769
   0.09831484]
 [-3.35601504  0.71350109 -0.36557443 ...,  0.16732262  0.36313244
  -2.20709256]
 [ 0.88648452 -1.87164325 -0.95936971 ...,  0.53408855  0.1005502
  -1.89774217]
 ..., 
 [-0.54680174  0.08886287  0.40074563 ..., -0.33218285  0.14491485
   0.86038876]
 [-0.12054998 -0.80569974  0.45171235 ..., -0.4599971  -0.12817658
  -0.90374122]
 [-3.06598065  0.7817306   0.56560652 ...,  0.16888894 -0.64472013
   0.55289535]]

###TABLE VII. TABLE VIII###.


*** Oposição:
[1.0, 1.0183119198373904, 0.51102283138563942, 0.26190332745247957, 0.4668716095687836, 0.24921161514121459]

*** Inovação:
[nan, 1.9592266987530684, 2.8769322363673764, 1.791703235354259, 2.7545120688455142, 3.1942950897893558]

*** Dialéticas:
[2.6398740021647455, 1.8770699785027352, 0.71906494904333751, 1.112868380189554, 0.06259092727669964]

*** Dialéticas 2d:
[4.3847827503140939, 1.1582040435815681, 0.85453852330200064, 0.086076142014597262, 1.396204268718537]

*** Dialéticas Todos (8d):
[1.9743836797522838, 1.112132015936508, 1.1655852076192561, 0.25173039838208816, 0.25593593605309228]
dados [[-1.00158648 -1.06419841 -0.23839703 ...,  0.97704326  0.10785429
   0.16630235]
 [-1.30536676 -0.22323155  0.09323312 ...,  1.15880291  1.33676319
  -0.5625897 ]
 [-0.17332413  1.31558212 -0.51691046 ..., -0.50986155  1.04824159
  -0.70531242]
 ..., 
 [-0.23016427  0.781518    1.99989807 ...,  1.33444056  0.08491709
   1.46415177]
 [-0.32011761 -0.53580419  0.09861848 ...,  0.56983072 -0.52158191
  -0.30804027]
 [-2.38638522  0.71826504  1.45262914 ..., -1.04701406  0.79011085
   0.65077758]]
###TABLE V.### Average and standard deviation of the deviations for each composer and for the 8 eigenvalues.
main_means [3.7009505394483813, 5.3738210120785492, 4.537845657746078, 3.4932339766962754, 3.0286301893211145, 3.7165731148296937, 4.3046079426428845]
main_stds [0.85574617763268024, 0.95675527602120214, 0.84148824891291452, 0.78455606762601326, 0.66521256028792453, 0.82143355926705663, 0.93265357902257506]
eigenvalues means [-0.18080623 -0.06464026 -0.02792795 -0.01248106  0.0537306   0.07009272
  0.08236132  0.07967086]
eigenvalues stds [ 0.00484158  0.0029769   0.00243802  0.00225394  0.00232342  0.00251144
  0.00295     0.0033265 ]
