
*** Dimensões da tabela de notas: (474, 8)

*** Tabela geral de notas:
[[ 3.          3.5         9.         ...,  3.5         5.          4.5       ]
 [ 8.          7.5         7.         ...,  8.          2.5         2.5       ]
 [ 1.5         2.5         9.         ...,  2.5         7.5         7.5       ]
 ..., 
 [ 7.89623317  8.17669258  3.727177   ...,  8.34550081  2.08201505
   3.30087825]
 [ 3.68661145  3.45368542  8.68085842 ...,  1.7285187   6.38449694
   4.43020773]
 [ 7.07244611  7.21117931  8.65937372 ...,  5.4934049   2.84912914
   2.83467679]]

*** Matriz de covariância:
[[ 1.    0.27 -0.17  0.1   0.08  0.37 -0.17 -0.32]
 [ 0.27  1.   -0.49  0.2   0.05  0.62 -0.41 -0.17]
 [-0.17 -0.49  1.   -0.37  0.43 -0.23  0.29 -0.05]
 [ 0.1   0.2  -0.37  1.   -0.17  0.04  0.13  0.19]
 [ 0.08  0.05  0.43 -0.17  1.    0.23 -0.07 -0.22]
 [ 0.37  0.62 -0.23  0.04  0.23  1.   -0.39 -0.29]
 [-0.17 -0.41  0.29  0.13 -0.07 -0.39  1.    0.41]
 [-0.32 -0.17 -0.05  0.19 -0.22 -0.29  0.41  1.  ]]

*** Pearson (igual matriz covar.):

['1.0', '0.27', '-0.17', '0.1', '0.08', '0.37', '-0.17', '-0.32']
['0.27', '1.0', '-0.49', '0.2', '0.05', '0.62', '-0.41', '-0.17']
['-0.17', '-0.49', '1.0', '-0.37', '0.43', '-0.23', '0.29', '-0.05']
['0.1', '0.2', '-0.37', '1.0', '-0.17', '0.04', '0.13', '0.19']
['0.08', '0.05', '0.43', '-0.17', '1.0', '0.23', '-0.07', '-0.22']
['0.37', '0.62', '-0.23', '0.04', '0.23', '1.0', '-0.39', '-0.29']
['-0.17', '-0.41', '0.29', '0.13', '-0.07', '-0.39', '1.0', '0.41']
['-0.32', '-0.17', '-0.05', '0.19', '-0.22', '-0.29', '0.41', '1.0']

*** Autovalores (var. %):
[32.0, 23.0, 13.0, 11.0, 8.0, 6.0, 5.0, 4.0]

*** Dados finais:
[[-1.21908195  2.76384238 -2.79850136 ...,  3.3011563  -1.83913467
   1.49017932]
 [ 0.77271148  1.85931507  0.26162516 ...,  0.36094863  0.85524664
   1.87789726]
 [ 0.75375621 -0.58230836 -1.0612031  ..., -0.53250086  1.43952576
   0.22158456]
 ..., 
 [-0.20545981  0.12458135 -0.00724609 ..., -0.48234021  0.51550836
   0.0698563 ]
 [-0.36705874 -0.05721795  0.23225974 ...,  0.38491959 -0.65380431
  -0.9079871 ]
 [ 0.29423239  0.11454078 -0.33283719 ..., -0.12470278 -0.374473
  -0.18446317]]

*** Componentes principais [T] (todos):
[ -1.21908195e+00   2.76384238e+00  -2.79850136e+00   1.45650977e+00
  -1.13941475e+00   4.35434343e+00   1.33001829e+00  -2.05468342e+00
   2.13777847e+00   1.73657156e+00  -8.47762178e-01   2.08724003e+00
  -1.48191769e+00  -1.70578112e+00  -1.59220945e+00   1.28952451e+00
  -2.26278897e+00   1.37703318e+00   3.08092439e+00  -2.07172375e-01
   2.42183791e+00   1.32714134e+00  -1.03627937e+00  -1.39124762e+00
  -8.93277682e-01  -1.83554971e+00  -6.61918895e-01  -1.89152144e+00
  -7.83060695e-01  -1.22063325e+00  -8.25687154e-01   5.20733534e-01
  -9.75619803e-02  -1.07530456e+00  -1.72207136e+00   2.19800776e+00
   2.04059257e+00   3.65649052e-01   9.34716916e-01  -1.53949093e+00
   8.26388954e-01  -4.03865827e-01  -2.96696228e+00  -2.22575395e+00
   6.67133664e-01  -4.56609077e-01   2.16252204e+00  -1.06335656e+00
  -1.32672701e+00  -7.14078928e-02   1.78504048e+00  -1.12564287e+00
  -3.38648394e-01  -9.06016438e-01   6.67589973e-01  -1.08126176e+00
  -1.18851338e+00   2.64506526e+00  -1.14237121e+00  -2.83285115e-01
  -4.46951693e-01   4.15510658e-01  -2.76539506e+00   8.92643952e-01
   1.26299970e+00  -8.27486846e-01  -1.10980845e+00  -1.00388282e+00
   3.00464794e+00  -1.69486759e+00   2.23398813e+00  -1.93410529e+00
  -1.81054247e+00  -1.06546673e+00  -2.23923716e+00  -7.78633994e-01
  -3.41530614e-01  -2.37199631e+00  -6.75183333e-01   3.06815865e+00
   7.84331671e-01  -1.01265577e+00   4.10856027e-02   2.43817150e+00
   1.57858534e+00  -1.38920640e+00   2.85988572e+00   1.40335786e+00
  -1.27786421e+00  -2.93351945e-01   5.01499342e-01   1.87344348e+00
  -5.95624633e-01   2.21989415e+00  -1.23776601e+00  -8.95356770e-01
   1.10152383e+00  -1.11937112e+00   6.34686261e-01  -9.22241564e-02
  -1.74605973e+00   1.20932179e+00   1.10882927e+00   1.77447895e+00
  -1.53489204e+00  -1.97888235e+00  -1.41146567e+00  -9.28097035e-01
   2.67323852e+00   1.65733412e+00  -1.58072712e+00   2.07228824e-01
  -2.28563586e+00   2.30835559e+00   2.10342392e+00   3.50069810e-01
   1.16445347e-01  -2.11186264e+00  -1.37188609e+00  -8.58392686e-01
   4.11364320e+00  -2.43611069e+00   1.20526310e+00  -2.10228650e+00
   2.45346515e+00  -9.67825694e-01   3.25476343e-01   9.49349925e-01
  -7.93704968e-01   1.34769223e+00  -6.52834988e-01   2.87526729e+00
  -2.12655290e+00  -2.26498673e+00  -2.11825982e+00  -1.10042802e+00
  -1.73850830e+00  -1.18914278e+00   2.11495994e-02  -7.27918631e-01
   1.71775061e+00  -4.73497656e-01   1.34031362e+00   2.16887204e+00
  -1.07462622e+00   2.54600259e+00  -1.26242689e+00  -1.21183516e+00
   1.45387074e+00  -1.28885592e+00  -1.39712807e+00  -1.89851134e-01
   1.01383817e+00   9.26938592e-01  -1.72138349e-01   2.11347933e+00
  -1.07706408e+00   1.13804263e+00  -9.18360357e-01  -9.21054547e-01
  -4.00646417e-01   2.01333835e-01  -1.21196889e+00   6.54473845e-01
   1.45862074e+00   8.54213249e-01   2.91210314e+00   2.22094143e+00
  -2.53343445e+00  -1.67330236e+00   2.27321074e+00  -1.53092862e+00
  -1.67318771e+00  -1.01965478e+00  -1.47485885e+00  -7.23778295e-01
   2.30017063e+00   5.80037810e-01  -2.32099952e+00  -2.37887980e-01
  -3.23186956e+00   2.30768721e+00   2.98742128e+00   1.00029153e+00
  -1.29071717e-01  -1.25453113e+00  -1.39725426e+00   9.52277427e-01
   2.09868988e+00  -1.17639565e+00  -1.69850846e+00   8.74641979e-01
  -1.15669240e+00   2.01845276e-01  -9.05472473e-01  -1.23334416e+00
  -1.62538753e+00   3.19012837e-01  -1.01344357e+00   2.73424413e+00
  -1.23358039e+00  -1.20603382e+00   4.08573298e-01  -1.07498620e+00
  -6.31901622e-01  -1.59692140e+00   1.96375795e+00   1.31921229e+00
  -7.64896632e-01   1.13739382e+00  -3.24436352e-01   9.62047491e-01
  -1.42998870e+00   2.40127836e+00  -1.12552089e+00  -7.11992310e-01
  -9.10878529e-02  -1.37640140e+00  -1.80816205e+00  -4.91231468e-01
  -1.90751758e+00  -1.47830143e+00  -1.24626572e+00  -9.78501609e-01
  -6.92285527e-01   2.17198766e+00   2.54950191e+00  -9.90225701e-01
   1.64905338e+00   1.48011054e+00  -8.48942150e-01  -9.00092892e-01
  -7.23354156e-01   1.20179783e+00   1.56160576e+00  -9.99113684e-01
  -8.28397694e-01  -8.77964933e-01  -4.08235533e-01  -8.17910873e-03
  -6.59105431e-01   1.08563728e+00   3.00214602e+00  -7.19030647e-01
  -1.80368669e+00  -2.01844605e+00   1.54046257e+00   6.40657017e-03
   2.07717372e+00   3.45879428e-01  -4.08725166e-01  -1.65112367e+00
  -1.14949890e+00  -1.01261891e+00  -3.00185813e-01   1.83028700e+00
  -1.00761470e+00  -9.28626398e-01   2.17147249e+00   1.61134421e+00
   3.31328832e+00  -2.55116510e+00  -1.25361887e+00   1.16763565e+00
   1.98659364e+00  -1.27506306e+00  -1.12067799e+00   3.15054817e+00
  -2.92095722e-01   5.99474130e-01   8.56271793e-01   8.75119400e-01
   2.57120276e+00   4.75403292e-01   1.45776200e-01  -1.52785715e+00
   5.64173859e-01   2.26903185e+00   1.52535526e+00  -1.32265443e+00
  -1.67582693e+00   5.05818440e-01  -8.02584183e-01  -2.36372159e+00
  -6.84795372e-02   1.27153638e-01   1.11494798e+00  -1.26696709e+00
   2.46168072e+00  -1.60852288e+00  -7.83115881e-01   8.18232143e-01
  -1.89902755e+00  -3.46401920e-01   7.85064777e-01   1.64552895e+00
   2.37412046e+00  -1.46569465e+00   1.93022886e+00  -6.56174438e-01
   3.11512594e+00   1.70701118e+00  -3.32599034e+00  -4.37124373e-01
  -1.81097158e+00  -1.91864105e+00  -8.47611968e-01  -2.12155621e+00
   9.46274616e-01  -1.23876365e+00   8.94585121e-01  -1.75716619e-03
  -2.30519057e+00   1.68755999e+00   1.87304298e+00  -1.14146365e+00
  -7.25680139e-01  -2.60573734e+00  -6.91759238e-01   1.61323309e+00
   6.87310361e-01  -2.53411016e-01  -7.69603715e-01   1.47335596e+00
  -7.69131667e-01   4.21509526e-01  -1.60566776e+00   1.35321606e+00
   6.03896520e-01   8.87233544e-01   1.64382965e+00   6.33327348e-01
   2.02373813e+00  -2.77643406e+00   1.54527423e+00   2.17799293e+00
  -1.56485260e+00   1.60032108e+00   3.38143596e+00   2.64524842e+00
   3.16204072e+00   3.03804630e+00   1.64038184e+00   9.63933961e-01
  -5.09656765e-01  -1.34057925e+00   2.25200060e+00   3.69322375e-01
  -1.31758633e-01  -1.71010728e+00  -1.40618046e+00   2.18587656e+00
  -1.53527496e+00  -1.64265120e+00   1.91738997e+00  -4.41430779e-01
   2.05768457e+00  -6.86670165e-01  -2.18405447e+00  -6.92375649e-01
   2.37792607e+00  -1.20394532e+00   2.18590195e+00  -3.32922782e-01
  -1.43698420e-01   2.69412486e+00  -9.12611837e-01  -1.55181964e+00
  -1.89052950e+00  -1.05515697e+00  -1.51628454e+00  -1.37654205e+00
  -9.62327770e-01  -1.64620334e+00  -6.37933440e-01   2.76670937e+00
   1.48652455e+00  -3.96305566e-01   8.00070646e-01   2.09231825e+00
  -1.71406823e+00  -1.40311741e+00  -1.88035632e+00  -1.31702601e-01
   3.01497205e+00  -1.60637559e+00   9.61657572e-02   9.24028744e-01
  -1.24085127e+00  -2.85345253e+00  -5.03534517e-01   1.54720641e+00
  -9.22505453e-01  -4.13862905e-01  -2.09113929e+00   2.66680885e+00
   5.87453833e-01  -1.13086852e+00   2.61979653e+00  -1.08060458e+00
   2.62045847e+00  -1.32355552e+00  -3.00363473e-01  -2.68483855e+00
  -3.04580879e-01   5.32227040e-01  -1.78316841e+00  -1.08588762e+00
   2.81215844e+00  -6.35367105e-01   6.97527598e-01   1.27134628e+00
   2.78561670e+00  -1.28217747e+00  -9.74722337e-01   4.16044363e-01
   3.14790503e-01  -4.29079913e-01  -1.42840914e+00   3.29645653e+00
  -9.16397513e-01   2.94219130e+00  -8.44519626e-01  -1.97394607e+00
   3.80995121e-01  -9.69496006e-01  -6.95047163e-01  -1.15890000e-01
  -9.19878537e-01   3.48967262e+00  -5.77429348e-01  -2.36130856e-01
  -1.65782302e+00   4.40630764e-01  -8.35935696e-01   2.23789087e+00
   1.24870455e+00   1.53869215e+00  -8.60429964e-01  -2.12064636e+00
   3.29513900e-01  -1.25218305e+00  -7.65614436e-01  -3.17351233e+00
  -7.84877461e-01  -1.97514906e+00  -1.16430872e+00   6.06679028e-01
   1.22079279e+00  -1.60596878e+00  -6.30255149e-01   4.16809408e+00
  -1.47678951e+00  -1.05295720e+00   1.32303946e+00   6.90314043e-01
  -1.26551026e+00   1.19149918e+00   2.37308251e+00  -1.11562715e+00
   7.96044586e-01   3.16140780e+00  -1.22764535e+00   4.84693520e-01
   1.18684574e+00  -7.71028288e-01  -8.84400309e-01  -1.54813851e+00
  -1.60947057e+00   9.27937744e-01   4.10489404e-02   3.30115630e+00
  -1.83913467e+00   1.49017932e+00] [  7.72711479e-01   1.85931507e+00   2.61625158e-01  -2.68757379e-01
  -1.23828592e-01  -8.47473336e-01  -2.47580798e+00   4.11002385e-01
  -2.06574427e+00  -1.88747026e+00   1.33440973e+00   1.47857005e+00
  -6.68907515e-01  -3.82410542e-02   1.02921516e-01  -2.21443082e+00
  -2.53974050e-01  -1.61371344e+00   2.92198969e+00   1.48478820e+00
   7.84569987e-01  -2.08454353e+00  -5.45712931e-01  -2.87717468e-01
   3.59263476e-01   5.09925520e-01  -6.98266017e-01   1.12959169e+00
  -8.67760015e-01   3.25809693e-01   4.08564775e-01  -2.74692543e+00
  -1.28209565e+00  -5.90782219e-02   5.39316940e-01   1.96258006e+00
   1.68937849e+00   3.42241963e-01  -2.22030686e+00   9.60671436e-01
  -2.09696997e+00   3.58801101e-01   5.33702528e-01  -7.21139213e-01
  -3.01623064e+00   6.15902963e-01   9.75846221e-01   1.35979198e+00
   7.42990382e-02   1.35076325e-01  -2.32776607e+00  -1.10943230e+00
   8.61339854e-01  -9.07114644e-01  -2.04256368e+00   4.03199028e-01
  -1.00608375e+00   1.18285902e+00   1.11047729e+00   8.47662056e-01
   7.72255568e-04  -1.41303798e-01  -6.53911922e-02  -2.81322323e+00
  -1.81520231e+00   4.28365531e-01  -7.10759185e-01  -3.08553589e-03
   1.81028456e+00   3.25603636e-01   2.22496796e+00  -1.18624706e+00
  -1.41613006e-01  -8.41538337e-01  -2.64454383e-01   1.57596717e+00
   5.30197433e-01   2.20334099e-01   6.64189518e-01   1.81049449e+00
  -2.52870724e+00   6.05643367e-02  -2.38427646e+00   2.38170685e+00
  -9.18575920e-01   6.69135441e-01   1.79754361e+00   1.36668492e+00
  -3.06428653e-01   1.09936893e+00   2.26418271e+00   1.38293594e+00
   1.46466547e-02   5.48646362e-01   3.47792113e-02   5.30252523e-01
  -2.11786697e+00  -3.59574172e-01  -3.57367402e-01  -1.08484296e+00
   2.39977563e-01   1.07480341e+00  -1.84263655e+00   1.43220282e+00
   9.61375099e-01   5.41125864e-01  -5.04950206e-01   7.18750334e-01
   1.13171929e+00   8.60502290e-01  -1.16511676e+00  -3.85960338e-01
   1.22338334e-01   1.00287171e+00   2.46420539e-01  -2.69250223e+00
  -1.97669538e+00  -3.04079666e-01  -1.18096651e+00  -3.34307132e-01
  -4.36917425e-01  -4.26188005e-01   6.98876994e-01   1.02294296e+00
   1.22131883e+00   8.53147786e-01  -2.26410060e+00   9.38267489e-01
   2.92715394e-01  -2.82774505e+00   1.36703200e-01   1.49387024e+00
  -1.79789532e-01   1.78918295e-01   2.39862229e-01  -7.47156112e-02
   1.03688772e+00   7.63855066e-01   3.30208558e-01  -1.91167554e-01
   1.14479593e+00   7.02763874e-01  -2.09909198e+00   2.57526918e+00
   9.63701248e-01   1.86447088e+00  -5.28004851e-02   4.71827027e-01
  -2.63257637e+00  -6.89597922e-01   1.64379159e+00   1.65505191e-01
  -2.11995637e+00  -2.58789990e+00  -1.03044965e-01   2.08893303e+00
   5.00600605e-01  -2.16254061e+00   1.25543722e+00  -1.88300589e-01
  -3.89261526e-01  -7.88695904e-01   1.55935767e+00  -1.30995776e+00
  -2.34584768e+00  -2.50924966e+00   2.25065683e+00   1.51555212e+00
   1.34350499e+00   9.48596387e-01   1.21241680e+00  -8.77471488e-01
  -1.39565413e-01  -3.92140760e-01   4.48182624e-01   1.00511524e+00
   1.28898536e+00  -2.00612738e+00   1.31025559e+00   7.41672732e-01
   9.47172098e-01   1.59761537e+00   2.04547305e+00  -1.65243053e+00
  -1.82801637e+00   1.38441214e+00   1.10212399e+00  -2.94341458e+00
  -1.38789877e+00  -5.38289045e-01  -9.77741336e-02  -1.72344636e+00
  -3.18115367e-01  -3.19385120e-01  -4.54942690e-01  -8.39449621e-01
  -3.01547013e-01   1.75199007e-01   1.47072246e-01   2.17098698e+00
   4.19914268e-01   2.18645631e-01  -2.44787483e-01  -1.18023533e+00
  -7.86922719e-01   2.06476147e-01   2.78257475e+00  -2.22229778e+00
   1.39447652e-01  -1.32355050e+00  -6.55328956e-02  -1.31229903e+00
   4.46849125e-01   3.38862350e-01  -2.91557268e-01   1.00246679e+00
  -8.24333941e-01   5.52705124e-01   8.77022625e-02  -6.68932457e-01
   7.52021080e-01  -5.13117253e-01   7.32571067e-01  -9.19945214e-01
   2.26170678e-01  -1.71734924e+00   2.38512333e+00   7.18418524e-01
   1.06961993e+00  -1.38464340e+00   1.54637437e+00   4.56184595e-01
   8.86261430e-01  -2.02893124e+00  -1.72257912e+00  -8.56459826e-02
  -3.42405876e-01   1.74544943e+00   5.19236436e-01  -9.25629245e-01
   9.46690499e-01   5.25200963e-01   1.32173692e+00  -5.27270645e-01
  -6.99242939e-01   1.62826374e+00   4.96652762e-01  -1.28511148e+00
   2.13523900e+00  -1.13596089e+00  -4.08532191e-01  -1.27908783e-01
   1.21180787e+00   2.13488824e-01  -1.42988754e+00   9.30733230e-01
   1.12991221e-01  -8.36927867e-01   1.97418472e+00  -1.19300912e+00
  -8.97707868e-01   9.90071589e-01  -1.77473951e-01  -1.80225925e+00
   1.55703335e+00   1.41271829e+00   7.06931863e-01   1.98389492e+00
   2.76315738e-01  -1.61511937e+00  -2.03975801e+00   1.84632840e-01
  -1.53805616e+00  -1.81837167e+00   7.46886383e-01   5.77055988e-01
  -1.40733305e+00  -1.60473729e+00   2.38948984e+00   2.34339534e+00
  -6.58639370e-01  -1.45088478e+00  -4.99320014e-01   8.88145789e-03
   9.80954954e-01  -1.00886601e+00  -2.96249962e+00   1.72168244e+00
   1.31149535e+00   3.39779835e-01   3.46395817e-01   6.77783820e-01
  -5.52008557e-02   9.63610044e-01  -1.46544890e+00  -1.63373180e+00
   2.32654054e+00  -1.75745820e-01  -1.82950570e+00  -3.71950266e-02
   1.05003201e+00  -1.61553564e+00   5.41832033e-01   1.54077931e-01
  -5.39439007e-01   1.38395352e+00  -1.15540293e+00   2.29239858e-01
   2.22389364e-01   8.96084826e-01  -2.89264912e+00  -1.84111336e+00
   9.61401300e-01   1.26024253e+00   1.77255481e+00   2.93053521e-01
   6.43664468e-02   8.48129564e-01  -4.48472728e-01   8.35551680e-01
  -7.82629773e-01   8.66162986e-01   3.44074831e-01  -1.29664503e+00
   1.95365648e-01  -1.89496883e+00  -6.21314183e-01  -2.40848695e+00
  -1.92771865e+00  -6.15339210e-01  -1.88986032e+00  -1.89760344e+00
   2.13963535e+00  -1.49706264e+00  -2.10575653e+00   1.95896674e+00
   8.44460284e-01  -1.96952284e+00   8.47746246e-01   1.83702353e+00
   1.93185511e+00   1.25367442e+00   7.17960464e-01  -2.02729332e+00
  -3.02093713e-01   6.05306744e-01   1.58203978e+00  -1.08699615e+00
  -6.68879603e-01   3.43975714e-01  -9.00823825e-02   1.55992737e+00
   1.69859989e-01   5.23525412e-02   1.16343464e+00   1.17301461e+00
  -1.12175922e+00   1.57844582e+00  -5.59208293e-01  -1.10675508e-01
   1.32855982e+00   1.33762815e+00   1.75949998e+00   7.69157666e-01
   7.92853514e-01   2.76329012e-01   3.20794578e-01  -1.42191089e+00
  -1.08990728e-01  -1.08509987e+00   6.67840728e-01   2.78612081e-01
  -3.68206580e-01   1.33995599e-01   4.39507022e-01   2.49172579e+00
  -2.25629121e+00   5.20667998e-01  -1.16213517e+00   1.17100324e+00
  -7.69514864e-02   9.50122466e-01  -3.32688207e-01   2.72613824e-01
  -1.20598476e+00  -1.72457237e-01  -2.43392174e+00  -1.97813721e+00
   9.99852660e-01   1.33854293e-01  -3.29020724e-01  -1.89134414e+00
   6.87830907e-01  -6.43478117e-01   7.97250710e-01   1.99646026e+00
   2.96404326e-01  -3.15904033e-01  -9.36487500e-01   2.87020066e-01
   1.71528468e+00   3.71598586e-01   1.12478039e+00   1.22149628e-01
   1.40618045e-01  -3.35598386e-01   3.24352187e-01  -5.37719294e-01
   2.86246528e+00  -2.50472415e-01  -3.28516404e-01  -5.79235458e-01
   2.58727708e+00  -6.18920491e-03  -6.81185866e-01  -2.61732752e+00
  -2.46325151e+00   1.43299265e+00  -7.78314906e-01   4.59495005e-01
   2.37173671e-01   2.56216463e+00   8.62395935e-01  -1.76075589e-02
  -2.49629528e+00   8.65647352e-01   4.98389240e-01   6.69357521e-01
   7.43322768e-01   1.14597010e+00   4.24359722e-01   3.73504180e-01
   1.69312793e-01  -1.95094857e+00   1.13753179e-01   2.45225089e+00
   1.97968034e+00  -1.90158263e+00   2.79395991e-01  -1.37961926e-01
  -1.22133612e+00   1.77074207e+00   5.64656328e-01   3.33830889e-01
  -5.83822316e-01   7.65752486e-01   5.41086286e-01  -2.40422201e+00
  -1.49490833e+00   9.56456547e-02  -4.14380315e-01   2.66465751e-01
   5.75689857e-01  -1.46514115e+00  -1.12801871e+00  -2.38120050e+00
   1.82472519e-01  -3.34864388e-01   1.13255401e+00   5.32226610e-01
  -2.52252062e+00   2.68376227e+00   1.82811638e-02  -2.51380122e+00
  -2.09800566e+00  -4.61498859e-01   3.08271590e-01   6.98288320e-01
  -3.77003758e-02  -7.62269145e-01  -1.68346510e-02   3.60948628e-01
   8.55246637e-01   1.87789726e+00]

*** Componentes principais [T] (somente originais):
[-1.21908195  2.76384238 -2.79850136  1.45650977 -1.13941475  4.35434343
  1.33001829] [ 0.77271148  1.85931507  0.26162516 -0.26875738 -0.12382859 -0.84747334
 -2.47580798]

*** Contribuições (autovetores) [P] (idem para todos e originais)

C1 [13.67580574153164, 19.634556478882541, 12.913567797898304, 3.8141210329807205, 2.5243791071274257, 19.1806627894629, 11.993319104539536, 16.263587947576934]
C2 [2.9366105478049804, 5.929494549676785, 21.799168076394064, 20.319538914664573, 22.130578838058153, 4.5282031479874183, 16.637497347028727, 5.7189085783853013]
C3 [13.390884910114947, 3.4164887005642539, 8.4318938408150235, 20.137763387909335, 18.751410430425942, 8.0238083703586476, 7.8525010454981947, 19.995249314313661]
C4 [29.841070175355078, 15.334176245737627, 0.71647242426270186, 2.9423146896831334, 14.952160950432425, 11.399094700776899, 18.843812457902871, 5.9708983558492674]

*** Oposição:
[1.0, 0.87547009655006613, 0.72000369074734316, 0.66474849404418157, 1.4771083052716538, 0.35343057842062375]

*** Inovação:
[6.2803698347351007e-16, 0.032213668570098747, 1.1090932205444515, 0.96867075513684708, 1.9549396237419359, 2.1862262239584402]

*** Dialéticas:
[0.90166029942052417, 0.18136439290652306, 0.10493299806853063, 1.6252401002504218, 0.002737492830788149]
dados [[ 1.09525851  0.80291731  0.32706977 ..., -0.69484179 -0.76199725
   1.10360664]
 [-0.07883245  1.38289351 -0.36787975 ...,  1.32101711  1.43326706
   0.12450369]
 [-1.87358915  1.39294521  0.07386126 ..., -0.63727529  0.08648365
   0.15658697]
 ..., 
 [-0.24666039  0.55230517 -0.9284955  ...,  0.61714137  1.69593363
   0.10899228]
 [-0.33718604  0.33773844  0.36291545 ..., -0.73657926  0.05403237
   0.70027223]
 [ 0.70074908 -0.71596955  1.02459279 ...,  1.2071108   0.2125998
  -1.15225235]]
main_means [1.9240398580884941, 3.4881256094694062, 3.0622697719029968, 1.910619205018669, 1.7168402766916651, 4.6066101692189036, 3.0132540887225621]
main_stds [0.88920363066919983, 1.0620210560052028, 1.0425972403334858, 0.90453790103991305, 0.85643997647309467, 1.0697411665476746, 1.06850788651331]
eigenvalues means [-0.1750915  -0.08485678  0.00707301  0.01943209]
eigenvalues stds [ 0.00599639  0.00404744  0.00305139  0.00299468]
