*** arquivo_notas: notas_compositores.txt qtd_aleatorios: 8000000 std: 0.9

*** Dimensões da tabela de notas: (342, 8)

*** Tabela geral de notas:
[[ 3.          8.          5.         ...,  5.          3.          7.        ]
 [ 2.          6.          9.         ...,  2.          1.          5.        ]
 [ 6.          4.          1.         ...,  7.          2.          2.        ]
 ..., 
 [ 6.14649175  6.90614384  3.08600922 ...,  3.54225751  5.99123752
   7.80053446]
 [ 6.52078733  4.06323522  1.47721842 ...,  7.05018339  2.70615556
   1.51028634]
 [ 4.89412427  4.41478807  1.94435414 ...,  6.52360133  2.30061932
   2.48954801]]

*** Matriz de covariância:
[[ 1.   -0.14 -0.15  0.74 -0.18  0.23  0.56 -0.16]
 [-0.14  1.   -0.07 -0.12  0.16 -0.52 -0.11  0.49]
 [-0.15 -0.07  1.   -0.27  0.3  -0.09  0.45  0.12]
 [ 0.74 -0.12 -0.27  1.   -0.43  0.25  0.5   0.05]
 [-0.18  0.16  0.3  -0.43  1.   -0.41 -0.01 -0.3 ]
 [ 0.23 -0.52 -0.09  0.25 -0.41  1.    0.23 -0.14]
 [ 0.56 -0.11  0.45  0.5  -0.01  0.23  1.    0.1 ]
 [-0.16  0.49  0.12  0.05 -0.3  -0.14  0.1   1.  ]]

*** Pearson (igual matriz covar.):
 ###TABLE III. Pearson correlation coefficients between the eight musical characteristics.
['1.0', '-0.14', '-0.15', '0.74', '-0.18', '0.23', '0.56', '-0.16']
['-0.14', '1.0', '-0.07', '-0.12', '0.16', '-0.52', '-0.11', '0.49']
['-0.15', '-0.07', '1.0', '-0.27', '0.3', '-0.09', '0.45', '0.12']
['0.74', '-0.12', '-0.27', '1.0', '-0.43', '0.25', '0.5', '0.05']
['-0.18', '0.16', '0.3', '-0.43', '1.0', '-0.41', '-0.01', '-0.3']
['0.23', '-0.52', '-0.09', '0.25', '-0.41', '1.0', '0.23', '-0.14']
['0.56', '-0.11', '0.45', '0.5', '-0.01', '0.23', '1.0', '0.1']
['-0.16', '0.49', '0.12', '0.05', '-0.3', '-0.14', '0.1', '1.0']

*** Autovetores (raw):
[[ 0.5  -0.15 -0.11 -0.4  -0.05  0.21  0.72 -0.02]
 [-0.28 -0.57  0.16 -0.23 -0.46  0.49 -0.21 -0.14]
 [-0.1  -0.14 -0.66  0.4   0.23  0.31  0.08 -0.47]
 [ 0.52 -0.24  0.1  -0.24  0.21 -0.28 -0.45 -0.54]
 [-0.32  0.09 -0.48 -0.43 -0.4  -0.53  0.05 -0.18]
 [ 0.38  0.31  0.06  0.44 -0.71  0.02 -0.01 -0.23]
 [ 0.38 -0.31 -0.5   0.07 -0.12 -0.03 -0.34  0.62]
 [-0.07 -0.62  0.19  0.44 -0.04 -0.52  0.34  0.01]]

*** Autovalores (raw):
[ 2.63  1.62  1.56  1.14  0.44  0.25  0.21  0.15]

*** Autovalores prop (raw):
[ 0.33  0.2   0.2   0.14  0.05  0.03  0.03  0.02]

*** Autovalores (var. %) ###TABLE IV### New variances after PCA, in percentages for scores on III.:
[33.0, 20.0, 20.0, 14.000000000000002, 5.0, 3.0, 3.0, 2.0]

*** Dados finais:
[[-2.50251548 -4.02415914  0.642764   ...,  0.12628378  0.72759488
  -0.31919122]
 [-0.24423668  0.81918774  3.00080561 ..., -1.50305271  3.07567012
   2.75463704]
 [ 0.23687839 -1.39039385  1.09327026 ...,  0.73391235  0.75727784
   0.48078292]
 ..., 
 [ 0.02847201  0.22380766  0.01525784 ..., -0.41546292  0.48018373
  -0.262389  ]
 [-0.06582476  0.14499296 -0.10547806 ..., -0.05493576  0.07441158
  -0.23794327]
 [ 0.10727553 -0.54359818  0.0516327  ...,  0.70549182  0.35591648
   0.08784666]]

*** Componentes principais [T] (todos):
[-2.50251548 -4.02415914  0.642764    0.27639517  0.88915313  0.59050693
  2.21991206  0.45890328  0.49984987 -1.46469456 -3.6081005   1.52280678
  0.54198221 -1.78536882 -0.35009011 -2.80808918  0.64670513  0.53104608
  0.220381    0.63113396 -2.26686066  0.96479445 -2.92324761  0.29303033
 -3.42015845  0.84171216 -2.09407849  2.67085944  0.05416849  0.24791192
  0.19804511  0.56202127  1.39927464  0.10071961  0.23477719  0.2069905
  1.51171201  1.44724026  1.24886256  0.57188953  0.78505967  0.96091636
  0.33086906 -1.74517966  0.89128727 -2.29993806 -0.05311903 -0.14340137
  1.34525796  0.20702601  0.53969167 -3.43404454  1.20091038 -3.38993635
 -3.93475136  2.42842167  0.02201188  2.68653633 -2.0273747  -2.9696888
  0.51043036 -0.64248787  1.34067419 -3.27206433  0.43579849  1.11513756
  0.60214689  0.81807993 -3.58744268  1.05565128 -1.88884598  0.36364029
  0.74975932 -2.00899699  0.73937157  0.59079645  0.66777442 -0.21025696
  0.06720555  2.21236935  0.83279688  0.58795961  1.32227997 -2.75910717
 -3.76671478  1.77817812  0.9472815   1.04859804 -0.23425008  0.57707068
 -2.36669114 -2.49986645  1.34561238  0.31310544 -2.1571568   0.99757433
  0.76561393 -0.05506681 -0.02858238  0.63778833  0.28304135  0.43194854
 -2.14021777  1.10234028  0.40456702 -3.7757874   1.23718854  1.06442579
  2.82109309 -0.36358444 -0.00505493  0.45952246  1.03816056  0.9537565
  1.15244092  0.22326826  0.2434302  -0.27260442  0.70446845  0.25935071
  0.83516078  0.44781651 -0.14838603  0.95476926  0.59339165  0.01013808
 -2.62151221  0.5363669   1.05887462  0.98020976  1.91412243  0.1244001
  1.35091326  1.22457926 -2.79907714  1.64549345 -2.4834643   0.24940584
  0.08856998 -1.91338938  0.55490759  1.40997875  0.8010274   1.54343503
  2.69067567  0.83509494 -2.15418013 -2.68964543 -3.42165385  2.89836513
  1.00630904  0.7827355   0.09820195  1.23381674  1.53151053 -0.26768481
  1.14424188 -3.76507257  0.92789401  0.35846315  0.81258031 -0.11308321
  1.15439612 -2.18435141  0.11839464  1.65511443 -0.43071133  0.29447979
 -2.32092522  2.90014097  1.96263256  0.84100756 -2.27168096  0.98422044
 -0.32522847  0.43462656  0.65147232 -2.09270703  0.56802771 -1.99584817
  2.42939311 -2.62637523 -2.19308239  1.06304612  1.86047104  0.39237699
  0.75621667  0.57013317  0.10049328  0.59748877  1.59233533  2.85735848
 -0.0593206   1.53259209  0.46417841  0.34344043  0.33628602  1.1063307
  1.18897609  2.02887667  1.20208518  0.17843363  0.41948821 -3.51002223
  1.43687666  1.69881049  1.67975234 -2.73846683  1.51899722  1.41222251
  1.10641118 -0.06132103 -2.01759407  1.18261832  1.62362823 -3.14693335
  1.22293347  1.12495368  0.63020531  0.28126303  0.7894519   0.67290184
  1.16022396  1.65717933 -0.19497265  0.11811831 -3.01354625  0.99944094
 -2.14549974  0.69762402  0.36257838  0.97416079 -2.29109179  1.3796766
  0.29265596  0.49154159  0.85533743 -2.25419338  0.30499546  0.50463852
  0.77901021 -2.76881229 -2.83141543  1.67585348  1.28618516  0.16293191
 -0.03459645 -2.10084402  1.99422136 -3.4461034   1.9398369  -3.95744555
 -3.99638649  0.20598487  0.96280751 -0.0511074   2.19349424 -1.73336312
 -2.22330154  1.85264374 -2.28961599  0.33176196  0.28389804 -0.07196762
  0.18231602  0.74552146  0.88637647  0.6364093  -0.32974969  0.95621069
 -0.11457477  0.66890518  1.59422372  1.69418745  1.69573116 -3.15849092
  0.77931489  0.73496423  0.37079252  0.72847044  0.33585746  1.26123837
 -3.26335054  0.0754413  -2.02374593  0.74578303  0.70543625  1.31242073
 -2.36009762  0.26363766  0.10614734  1.58786523  0.47858744  0.74623506
  0.87060959  1.64743646 -0.06533572  0.30495108  0.19443216  0.83764695
 -3.15122982  0.58757588 -2.35543262 -2.84187776 -1.98300861  0.86515327
  0.74826618  2.29545612 -1.87862943  0.42526438 -3.05091528  0.77968607
  0.01500947  2.44637067  1.66773132 -2.40714977  1.44082698 -2.0147371
 -2.77314007 -0.26838558 -0.19478739 -2.90085649  1.6730297  -1.27741864
 -3.1480425  -2.30304574  0.97146573 -4.03035518  0.73441793 -2.02276854
 -2.22804853  0.89932755  0.56353033  1.29642406  0.55973446  2.51857851
  0.53715642  1.14813647 -0.17527226  0.12628378  0.72759488 -0.31919122] [ -2.44236682e-01   8.19187740e-01   3.00080561e+00  -1.40791327e+00
  -2.94262418e-01  -7.15325453e-01   2.07395798e-01  -1.07097930e+00
   3.08136352e+00   5.02295943e-02   5.56294273e-01   4.69761663e-01
  -1.38620568e+00  -8.82323886e-01  -1.08541189e-01   6.68045707e-01
   2.80531129e+00  -1.73395985e+00  -7.99154145e-01  -1.19810322e+00
   6.54554628e-01  -1.36880915e+00   9.03562196e-01   5.90896279e-02
   1.11863083e+00  -1.52315607e+00   4.90538557e-01   4.32954180e-02
  -4.45319495e-01  -3.99985365e-01  -1.54287711e+00  -1.27243530e+00
  -2.24711934e-01  -1.29695412e+00   2.02864927e+00  -5.05067374e-01
   6.15684075e-01   3.30283046e+00   2.80629868e-01  -7.61693145e-01
  -3.61945809e-01   3.12667822e-01  -9.53199318e-01  -8.61267401e-01
  -1.17793994e+00   2.83864936e-02   2.78708574e+00  -1.58160554e+00
   6.21345283e-01  -9.17162331e-02  -7.86988101e-01   1.49728943e+00
  -1.33966521e+00   1.88387040e-01   9.17958685e-01   5.76618159e-01
  -1.26649945e+00   4.02475113e-01  -9.49632891e-01  -7.48871267e-01
  -8.67319665e-01  -9.91576391e-01   1.01797235e-02  -6.85677161e-02
  -1.79133837e+00   3.48959767e-03  -7.44478273e-01   8.35084212e-02
   1.04078405e+00  -5.67850216e-01  -3.20890704e-01  -1.01507319e+00
  -5.54358685e-02  -3.83194475e-01  -4.85513050e-02  -5.37285203e-01
  -7.64110593e-01   1.27050490e-01  -1.17211510e+00   4.99738879e-01
  -4.40498593e-01   3.37506597e+00  -2.22585195e-01  -2.02664377e-01
   2.48530308e-01   2.71402595e-01  -2.88829936e-01  -1.06403859e+00
  -1.66941773e+00  -7.08720679e-01   9.84614064e-02  -8.24462891e-01
  -5.08288452e-01  -4.17619313e-01  -7.75794424e-02  -1.03084684e+00
  -6.74121937e-01  -1.48974327e+00  -9.55914961e-01   3.42345153e+00
   2.80067767e+00   3.10460058e+00   3.24985297e-01  -1.08522609e+00
  -1.47709969e+00   4.36212330e-01   6.07203682e-01  -2.39537529e-01
   3.13084326e-01  -1.37301322e+00  -2.47879293e-01   2.95208598e+00
  -1.46874373e-01  -8.17970262e-01  -1.72111867e-01  -1.12485031e+00
  -4.67766804e-01  -1.67380156e+00  -1.23835179e+00   2.68085636e+00
  -8.48355917e-01  -1.18388055e+00   2.49159569e+00   1.08503198e-01
   1.83088476e-01   3.78427527e+00  -7.42735280e-01  -8.82408029e-02
  -8.56000852e-02  -3.18442770e-01   3.73069165e+00  -1.47955107e+00
   3.21018827e+00  -3.53930009e-01  -2.59032468e-01   4.32008763e-01
   7.39607151e-01  -1.46702347e+00  -3.89433301e-01   5.34055796e-01
  -1.59948575e+00   3.84114892e+00  -9.73939999e-01  -5.77043033e-01
   6.47567914e-03  -2.95036685e-01  -3.17227622e-01  -3.15255603e-01
  -3.19080212e-01  -2.67356041e-01  -5.42416893e-01   3.14994203e+00
   3.83877731e+00  -6.72141886e-01   5.83944444e-01  -5.76527273e-01
  -4.87380948e-01   5.62319084e-01  -5.99470305e-01   6.18834845e-02
   5.30465218e-01  -1.08467718e+00   3.92653393e+00  -1.22865076e-01
  -6.00831898e-01   1.11774996e+00   2.32876438e+00  -1.02566949e+00
  -1.46624048e-01  -5.74614474e-01   3.03953913e-01  -6.02047357e-01
  -1.89845414e-01  -7.31572051e-01  -2.74499508e-01  -4.43393025e-01
   2.70285607e+00   2.67954914e-01  -8.20717156e-01  -4.32507305e-01
   4.50571549e-01  -5.82641089e-01   3.00433498e-01  -8.16946916e-01
  -7.26748381e-01  -3.36881941e-01   2.66569050e+00  -1.94763980e-01
  -6.97699768e-01  -4.50542196e-01   5.89695126e-01   3.44647524e-01
  -1.51731132e+00  -1.91348496e-01   2.63566719e+00  -1.26470249e+00
  -5.62703394e-01  -8.01436672e-01  -1.30121417e-02  -1.24532357e-01
   1.81271846e-01  -5.77455830e-01  -1.44720428e+00   1.08126660e+00
   2.68118515e-01   3.35414700e-01   9.38623115e-01   1.45351116e-01
   3.35695262e-01   3.93355454e-02  -8.63381865e-01  -1.49777668e+00
  -2.50880390e-01  -1.74624767e+00  -9.52084320e-01  -7.50842483e-01
  -3.79932589e-02  -8.17772284e-01  -5.48346679e-01  -1.53581238e+00
  -1.29480165e+00  -7.87425658e-01  -5.34684149e-01  -2.16035474e-01
  -1.94142117e+00  -4.94398310e-01   1.57152656e+00   2.08117688e+00
  -2.01730842e-02   1.82607298e-01  -1.24493620e+00  -6.60364718e-01
   1.39471530e-03   2.89860992e+00   2.56898654e+00  -9.22387749e-01
   3.90826935e+00  -1.97685094e-01  -5.05495175e-01  -1.31902470e+00
  -1.28762725e+00   2.77837540e-01  -3.91812672e-01   6.75506020e-01
  -3.16296993e-01  -1.80456601e+00  -1.48819235e+00  -3.79950201e-01
  -1.36369285e-01  -6.79526615e-02   9.48875413e-02   6.24018301e-01
   1.42447352e+00  -1.52589564e+00  -1.76915688e-01  -1.42551563e+00
  -3.86824440e-01   4.75527468e-01  -4.34645342e-01   6.88386674e-01
   2.08427216e-02   1.56304644e-01  -5.04130330e-01   2.40038344e+00
  -1.52527122e+00  -1.63788591e+00  -5.82715514e-01  -1.32671242e-01
  -1.61207884e+00  -7.14071965e-01  -1.94316372e+00  -2.88653983e-01
   6.05833152e-01   3.35706641e-01  -6.72714640e-02   7.03264108e-01
   3.05943535e+00   3.61632765e+00   2.85428546e+00  -3.09916979e-01
  -7.60011484e-01  -8.08581277e-01   6.55969570e-01  -1.56852819e+00
  -1.78742759e-01  -1.27356809e+00   5.32389418e-02  -1.00549445e+00
  -5.32939065e-01   3.21108060e+00  -1.30700971e+00   2.63186865e+00
  -1.26080331e+00  -5.67507024e-01  -5.26564917e-01   2.13377431e-02
  -7.09072031e-01   2.62095981e+00   1.99632120e+00   2.12111243e+00
  -2.94851739e-01  -3.78463129e-01  -5.19228913e-01  -3.62189953e-02
   1.55382140e-01  -5.02110370e-01   5.39363638e-01   2.97832384e-01
  -1.21916446e-01   2.11711281e+00  -4.77104452e-01  -1.47957797e+00
  -1.63092294e+00   1.05005820e+00   2.09899647e-01  -2.07474297e-01
  -7.58447361e-01   2.95065498e-01  -9.01709312e-02  -1.69703772e+00
  -9.80113444e-01  -2.04743501e-01  -2.68549277e-01   6.26682023e-01
   6.03187400e-01  -3.00865594e-01  -4.86509051e-01   7.38744112e-01
  -1.18984920e+00   3.60445279e-01  -3.17020113e-01  -1.32655004e-01
  -6.64836198e-01  -3.70386882e-01  -8.87658635e-01   4.66769144e-01
  -3.68264324e-01  -5.76608527e-01  -8.59181563e-01  -1.50305271e+00
   3.07567012e+00   2.75463704e+00] [ 0.23687839 -1.39039385  1.09327026  1.41824624  0.8092422  -1.8316805
 -1.7126475  -1.13905919  0.61700688 -0.54405516 -1.7974821   1.23301801
 -2.08762909  0.2185808  -1.99874702  0.28676229  0.56245264  0.8800107
  1.39281127 -2.43713925  0.61121522 -1.7839913  -1.53860956 -2.0184022
 -1.01608752 -1.47506584  0.83535396 -1.59264849 -2.12074221 -1.98846817
  0.39365325  1.654842    0.60792129  1.55176851  1.00901807  1.32351144
 -1.51282109  0.43786324  1.40217754  2.0569673   0.77121496  0.61940003
 -1.47369785  0.75653876 -2.14682428 -0.12585606  0.45573774  1.96325822
  0.78882578 -2.38011668  0.31929296 -1.63172856  1.71710618  0.09124334
 -1.29775866 -1.46364921  1.90192681 -1.811008   -0.64214055 -0.04447838
  1.72865261  1.6607664   0.19129286 -0.33856387  0.57098533  1.55015543
  0.3712511   0.29475633 -1.25148586  0.91475035  0.03342444 -2.01836936
  0.58607234 -0.48725069  0.68970071 -1.64726468  0.2225067  -0.24141408
  0.57433076 -2.07817351  0.46555889  0.82002917  1.1583892  -0.88344732
 -1.02250049 -1.38321049  0.18486868  2.12977254  2.05300303  1.10224602
  0.13563826  0.6488042   1.62296078 -1.23307311  0.19030376 -0.72573054
  0.54525642  1.43271095 -1.44435484  1.43492295  0.34075142  0.63186438
  0.15159235  1.30187616  1.15858637 -1.47434947  1.00672968  1.18340802
 -1.36619669  2.45612098 -1.67299472  0.63738193  0.43620885 -2.81313861
  0.24661222  1.94537976 -2.36411495  1.00164308 -2.18972469  0.46231967
  0.6625394   1.50325929  0.5729976   1.37651359  0.36635104  0.04175909
  0.49517483  1.08125768  0.35014259 -1.77818056  0.67553755  1.76642606
  0.70709808  0.96355499  0.33118247 -1.59894197 -0.09970451  0.45471898
  1.59896859  0.02174958  1.01954343  0.28494606 -1.63789429 -1.62413994
 -1.65739551  0.12735939  0.1980181  -0.21454322  0.30546037 -0.69429088
 -2.06307687  1.00622903 -0.14695178  0.89778265 -2.21820083  1.18328428
 -1.72565211 -1.40614812  1.11664591  0.224978    0.56941796  2.07947248
  0.6962356  -0.21597482 -1.82245549 -1.81310622  0.81656228  0.61849337
  0.66523716 -0.65867338 -1.44665922 -1.35246938  0.8278781  -1.98955459
 -1.77156604  0.30489066  0.25644286  0.21104646 -2.06842547  0.62305268
 -1.12238694  0.14312799  0.09379202  1.15489883  0.66584239 -2.23977166
  0.55872473 -1.58250701  0.96160575 -1.95261955 -2.24342147 -1.91994126
  1.38038111 -1.28405517  0.55698742  1.55337957 -1.68160238 -1.81400821
  0.13165481 -0.98943963 -0.10271022 -1.69993004  2.21069394 -1.63474319
  0.83226974  1.05063734  1.3458329  -0.48216488  0.78837073  1.32409591
  0.60679824 -1.87437711  0.36006122  1.37516832 -0.75289065  0.37358872
 -2.40795084 -2.18429633  1.21226472  1.84112709  1.50206466 -2.09053527
 -0.81615597 -1.534565    1.0388037   1.73139263 -1.63985089  0.89219924
 -0.15049404 -1.5766226   1.45774352  1.42507672  0.4877091   1.21875018
  0.67093282 -2.22944267  1.10179906  0.3107585  -2.05572385  1.66942566
  1.44798269 -0.05902396  0.31322783 -0.60473106  0.28078751 -1.10123175
  1.4445854   0.51313906 -1.3930749  -1.13931176 -1.47243008 -1.19258454
 -1.59865552  1.32484939  0.72409397  1.30457023 -0.55541844 -0.32886801
  0.62270795 -1.72817426  0.12658147  0.24935292 -1.99328236  0.61679008
  1.24982427  1.41478341 -1.49248565  1.19208225 -1.49577873 -1.57004075
  1.54433026  0.96346479 -1.6472987  -1.22968373  0.89293345 -0.9177316
  1.24712278  0.55700857  0.8525687   0.18296602  1.68253454  1.22619268
 -0.89620933  0.97046709 -1.0180807  -1.61829149  1.07691816  1.22314041
  0.22063232  1.17688963 -1.72261584  1.05643739  1.40298202  1.59701713
  0.61679114 -1.54736436  0.18332117  0.64275082  1.00329663  1.83416282
  0.38579458  1.04432119 -0.02690512  0.03605394  1.23616377 -2.15545577
  0.58318638 -1.75691998  0.63825153  0.7422332   0.29329005  1.82806071
  1.44100562 -2.00324711  0.8148584   0.9859096  -1.40828835  0.34906229
  0.60958619  1.38286588  0.82619816  0.28763023 -1.36477579  0.76622211
 -1.47709506  0.05149032  1.27669072 -0.84030294  0.64197765 -0.44012547
  0.61264275  0.61288813 -1.53691783  0.35308376  0.90161462 -1.14297817
 -2.53062505  0.91862464  0.81866708  0.73391235  0.75727784  0.48078292] [ 0.55490037  0.25441044 -1.01142948 -0.99250094  0.73604903 -1.25445426
  1.67874789 -1.09065391 -0.36779848  1.11860627  0.14766689  1.18182884
 -0.06637208  0.66505459 -0.93279874 -0.29617593 -1.49053555 -0.70660528
 -1.29207081 -1.11171358  1.1475142  -1.63650652  1.24303091 -1.9638332
 -0.2236672  -1.76230964  0.46013242  1.42975086 -0.76362516 -1.94199983
 -0.92479431 -0.62242998 -0.22049649 -0.04902644 -1.02838634 -1.06582268
 -1.15056816 -1.22000422  1.53501756  0.74224981  0.68658588  0.43702018
 -1.00088983  0.51597663 -1.77552298  0.46175709 -1.18792913 -0.75312327
  0.2224785  -0.72293552  1.2239239   0.5585948  -0.11748572  0.71756701
 -0.15516092  2.14394668 -0.93026444  0.58893954  0.33542457  0.2825289
 -0.9164155  -1.42159562  1.14341933  1.69798088 -1.05226935  1.3815047
  0.59798897  1.08498541 -0.62229855  0.31021098  0.28123062 -1.47085376
  0.83279003  0.96916369  0.64535846 -1.0893953  -0.40879242  0.68018759
 -1.80257565  1.17020848  0.47595366 -0.44410261  1.7410757   0.43104576
  1.00709977  1.2616354   1.504362    0.02613334 -1.14856618 -0.59442814
  0.47977155  0.45038634  1.37691789 -0.88058213  0.42000682 -0.18278584
  0.50493782 -1.59102891 -1.03331711 -0.24343487 -0.70072073 -0.93237243
  1.16512806 -0.90879402 -0.77875561 -0.14702935  0.80907809  0.35411722
  1.98837113 -1.35520129 -1.09718461 -1.4816156   1.10530368 -1.47741581
  0.76566785 -1.16372125 -0.96910779 -1.72785845 -0.46150264 -1.52776684
 -1.06809172 -0.55151207 -0.84788699  1.27462872  0.57418226 -0.75676601
  0.80957829  0.31088513  0.25439493 -0.76671564 -0.58518288 -0.72258817
 -1.00586085  0.30672584  0.78776295  1.92645739  0.46701917 -1.5246769
  0.98418461 -0.30665585 -1.47797167 -0.94831333 -0.68613286  1.55411815
  1.90931399  0.33956927  1.15473906  0.15233115 -0.50259364  2.57333247
 -1.33300275 -1.41761528 -0.82656026 -0.4579181   1.16181654  0.79642119
 -1.03413703 -0.13370916 -0.0173186   0.05764082  1.7725485  -1.03233433
 -1.18264309  0.78694875 -2.22446266  1.03709468 -1.43028822 -0.6024769
  1.04910356  1.85164175  1.93386647 -1.36409187  0.16759829 -1.10077401
 -1.17195724 -0.26242275 -0.83018307  1.02643245 -1.71162882  1.28347367
  2.66236886  1.44262392  0.38070808  1.15110916  1.26593156 -0.87634926
 -1.05685022 -1.07707712  0.18060393 -1.73999503  1.1797192   1.22777867
 -1.96020093  0.65475022 -1.75249977  0.6417534  -1.14998498 -0.38158638
  1.52525094  1.74188153  1.00377104 -0.61319241 -0.81799533  0.95630343
  2.0686354   0.28389297  0.31680352  1.6841319   0.31606139  1.45600089
  0.27515352 -1.15663674  0.13505052 -0.43307805  1.1306112   0.39912768
  1.37016684 -1.5307482   0.59223702 -0.98121172  0.85621049 -1.18946333
 -1.22254911  0.78471294 -1.12003118  1.32860425  0.64055621 -0.79272726
  0.07999679 -1.79482561 -0.83984765  0.76568125  0.8865074  -0.83260178
 -0.89653595 -1.36383483 -0.3541557   0.3786198  -1.60484847 -0.31375894
 -1.08178972  0.73673394  1.26358425  1.01312898  1.51273546 -0.40293561
 -1.05691655  0.99659397  2.01119203  0.42162384  0.70425756 -0.09054888
 -0.15054815 -1.69114115  0.77274045 -1.43300538  1.72944621  0.66257654
  0.35756477  1.64960724  0.48524461  0.45928649 -1.36481303 -0.08578678
 -1.41953797 -1.77794747 -1.62817408  0.72802307 -1.08640994 -0.97597362
 -1.20332857  0.648405    0.9883821   1.62029054  0.6900095   0.26032072
 -1.08971674 -0.73594802 -1.18244835  0.8474704  -1.48091852  0.53912643
  1.22020016 -0.96592523  0.65218681 -1.12339471  0.79488386  1.54499214
  0.27585029 -0.43245623 -1.30902523 -0.8805677  -0.42819214 -1.21837295
  0.90201753  1.29351747  0.57379419 -0.92232128 -0.89723506 -0.51470876
  0.20630539 -0.81193315  1.05854436 -0.1170095   0.52509545 -0.95464402
  0.58473487  1.85695825  0.4527025  -1.30647974  0.0450809  -0.18040888
 -0.05398127  1.57789787  0.6235267   0.73958823 -0.92066759  2.3505715
  0.37649738 -0.14853458  1.47578284 -0.20783268  1.89211568  1.22398354
  0.26531001 -0.09887992  1.67172363  0.05893099 -0.80725394 -0.47093792
 -0.2885327   0.34515635 -1.4038921   0.53200714  1.34909042  1.74936942
 -1.33595863  1.03866964  0.98489179 -0.363053   -0.96778178 -0.87286505]

*** Componentes principais [T] (somente originais):
[-2.50251548 -4.02415914  0.642764    0.27639517  0.88915313  0.59050693
  2.21991206] [-0.24423668  0.81918774  3.00080561 -1.40791327 -0.29426242 -0.71532545
  0.2073958 ] [ 0.23687839 -1.39039385  1.09327026  1.41824624  0.8092422  -1.8316805
 -1.7126475 ] [ 0.55490037  0.25441044 -1.01142948 -0.99250094  0.73604903 -1.25445426
  1.67874789]

*** Contribuições (autovetores) [P] (idem para todos e originais) ###TABLE VI.### Percentages of the contributions from each musical characteristic on the four new main axes.

C1 [19.413099382198467, 10.876682513689159, 4.0732048565828691, 20.308961536370884, 12.647998393225057, 15.044188731503837, 14.697632762315793, 2.9382318241139358]
C2 [6.130703292587345, 23.646070842456247, 5.8539843153557216, 9.7985983952057563, 3.5805861727659947, 12.851593062736871, 12.652295160526078, 25.486168758365984]
C3 [4.7115315032222638, 7.2632235182631595, 29.055872799428272, 4.5352179471888032, 21.275086459213473, 2.6076804042604524, 21.985943138245773, 8.5654442301778086]
C4 [15.137913891912557, 8.7154206424775236, 15.165708470872207, 8.9999930842504412, 16.117198143964139, 16.722177867192602, 2.5206045749651085, 16.620983324365408]
princ_orig [[-2.50251548 -0.24423668  0.23687839  0.55490037]
 [-4.02415914  0.81918774 -1.39039385  0.25441044]
 [ 0.642764    3.00080561  1.09327026 -1.01142948]
 [ 0.27639517 -1.40791327  1.41824624 -0.99250094]
 [ 0.88915313 -0.29426242  0.8092422   0.73604903]
 [ 0.59050693 -0.71532545 -1.8316805  -1.25445426]
 [ 2.21991206  0.2073958  -1.7126475   1.67874789]]
princ [[-2.50251548 -0.24423668  0.23687839  0.55490037]
 [-4.02415914  0.81918774 -1.39039385  0.25441044]
 [ 0.642764    3.00080561  1.09327026 -1.01142948]
 ..., 
 [ 0.12628378 -1.50305271  0.73391235 -0.363053  ]
 [ 0.72759488  3.07567012  0.75727784 -0.96778178]
 [-0.31919122  2.75463704  0.48078292 -0.87286505]]

###TABLE VII. TABLE VIII###.


*** Oposição:
[1.0000000000000002, 1.1176252608573596, 0.50244563651762275, 0.26323236811737871, 0.49455847764071403, 0.28352826996772545]

*** Inovação:
[0.0, 1.5671190179289793, 2.8746230414861662, 1.7853342250790605, 2.6383828682445163, 3.2025876548648284]

*** Dialéticas:
[2.151426818013241, 1.1285486403682938, 1.0232558924583839, 0.0013288832985485072, 0.42619470369439788]
[ 1.          0.52426438  0.47529324  0.          0.19760301]
dados [[-0.62422928 -0.42117728  1.62695266 ...,  1.5567886   0.08312358
   0.23425623]
 [ 1.53395372  0.56855217 -0.25998858 ...,  1.64857772  1.52114972
  -0.69998181]
 [-1.64922034  0.02122726 -1.32562599 ..., -0.30558821 -0.46722128
   0.30259652]
 ..., 
 [ 0.232537    0.37150736  0.60455775 ..., -0.96238106 -0.17469855
  -0.85542351]
 [-1.26419291  0.8112369  -0.73827047 ...,  0.10171422 -1.10067761
   0.25503058]
 [-0.16988245  0.74936163  1.1965054  ..., -0.71572442  1.65160369
   0.01999034]]
###TABLE V.### Average and standard deviation of the deviations for each composer and for the first 4 eigenvalues.
main_means [2.6925218767738972, 4.3098804870417542, 3.2654058241081247, 1.946689159888962, 1.6294109966433572, 1.641114178613833, 2.5140247760799403]
main_stds [1.0522645731905698, 1.0733314268117018, 1.0551020266207178, 0.89078016989537689, 0.78449848600386973, 0.80994501371395633, 1.0120096996130952]
eigenvalues means [-0.17485215 -0.05947255 -0.06042023 -0.01501315]
eigenvalues stds [ 0.00670805  0.00450209  0.0036393   0.00331624]
