*** arquivo_notas: notas_filosofos.txt qtd_aleatorios: 8000000 std: 1.1

*** Dimensões da tabela de notas: (720, 8)

*** Tabela geral de notas:
[[ 3.          3.5         9.         ...,  3.5         5.          4.5       ]
 [ 8.          7.5         7.         ...,  8.          2.5         2.5       ]
 [ 1.5         2.5         9.         ...,  2.5         7.5         7.5       ]
 ..., 
 [ 7.20055193  6.27122494  8.07670309 ...,  7.65382626  4.13524074
   3.73751833]
 [ 6.59022442  3.95779985  1.55591534 ...,  3.51275594  1.10378745
   1.246279  ]
 [ 6.59001606  7.90083401  7.56679148 ...,  5.8100456   2.37304702
   1.45202051]]

*** Matriz de covariância:
[[ 1.    0.38 -0.25  0.14  0.08  0.5  -0.3  -0.44]
 [ 0.38  1.   -0.51  0.19  0.1   0.72 -0.54 -0.24]
 [-0.25 -0.51  1.   -0.41  0.45 -0.28  0.33 -0.08]
 [ 0.14  0.19 -0.41  1.   -0.22  0.06  0.15  0.32]
 [ 0.08  0.1   0.45 -0.22  1.    0.3  -0.18 -0.27]
 [ 0.5   0.72 -0.28  0.06  0.3   1.   -0.58 -0.43]
 [-0.3  -0.54  0.33  0.15 -0.18 -0.58  1.    0.55]
 [-0.44 -0.24 -0.08  0.32 -0.27 -0.43  0.55  1.  ]]

*** Pearson (igual matriz covar.):
 ###TABLE III. Pearson correlation coefficients between the eight musical characteristics.
['1.0', '0.38', '-0.25', '0.14', '0.08', '0.5', '-0.3', '-0.44']
['0.38', '1.0', '-0.51', '0.19', '0.1', '0.72', '-0.54', '-0.24']
['-0.25', '-0.51', '1.0', '-0.41', '0.45', '-0.28', '0.33', '-0.08']
['0.14', '0.19', '-0.41', '1.0', '-0.22', '0.06', '0.15', '0.32']
['0.08', '0.1', '0.45', '-0.22', '1.0', '0.3', '-0.18', '-0.27']
['0.5', '0.72', '-0.28', '0.06', '0.3', '1.0', '-0.58', '-0.43']
['-0.3', '-0.54', '0.33', '0.15', '-0.18', '-0.58', '1.0', '0.55']
['-0.44', '-0.24', '-0.08', '0.32', '-0.27', '-0.43', '0.55', '1.0']

*** Autovetores (raw):
[[-0.37 -0.03 -0.13  0.76 -0.3   0.36 -0.22 -0.08]
 [-0.46 -0.19 -0.13 -0.34 -0.3  -0.27 -0.49  0.47]
 [ 0.26  0.55 -0.26  0.11  0.   -0.41 -0.53 -0.32]
 [-0.03 -0.53 -0.52  0.17  0.61 -0.18 -0.09 -0.07]
 [-0.13  0.49 -0.61 -0.22  0.14  0.44  0.19  0.27]
 [-0.49  0.03 -0.23 -0.13 -0.25 -0.37  0.47 -0.52]
 [ 0.35 -0.37 -0.3  -0.35 -0.42  0.39 -0.21 -0.4 ]
 [ 0.45 -0.1  -0.33  0.29 -0.43 -0.34  0.35  0.41]]

*** Autovalores (raw):
[ 3.11  1.96  0.92  0.8   0.44  0.33  0.24  0.2 ]

*** Autovalores prop (raw):
[ 0.39  0.24  0.12  0.1   0.06  0.04  0.03  0.02]

*** Autovalores (var. %) ###TABLE IV### New variances after PCA, in percentages for scores on III.:
[39.0, 24.0, 12.0, 10.0, 6.0, 4.0, 3.0, 2.0]

*** Dados finais:
[[ 1.21751916 -2.84343555  2.89462572 ..., -1.63440109 -1.52863865
  -2.34110499]
 [ 0.92744764  1.3308413   0.45264744 ...,  0.8311934  -0.62496174
   0.56438537]
 [ 0.68753416 -0.54915741 -1.36453198 ..., -0.90854912  3.31585993
  -0.24573157]
 ..., 
 [-0.42324347 -0.02898626 -0.10769957 ..., -0.35158747  0.53761699
  -0.31662202]
 [-0.28181798 -0.03583756  0.34868487 ..., -0.05212082  0.28773199
  -1.03179853]
 [-0.16337082 -0.02521112  0.45544699 ..., -0.47433097  0.29018361  0.10268   ]]

*** Componentes principais [T] (todos):
[  1.21751916e+00  -2.84343555e+00   2.89462572e+00  -1.41849752e+00
   1.20892580e+00  -4.08804517e+00  -8.30568094e-01   2.63313618e+00
  -3.30176776e+00   8.61506929e-01   1.74085008e+00  -1.49166195e+00
  -3.80520991e+00  -1.25978082e+00   2.47705984e+00  -5.10013993e-01
  -2.75218711e+00   1.43577431e+00  -2.45914013e+00   1.38492378e+00
   9.79184540e-01   1.57653413e+00   1.66074063e+00  -2.70993855e+00
   2.74321504e+00   1.26572168e+00   7.17557206e-01   1.44388349e+00
  -2.29348446e+00  -6.83380826e-01   9.45309373e-01  -3.33105970e+00
  -2.34912340e+00  -2.94088704e+00   1.47359210e+00   1.02132883e+00
  -1.93171640e+00  -5.15634276e-01   5.85995231e-01   9.02587713e-01
  -2.85427351e+00   1.29784110e+00  -2.78863607e+00   1.54919635e+00
   3.62519523e-01   2.73609761e+00  -2.87589933e+00  -2.26163815e+00
  -4.68730050e-01   1.15818353e+00   1.34546536e+00  -2.85208707e+00
   1.01399652e+00  -2.72539600e+00   1.81865149e+00   7.27599780e-01
  -2.59962967e+00  -1.97938183e+00   1.97495860e+00  -6.58710966e-01
   1.58418644e+00  -1.29370843e+00   1.14816397e+00  -2.56626415e+00
  -1.58242552e+00   1.14848621e+00  -2.34283508e+00   4.13197606e-01
   7.88823569e-01  -2.24168227e+00   2.99474594e+00  -7.31852956e-01
  -2.21531701e+00  -1.89275645e+00   1.48567916e+00   4.15823432e-02
  -2.32083328e+00   1.24730123e+00  -1.04974717e+00   3.53639967e-01
   1.14072708e+00  -2.92512392e+00  -4.01969919e-01  -2.26917424e+00
  -2.65064784e+00  -2.73864591e-01  -9.24869385e-01   1.35667616e+00
  -2.52979069e+00   1.70310304e+00   1.26100470e+00  -3.18244573e-01
   3.70267922e-01  -1.95140378e+00   1.53918384e+00  -9.44518737e-01
   1.85602475e+00   6.82586423e-01   4.66843135e-01   2.98730452e+00
  -2.17772505e+00  -2.18193572e+00   2.61265499e-01  -7.47204720e-01
   1.14827051e+00  -8.93135822e-01  -2.76337567e+00   1.32526236e-01
  -2.79811082e+00   7.45932571e-01  -2.88255895e-01   1.76125812e+00
   1.55459385e+00  -2.25138374e+00  -2.94620401e+00   5.02170497e-01
  -2.51306149e+00   1.57917556e+00   7.59406971e-01  -2.28261141e+00
  -3.90965224e-01   2.26754323e+00  -3.04387454e+00  -7.17611653e-01
   4.65258046e-01   1.36718898e+00   3.13793898e-01   1.18289863e+00
   5.56995004e-01   3.10230380e+00   8.54505602e-01   6.52840223e-01
   1.64175209e+00   9.68409532e-01  -7.39401700e-01  -1.75538368e+00
   1.21488870e+00   1.72004229e+00   1.39135107e+00   1.89368419e+00
  -6.15002190e-01  -9.69743054e-01  -3.19398017e+00   9.06945304e-01
  -2.46719938e+00   7.51992149e-01   2.62020643e+00   6.52894198e-01
   3.55058828e+00  -6.41084127e-01  -2.40112879e+00  -3.78393505e+00
  -2.49406821e+00   1.41898255e+00  -9.38066569e-01  -8.61912418e-02
  -2.28100347e+00   2.16628292e+00  -1.37525961e+00   1.22384901e+00
  -1.83822177e+00   1.26166609e+00  -6.33137400e-01   1.34694044e-01
  -4.46012125e-01   3.34219896e+00  -2.22204810e+00   4.24700765e-01
   4.41223688e-01  -5.50045365e-01   1.19050990e+00  -2.83909071e+00
  -3.49752682e+00   1.26954093e+00   1.18771210e+00  -3.07613749e+00
   1.13395162e+00   2.50162486e+00   3.15183801e+00  -2.28577804e+00
  -4.62487667e-01   1.45280808e+00  -7.09476109e-01   1.17375612e+00
  -4.06358024e-02  -2.14019356e+00   6.68163021e-01   1.00447458e+00
   2.64373331e+00  -1.29620657e+00  -2.14662543e-01   1.12527514e+00
  -1.98425838e+00  -1.50701823e+00   1.38153655e+00  -2.17063294e+00
  -2.51706261e-01   8.66915571e-01   1.32891307e+00  -1.55659144e+00
  -3.06462673e+00   1.56926137e+00  -3.17770206e+00  -5.10481298e-01
  -2.58285010e-01  -1.13472105e-01   2.24794980e+00  -2.80874881e+00
   2.06399934e+00   5.25205528e-01   1.22800374e+00  -3.15677292e+00
   8.98405955e-01   3.79413256e-01   9.88344284e-01  -1.14389070e+00
  -1.83509163e+00  -9.35744402e-01   1.53862711e+00   1.76653555e+00
   1.68091570e+00  -2.24313239e+00   1.16929138e+00  -8.27322286e-01
  -2.34120228e+00   1.15931197e+00   1.59957110e+00  -2.83070233e+00
   1.12041980e+00  -1.87811505e+00   8.68176015e-01  -2.28151855e+00
   9.34903831e-01  -3.46664151e+00   1.55817471e+00  -2.20167515e+00
  -6.25008721e-01   1.50129010e+00   1.61298239e+00  -1.47975846e-01
   1.78288116e+00  -7.12600005e-01   3.17173099e+00   1.07027947e+00
   1.58100858e+00  -1.23358791e+00   1.37752154e+00   1.25502903e+00
   1.30720912e+00  -7.76886260e-01  -2.87618567e+00  -2.71770123e+00
   1.32658929e+00   1.68494210e+00  -2.67906550e+00   1.66446948e-01
   2.36907754e+00   1.80536109e+00  -2.14676041e+00   1.04167282e+00
   2.66795595e+00  -8.92307170e-01  -2.78645780e+00   9.72430249e-01
   2.37747126e+00  -2.39508178e+00  -7.43990018e-01  -2.55769405e+00
  -2.41315352e+00  -9.67335183e-02  -8.74369201e-01   2.65140607e-01
   9.45569847e-01   4.23866289e-01   9.85757951e-01   1.80401615e+00
   7.53803842e-01   3.45171599e-01   3.12759790e+00   1.69154262e+00
  -2.82974550e+00   7.72562706e-01   6.94264601e-01   8.55954443e-01
  -8.44303279e-01   1.77017963e+00   1.16883213e+00   1.10408170e+00
   7.51012009e-01  -3.10412736e+00  -3.91193962e-02  -2.48183623e+00
   2.72060488e+00   4.53540367e-01   5.60376996e-01   7.32909002e-01
   7.00674984e-01   2.71277343e+00   8.30815366e-01  -8.47524612e-01
   1.61356019e+00   1.61016872e+00   9.62400632e-01   8.85517841e-01
  -3.22806725e+00  -2.03246922e+00   1.18213286e+00   1.11001834e+00
   2.21131234e+00   1.29939973e+00   8.95240142e-01  -1.15119947e+00
   5.51651280e-01   9.22258944e-01  -5.41454226e-01  -3.29684976e+00
   2.16568860e+00  -8.61564408e-01   1.29729415e+00   1.29835927e+00
   9.11993078e-01   3.28812908e-01  -4.71173920e-01  -8.28071945e-02
   2.23074482e+00   2.50729857e+00  -2.71843772e+00   1.08987922e+00
  -2.66892092e+00  -1.22493542e+00  -3.07237813e+00  -2.73452271e-01
  -1.22184328e+00  -1.08173101e+00  -2.15743731e+00   1.59378220e+00
   1.48654007e+00  -1.63373234e-01   2.31388871e+00  -9.37338051e-01
   2.21297638e+00   1.19112792e+00   7.94577653e-01  -1.57090154e+00
   1.06245742e+00  -3.13351121e+00   1.48440010e+00   2.45117338e+00
   3.75430659e-01   1.05734516e+00   2.33338349e+00   1.31771515e+00
   1.67987653e+00   1.53508224e+00   1.30966532e+00   1.76144796e+00
  -3.23527388e+00  -2.87749488e+00   1.27943619e+00  -6.40014671e-01
   1.08424639e+00   1.51579781e+00   1.43411910e-01  -1.14657586e+00
   5.56041557e-01   1.93284806e+00   1.26814717e+00   1.32487905e+00
  -2.10669504e+00   1.58886483e+00   9.06414670e-01  -3.87126157e-01
  -1.89834303e-01   6.19870889e-01  -2.55721703e+00   6.15782912e-01
   2.12741307e+00  -5.75212768e-01  -1.56084526e+00   1.28318284e+00
   3.77784697e-01   6.82896577e-01  -2.11450978e+00   7.77611831e-01
  -8.91891384e-01   9.97898081e-01   1.15152067e+00   1.87262733e+00
   9.63340018e-01   9.86779638e-01   1.40475789e+00  -6.34942023e-01
   2.15829454e+00  -3.03838083e+00   1.08386804e+00  -1.85101313e-01
   1.39070334e+00   9.60961795e-01  -2.53587379e-01  -5.84488261e-01
   1.39383460e+00   2.87900934e+00  -2.23958982e+00  -2.42218999e-01
  -2.00757194e+00   1.29063673e+00   1.41865954e+00   1.10813716e+00
   1.95723440e+00   9.42979408e-01   6.84780959e-01   1.75196371e+00
   5.47704805e-01   1.09809495e+00   5.40186246e-01   1.39479760e+00
  -3.03224329e+00  -2.53767584e+00   1.45025957e+00   1.29073715e+00
  -8.02099465e-01   1.18404424e+00   1.28670692e+00  -3.14611812e+00
   1.14147337e+00   1.26527863e+00  -2.09225241e+00  -7.20236502e-01
   3.31794773e-01  -6.52108254e-01   2.64529293e-01   2.91837035e+00
   8.82332995e-01   1.18664960e+00  -5.56042906e-01   7.22781502e-01
   1.15801400e+00   2.44639697e+00   6.09401364e-01   2.24423804e+00
  -2.85275456e+00   1.35432736e+00   1.25746050e+00  -2.95432270e+00
  -2.58334944e+00   1.80660549e+00  -7.35297689e-01   1.34215914e+00
   1.32840885e+00  -6.46254588e-01   1.86035376e+00   8.02004768e-01
   1.01480313e+00   8.75004633e-01  -2.72269957e+00   1.12720896e+00
   2.19428993e+00   6.77421506e-01  -2.71215397e-01   1.20364621e+00
  -2.89001774e+00   2.14210801e+00   7.42686669e-01  -2.89272716e+00
   3.86784097e-01  -2.77400720e+00   1.36430610e+00   1.63340151e+00
  -2.32466550e+00   8.70583622e-01   6.24328431e-01   2.54058067e+00
  -2.46501578e+00   1.85175807e+00   1.22480767e+00  -2.06449314e+00
   1.92036151e+00  -1.55300731e+00  -2.77214852e+00   1.47081311e+00
   2.35022074e+00   1.32162786e+00   1.40116234e+00   9.08494732e-01
  -5.36060282e-01   1.72285929e+00   1.30014070e+00  -1.25598967e+00
  -1.24652108e+00  -2.28093431e+00  -3.54636838e+00  -1.91133370e+00
  -1.60985119e+00  -2.51737161e+00  -2.94648946e+00   1.30455498e+00
  -1.29199064e+00   2.36626430e+00  -3.89745444e-01   1.34736387e+00
   1.05522256e+00   2.29653231e+00  -2.36069266e+00  -2.81364983e+00
   1.21123546e+00  -7.80446881e-01   1.42210782e+00  -1.64942613e-01
  -9.21517448e-01  -2.78609333e+00  -3.05372654e+00  -3.29118396e+00
   6.84377858e-01   8.34164875e-01   7.17504650e-01  -7.65659473e-01
  -4.66873913e-01  -2.28250737e+00   1.05370654e+00   1.23160412e+00
  -9.82365154e-01  -2.52672921e+00   2.93481238e-02   2.16698189e+00
   1.50290735e+00  -4.62483789e-01  -3.59733729e-01   1.60076286e+00
   1.27204141e+00   9.74256001e-01   1.46219843e+00   5.46069413e-01
  -2.23616923e+00  -3.20949050e-01  -8.54913252e-01   9.52624164e-01
   1.74100783e+00   6.80497157e-01   4.14569725e-01   1.69414899e+00
   1.16265395e+00  -2.35466859e+00   4.50587457e-01   1.06874466e+00
   1.76782529e+00   2.83705036e+00   8.42885035e-02  -6.12724270e-01
   1.25939892e+00  -2.83099423e+00   1.73221188e+00  -1.05928391e+00
   2.03831210e+00  -1.14389488e-01   3.97497670e-01  -2.64615132e+00
  -3.03651248e+00  -1.61145410e+00  -3.25406197e-01   8.54258745e-01
   1.50120172e+00  -1.16246372e+00   1.18915240e+00   1.18149798e+00
   9.85081656e-01   1.81016238e+00   1.05560167e+00  -9.29491980e-01
   1.06120068e+00   1.29989267e+00   1.71931681e+00  -8.20024167e-01
   1.96967194e+00   9.58763621e-01  -2.56910229e-01   1.06449600e+00
  -2.90498414e+00  -8.11136359e-01   9.36844635e-01   1.09131538e+00
   1.15431001e+00  -2.44181693e+00  -8.73921838e-01   2.70583082e+00
   1.32030969e+00   1.72399206e+00  -1.22823308e+00  -1.95734386e+00
   6.00186396e-01   1.47701170e+00   5.40503998e-01   1.62281532e+00
  -3.15693195e+00   1.25589436e+00   1.65362960e+00  -2.16001918e-01
  -7.52802070e-01  -3.17603237e+00   1.05454777e+00   1.39696349e+00
  -8.43221697e-01   5.16923594e-01  -2.24202039e+00  -8.90441702e-01
   1.02467994e+00   7.68392156e-01  -8.01004310e-01   9.12042812e-01
   8.09114550e-01  -2.88024523e+00  -2.88597338e+00   2.07379721e+00
  -5.98209020e-01   2.78926267e+00   7.52428984e-01  -2.52618036e+00
   1.27361930e+00  -4.78178235e-01   9.41582373e-01  -3.88319447e+00
   1.97313966e+00  -2.60143048e+00   8.43664793e-01   1.23119721e+00
   3.26709563e+00   4.11570388e-01   1.23852244e+00  -1.27925809e+00
   2.45979091e+00   2.46501493e+00   2.54267331e+00   1.52864861e+00
  -3.71379757e+00  -3.44730043e+00   5.14781026e-01   9.97579785e-01
   1.43082134e+00  -1.30951368e+00  -2.41176220e+00   1.70314717e+00
  -8.58244389e-02  -2.42763999e+00  -2.76695911e+00  -7.14558391e-01
   1.07789384e+00   1.16796594e+00  -2.54906845e+00   5.58008064e-01
   1.20700313e+00   3.01921563e+00   1.44017762e+00  -1.82174214e-01
   2.91436103e+00   2.95918748e+00   1.56464042e+00   1.11024811e+00
   1.60109974e+00   8.50117158e-01  -3.26349971e+00  -2.96849622e+00
   1.74589775e+00   3.64565575e-01   6.32503506e-01   1.51501349e+00
   1.57886227e+00   2.54629390e-01   1.56476085e+00   1.13042571e+00
  -1.28049242e-03  -1.12983763e+00  -3.01042601e+00   6.95709976e-01
  -3.38386966e+00  -4.42218297e-02   4.42592395e-01   3.76312761e-01
   7.96653293e-01   1.34881061e+00   3.51966675e-01   1.12067006e+00
  -2.51730478e+00   2.72779539e-01   4.20183564e-01  -2.52941902e+00
  -2.90324105e+00   4.58510330e-01  -2.55230280e+00  -2.99925596e+00
  -1.45423610e+00   1.54095202e+00   6.08522611e-01  -1.16502680e+00
  -3.03853971e-01   9.41649288e-01  -3.24465982e+00   6.50134717e-01
   2.01763644e+00  -3.30141300e+00  -2.42951568e+00  -2.75425226e+00
   1.54901451e+00   9.29266954e-01   1.65042068e+00  -1.15602504e+00
  -2.21372333e+00   1.52885252e+00  -2.85904474e-01  -1.92934810e-01
   9.69272744e-01  -1.39190685e+00   9.88458123e-01  -2.73073711e+00
  -2.34809154e+00  -4.08760207e+00  -2.78552988e+00   1.14343995e+00
   7.22700247e-01  -1.63440109e+00  -1.52863865e+00  -2.34110499e+00] [  9.27447641e-01   1.33084130e+00   4.52647439e-01  -4.74938988e-01
  -2.03670913e-01  -1.72936238e+00  -2.86709237e+00   5.93047037e-01
   9.75263660e-01   4.41352025e-01   4.22673572e-01  -3.10194293e+00
  -1.29751801e+00  -2.30952300e+00  -1.22621612e-01  -2.37509917e+00
   1.40044865e+00   7.18218359e-01   8.59378402e-01   4.55476071e-01
   1.42424696e-01  -6.99705816e-02   7.91989113e-01   8.73658061e-01
   6.99418046e-01   1.91989877e+00  -1.65922527e-01   7.90497412e-01
   3.16086925e-01   7.32199833e-01   4.05441685e-01   1.42915816e+00
   4.49126500e-01   1.65527682e+00   8.68727883e-01  -4.78600663e-01
   1.40341643e+00  -2.71306466e+00   5.66245316e-01   2.26359393e+00
   2.47069755e+00   1.14328806e+00   1.49067057e+00   6.94466470e-01
   9.40601523e-01  -3.65085252e-02   1.09814334e+00   1.22064889e+00
   4.74033887e-02   1.29963772e+00   1.30071523e+00   7.54152632e-01
  -5.92192744e-01   8.29531407e-01   8.14136638e-01   1.87092807e+00
   4.76806540e-01   7.59083678e-01   1.14649499e+00  -2.48584122e+00
   3.95521507e-01  -1.70909865e+00   2.40756085e-01   3.61493801e-01
  -2.26570250e+00   1.32801599e-03   2.42663715e-01   1.10636594e+00
   1.85831242e-01   1.43095271e+00   6.51759613e-01  -2.76267145e+00
   1.62430820e+00   9.68735884e-01  -1.34971222e-01   1.18670320e+00
   1.84090920e+00   5.91556065e-01  -2.70871722e+00  -1.00385364e+00
   1.07726426e-01  -1.42726112e-01  -2.78385649e+00   6.84532212e-01
   1.31999302e+00  -2.79945889e+00   1.05870515e-01  -6.92142603e-01
   1.71072365e+00  -7.79012579e-01  -3.32827064e-02  -2.44451197e+00
   1.59838471e-01   1.29736824e+00   6.80910405e-01  -1.59196079e+00
  -1.05086995e+00  -9.04464241e-01  -1.80011186e+00   4.83200603e-01
  -3.40869370e-01   6.47636919e-01   8.21000422e-02  -2.22543804e+00
   2.14390044e-01  -2.59115471e+00   1.16038871e+00   4.12342345e-01
   1.41049157e+00   1.15744423e+00  -6.60167778e-01   2.84126251e-01
   1.81473797e+00   1.25976708e+00   6.50647855e-01  -1.03874727e+00
   2.50737920e+00  -5.64044378e-01  -8.02323466e-01   1.29342248e+00
  -1.74719529e+00   4.21318919e-03   8.41655676e-01  -2.29363906e+00
   1.13618254e+00   1.18796746e+00   1.05374475e+00  -9.10832321e-01
  -7.22689767e-01  -4.70414358e-02   1.03324431e+00   1.25749080e+00
  -2.18602472e-02   8.01734718e-01  -3.06257382e+00   1.15035417e+00
  -1.74645796e-01   8.79404207e-01   4.31510656e-01   2.54930246e-02
  -1.99312373e+00  -3.09781982e+00   1.47671428e+00   7.74611523e-02
   2.52547263e+00   1.34494051e-01   1.61615637e+00   4.91007353e-01
   3.09417196e-01  -3.24006475e+00   6.33084555e-01  -3.99844566e-01
   2.21246390e+00   6.03043295e-02  -8.25711473e-01   5.64033250e-01
   3.23795647e-01   6.23654362e-01  -2.57570521e+00   1.20823990e+00
  -6.68370818e-01   3.90362668e-01  -2.87838111e+00   5.01908529e-02
  -2.20845728e+00  -3.13045097e-02   1.12631468e+00   1.43766816e-01
   1.69442078e+00  -3.02538838e+00  -5.96875700e-01   1.97487267e+00
  -9.23843218e-01  -7.73177467e-02   7.34908116e-01   6.11980670e-01
   8.02677725e-01  -3.11934643e-01   4.50057125e-01   1.34650972e+00
  -2.26472690e+00  -1.52048762e-01  -2.38839080e+00   6.00074957e-01
  -2.81361461e+00   1.42910510e+00  -4.94730000e-01   1.70633444e+00
   5.50851195e-01  -2.15116545e+00  -1.58255636e+00  -1.35219570e-01
   8.76780543e-01  -1.35466432e+00  -1.04976548e+00   9.01999667e-01
  -2.96523387e+00   1.09921856e+00   1.26761529e-02   2.65298940e-01
   1.11005018e+00   1.06127583e+00   9.98939450e-01  -2.19715496e+00
  -2.21857912e+00  -2.62969525e+00   6.47957652e-01  -1.17735270e+00
   3.88400430e-01   2.32236587e-01  -5.52565917e-01   1.48132506e+00
   9.93423222e-01   1.36023447e+00  -7.68146738e-01  -2.53568211e+00
  -2.95567006e+00  -2.36645232e+00  -7.17371332e-01  -1.28085091e-01
  -6.16633871e-01   1.75556257e+00  -3.83372368e-01  -2.57950082e+00
   9.26148678e-01  -3.00185543e-01   5.90567006e-01   1.24305449e+00
  -1.22825687e-01  -1.33525593e+00   1.42835722e+00   7.76897953e-01
   1.58536763e+00   8.51675758e-01  -7.99791737e-01   9.79629723e-01
  -1.15060144e+00   5.44954058e-01  -6.54411536e-01   9.19358283e-01
   3.58238208e-01   4.53410234e-01  -5.57994432e-01   3.99630686e-01
   7.36119694e-01  -2.94584737e+00  -1.16751155e+00  -1.53879923e-01
  -3.70688203e-01  -2.38924444e+00  -1.23668934e+00   1.58137062e+00
  -5.72360816e-01  -9.69872411e-01   1.49252590e+00  -2.23436303e-01
   7.33828592e-01   1.71888344e-01   5.87639017e-01   8.28000383e-01
   8.63843143e-01  -1.33922384e+00   1.52344286e-01   2.95532800e-01
   3.78073467e-01   5.46201965e-01  -2.64475583e+00   1.64979441e+00
   1.32943601e+00  -2.85132975e+00  -2.04616731e+00   4.21112048e-01
   1.50236434e+00   1.28191567e+00  -3.00183016e-01   6.03204157e-01
   2.29340546e-01  -2.11465141e-01  -4.34605632e-03   1.24408489e+00
   8.16074903e-01   6.61073875e-01   2.06203031e-02   1.70718250e-01
  -1.81588617e+00  -7.00658682e-01   3.10537287e-02   1.11699142e+00
   2.39341829e-01   1.00049928e+00  -2.66719370e+00   8.94920586e-02
   1.52077383e-01   1.19553236e+00  -3.13756408e+00   1.03137513e+00
   7.49214815e-01  -6.95504917e-01  -8.12364460e-01  -1.67527823e+00
   7.91620724e-01  -4.12063470e-01   4.96570712e-01  -1.13669037e+00
   6.70539622e-01   7.34277027e-01   3.64624203e-01   9.41858944e-01
  -5.08296966e-02  -4.32446380e-01  -7.77368824e-01  -1.99947952e+00
   7.51987895e-01  -4.19451230e-01  -2.65540819e+00  -1.07437818e+00
   4.07415240e-01  -3.04883897e+00   1.43984140e+00   1.60968947e+00
   9.05954795e-01  -2.90059492e+00  -1.86628118e+00   1.65999509e+00
   7.70164440e-01   6.08149312e-02   3.03391710e-01   1.30752356e+00
   1.68532210e+00  -1.04934126e+00   1.61877570e+00  -2.72750158e+00
  -6.29439417e-01  -4.65374463e-01   1.34222345e+00   1.13949282e+00
   8.85417132e-01  -1.89299253e+00   1.28623925e+00   5.26247901e-02
   8.64974186e-01  -1.07088385e-01   8.72364915e-01  -1.54905549e+00
  -1.18916046e+00   8.08871871e-01  -2.14828039e-01   1.33746517e+00
   1.89362419e+00  -1.37286177e+00   2.00783768e-01   1.08485060e+00
   7.84840303e-02   1.00437091e+00  -6.24464814e-02  -4.94721572e-01
   7.44261587e-01   2.21920636e+00  -3.74444391e-01  -1.95664909e+00
   6.96883857e-01  -2.23763929e-01  -1.96444423e+00  -2.69789192e+00
   2.34925615e-01   5.35702830e-01   1.45911104e+00  -8.02787038e-01
   9.55479026e-01  -1.42753054e+00  -1.48850300e-01  -2.42928568e+00
  -2.39255761e+00   9.75912200e-01   1.60794745e+00   1.28301368e+00
  -8.63837565e-03  -2.68569612e+00   1.35774188e+00   8.55927540e-01
  -7.59952223e-01  -3.87801678e-01   1.21291189e+00  -1.01266221e+00
  -1.25355098e+00   1.03765292e+00   1.11625081e+00   1.74546319e+00
   5.03100194e-02   1.15760658e+00  -3.17334646e-01  -2.63057538e+00
   9.84255616e-01   1.77536418e+00   1.01972486e+00   9.61013996e-01
  -8.19787963e-01   1.98795670e-01  -2.67895018e+00  -2.82321858e+00
  -1.19054914e+00   9.29588463e-01   1.52401228e+00  -3.00114732e+00
   2.11352630e-01   4.64593737e-01   5.41004078e-01   1.02363466e+00
  -5.83801388e-01  -3.10450630e-01  -4.64302349e-01   6.07518711e-01
   1.75966211e-01   2.83656812e-01  -1.00775899e+00   7.71784717e-01
   9.97561388e-01   8.70185751e-01   8.03703423e-01   6.16008980e-02
  -2.69625543e+00  -2.86956106e-01   9.99040162e-01   1.69099676e+00
  -7.55933710e-01   3.76656451e-01   9.55363503e-01  -2.62770927e+00
  -2.77020027e-01  -2.65924910e+00  -3.07305006e+00   5.46751768e-01
   3.19123654e-01   1.51453144e-01  -2.48982473e+00  -3.89495158e-01
   1.52413159e-01   2.43994421e-01  -3.66910556e-01   6.22776975e-01
   1.03582598e+00   1.45635542e+00   6.55901072e-01   2.12369047e+00
   3.23748725e-01   6.08408764e-01  -2.06053139e+00   1.96018762e-01
   5.77227214e-02  -3.30221352e+00   8.96993498e-01   8.35250162e-01
   3.13347656e-01   1.20057959e+00   3.15344671e-01   6.16289895e-01
   1.78458535e-01  -8.59250014e-02   7.55491473e-01   1.02002536e+00
  -2.18768310e+00   1.16885451e+00  -6.12718166e-01   2.17309715e+00
   1.48846656e+00   1.26485921e-01   5.86471927e-01   4.24279183e-01
   1.29873020e+00  -9.74239786e-01  -7.23688120e-01   4.94821917e-01
   1.73024741e+00   9.34090156e-01   1.71617613e-01   5.52981299e-01
  -1.33306509e-01  -2.28552379e+00   1.11385190e+00   7.80436955e-01
  -4.92853274e-01  -1.37542660e-01   4.76617706e-01   6.44152211e-01
  -2.85702246e+00   5.55719548e-01  -6.79935324e-01  -1.92927745e+00
  -2.41392377e+00   8.72997986e-01   4.01499477e-01  -1.42915689e+00
   1.74279258e+00   1.69362564e+00   2.02255391e+00   7.72521748e-01
  -8.05557699e-01  -6.31288624e-01  -1.47620420e+00  -9.03828929e-01
   7.80930230e-01  -4.79929830e-01   1.78884018e+00   1.65821149e+00
   1.88352337e-01  -2.40357867e+00  -4.82698687e-01  -2.25181010e+00
  -2.23745528e+00   1.38796547e+00   2.05681530e+00   1.05301590e+00
  -3.57441352e-01   4.31020868e-01  -7.10600583e-01   5.81973351e-02
  -1.68910073e+00   1.21695325e+00   6.95862187e-01   9.13180056e-01
  -1.58929637e+00   1.12120097e+00   8.01638702e-01  -5.78667087e-02
   5.12796886e-01  -2.68922524e+00  -2.40347581e+00  -4.40140075e-01
   1.97254042e-01   1.08611173e+00  -6.56343819e-01   7.64942717e-01
   8.72926481e-01  -2.42780898e+00  -2.91511152e+00   1.58436466e+00
   1.09690163e+00   1.56552294e+00   7.06680143e-01  -2.10971078e-01
  -4.70313372e-02   2.37840519e+00   8.55024868e-01   9.82032868e-01
  -6.17430987e-01   7.38592907e-02   8.03776603e-01  -2.88163496e+00
   9.76668531e-01   8.62138830e-01  -3.72791733e-01  -2.85638675e+00
  -4.70021095e-01  -8.09308444e-01   1.60422878e+00   1.46878640e+00
   1.80272366e+00  -2.46932473e+00  -2.14285190e+00   1.06215443e+00
  -1.86426753e-02  -2.43280518e+00   5.32587906e-01   5.05261036e-01
  -5.43306569e-01   2.67061238e-01   9.84071230e-01  -8.89068408e-01
   3.75261604e-01  -9.22779023e-01   8.01663507e-02  -1.18208946e+00
  -2.65060873e-01  -1.20093401e+00   5.00987008e-01   1.67755085e+00
   1.36891315e+00  -2.19563313e+00   5.17072348e-01  -2.71557687e-01
  -2.55424123e-01   1.49501383e+00  -8.36025547e-01  -1.07439685e+00
  -3.81664003e-01  -9.89373541e-01   2.53006051e-01   1.78468943e+00
  -6.45661091e-01  -6.23285868e-02   1.07228586e+00   1.29721352e+00
   8.75481508e-01  -3.43728212e-01  -1.33058140e-01  -3.01224439e+00
  -2.39931975e+00   1.47011144e+00   1.26482223e+00   6.07765708e-01
  -2.94718594e+00   1.40279515e-01   1.43424483e+00  -2.22838344e+00
   1.29376426e-01   2.20210854e-01  -2.58732167e+00  -5.04025893e-01
  -7.46510136e-02   1.73251999e+00   1.10390498e+00   1.66521395e-01
  -2.64046641e+00  -5.81287349e-02   9.52933236e-01   6.50199883e-01
   1.01827586e+00  -1.93015979e+00   6.99375841e-01   1.55737697e+00
  -5.86394898e-02   7.12164526e-01  -7.34759975e-01  -2.42412743e-01
   5.23883711e-01  -5.05055802e-01  -3.58293171e-01  -2.73679336e+00
   7.89812946e-01   1.35174764e+00   9.52494439e-01   4.18922735e-01
   2.00585825e+00   1.20183388e+00   1.40963874e+00   4.17700854e-01
   1.28359623e-01  -1.89254264e+00   8.78670169e-01   8.02193326e-01
  -9.37242521e-01   2.57746955e+00   2.04777619e+00  -2.57207988e+00
   4.77588775e-01  -8.00212965e-01   1.85333640e+00  -2.49496277e-01
   9.13321381e-01   4.82488295e-01  -1.48992033e+00  -2.59698199e+00
  -4.27142014e-01   3.38226582e-01  -2.86135820e-01   3.26019317e-01
   1.82315402e+00  -5.23768051e-01   1.29718355e+00  -1.36411087e+00
   1.19899517e+00  -9.83346002e-01   7.32820206e-01  -5.42676807e-01
   8.60929338e-02  -3.52371620e-02  -8.28339193e-01   2.13552001e-01
   2.12424643e-01  -5.26653677e-01   1.39024088e+00   3.65752232e-01
   1.60239008e+00  -2.57678714e+00   8.98845993e-01   1.54501286e+00
   6.27668263e-01   1.35544166e+00   1.46135565e-01  -7.37250693e-02
   2.07150101e+00   1.60120315e-01   1.26222755e+00   1.24623060e+00
   7.48053243e-01   1.47664109e-01   6.91690910e-01   5.69694163e-01
  -4.31668312e-01  -1.70749538e-01   3.73649923e-01  -1.90893872e+00
  -1.35712450e+00   3.16537080e-01   1.07443657e+00  -5.22645313e-01
   2.65553788e-01  -1.52427490e+00   1.37620852e+00   1.31934439e+00
   7.76303535e-01   1.71193769e+00  -1.26556730e+00  -2.50592221e+00
   1.68810730e+00   8.91737838e-02   1.41710584e+00  -2.98716215e+00
  -3.50969111e-01  -2.76331600e+00   2.20594824e-01   9.01175659e-01
   2.57033595e+00  -1.73876541e+00   5.82367017e-01   6.16450290e-01
  -3.35490840e-01   8.31193399e-01  -6.24961742e-01   5.64385368e-01] [  6.87534160e-01  -5.49157413e-01  -1.36453198e+00   3.40390679e+00
  -4.57432202e-01  -1.00670079e-01   1.26689899e-01  -1.37925636e+00
   9.76162938e-01   2.75789765e-01   1.87701080e-01  -4.58961727e-02
  -3.44326740e-01  -4.40337851e-02  -1.50652371e+00   5.93845148e-01
  -1.37012849e-01   1.46833812e+00  -1.29491374e+00   1.01151586e+00
  -1.03246816e-01   3.24446799e-01  -1.10899576e-01  -3.36358885e-01
  -1.33139291e+00   1.02393923e+00  -4.03033149e-01  -4.69324721e-01
  -1.73868900e+00   3.61202786e+00   1.81728943e-01  -3.19065318e-01
  -6.14146988e-01  -3.90582276e-01  -7.16056722e-01  -7.96271053e-01
  -3.98027719e-01  -5.53017387e-01   7.97002443e-01   1.72229157e+00
  -1.41261751e-01   7.64594704e-01  -4.68443520e-01   2.23335472e-01
   9.46249144e-01  -5.57444220e-01  -7.70747997e-01  -1.28250288e+00
   2.57704528e+00   1.28513341e+00   4.20583600e-01  -8.93714614e-01
  -4.56154190e-01  -2.41836032e-02  -1.26173997e+00   2.03999881e+00
  -2.19952767e+00  -3.66804595e-01  -1.29726028e+00   1.13594880e+00
   9.80226335e-01  -3.45806580e-01  -5.91771625e-01  -4.07228154e-01
   4.67976434e-01   3.66322545e-01  -8.03125638e-01   7.46090178e-01
  -1.74642427e-01   5.68614511e-01   2.69041925e-01   5.55428041e-01
  -5.02078874e-01   3.03856790e-01   1.89599578e-01  -7.08792176e-01
  -3.94253402e-01   8.14573283e-02   2.54093300e-01  -8.98983438e-01
  -5.82562486e-01  -7.23889685e-01   1.65726690e-01   4.32239547e-01
   1.74325508e-01  -7.88290374e-01   2.75539598e+00  -1.18955669e+00
  -5.14376544e-01  -5.31172598e-01   4.38430841e-01  -5.63865535e-01
  -1.53108746e-01  -1.62397125e-01   3.41822899e-01   1.16361216e+00
  -1.09159065e-01  -1.80081358e-01  -2.44963726e-01  -1.48640953e+00
  -5.47740404e-01   2.34603995e-01   2.66948340e-01  -3.73105698e-01
  -3.43773063e-02   9.81461465e-02  -4.78563163e-01   5.27185332e-01
  -8.06479676e-01  -6.81917634e-01   2.57299278e+00  -1.46812041e+00
   3.01633461e-01  -2.59197147e-01  -8.14066538e-01  -6.78719948e-01
  -3.24177631e-01  -1.79865244e-01  -6.21618748e-01  -6.49259639e-01
  -5.26303088e-01  -2.27548115e+00  -3.55815176e-01   1.23621957e-01
   1.85865961e+00   1.77358150e+00   1.11071946e+00  -1.41382457e+00
  -1.33729264e+00  -5.53625218e-01  -1.15323645e-01   2.07684205e-01
  -6.90336562e-01   9.60136218e-01  -2.71892176e-01  -6.57986057e-01
  -1.47200177e+00   1.06189384e+00  -1.05950440e+00   4.97596317e-01
   1.19064899e-01  -5.16336058e-01  -1.04212719e+00   9.62033038e-02
  -8.44047903e-02  -4.27820610e-01   4.97669138e-01  -1.36334680e+00
  -1.18745503e+00  -5.44310038e-02  -1.20084514e+00   7.53135055e-02
  -2.44039125e-01   6.10511807e-01   2.34325656e+00   9.22763519e-01
  -9.14964014e-01  -1.03834167e+00   8.43757667e-01   1.21315265e+00
   1.01363123e+00   8.61755204e-01   1.07412476e-01   8.32184957e-01
   2.20802486e-01  -1.68417959e+00  -8.45438136e-01   6.14165444e-01
   2.28207555e+00   9.05497291e-02  -4.82856688e-01  -7.91599049e-01
  -4.62084109e-01   6.44229323e-01   5.86440559e-02  -8.52631641e-01
   2.17029900e-01  -1.93729612e+00  -1.44385324e+00  -3.05190332e-01
   9.32552195e-01   7.74219363e-01   3.37961337e-01  -2.50706993e-01
   3.61044965e-01  -9.36654933e-01  -1.36597789e+00   1.40464553e+00
  -7.47415172e-01  -4.87758723e-02   2.19787508e+00   8.16267179e-02
  -3.40586163e-01   1.65736176e+00   4.70531260e-01   6.12725238e-01
  -1.09726055e-01   4.49395045e-01   1.30702138e+00   2.71471193e+00
  -8.68973064e-01   5.73309862e-01   4.74761777e-01  -5.03347387e-01
  -4.34053923e-01   1.52024790e-01  -1.73749265e+00   7.36782157e-01
  -1.44172577e+00  -9.34310589e-01  -1.94228723e-01   2.09117105e-01
   1.90043266e+00   9.09730533e-01  -8.75511295e-01   3.51979202e-01
  -1.94204388e-01   2.10687499e-01  -6.59885606e-01   9.39366296e-02
   3.85129592e-01  -2.22490174e-02  -7.15643404e-02  -7.88892866e-01
  -1.20002827e+00   1.51841286e-01  -2.02771318e-01  -1.49558018e+00
   2.34702109e-01  -2.15110252e-01   3.56027181e-01   5.45494792e-02
  -5.46063123e-01  -1.22514830e+00  -4.67215818e-01  -1.03698206e+00
  -5.50925309e-01  -5.79467624e-01   2.78647157e-01   1.70398019e+00
   2.45224555e-01   3.91092974e+00  -1.39926221e+00  -1.70704061e-01
   6.61842956e-01  -3.42302163e-01   8.08236582e-01   1.73717359e-01
   5.85675779e-01  -3.97616829e-01   4.87182845e-01   4.50724735e-02
  -3.46620339e-01  -5.76745380e-02  -1.77463110e+00  -1.27417469e+00
  -9.64912354e-01   7.30392531e-01  -4.02442469e-01  -1.54906747e-01
   5.47883336e-01  -6.10856228e-01   1.14677195e-01  -7.11072307e-01
  -2.28055218e+00  -1.07230709e+00   2.74918904e-01  -8.31823421e-01
   5.25068461e-01   6.02169430e-01  -7.50476783e-01  -6.26700230e-02
   4.60539901e-01  -6.27886694e-03   6.03693755e-01   1.34177327e+00
   1.50933635e+00  -7.47796161e-01  -1.94883874e+00   7.72270090e-01
  -1.04486088e+00   1.65885860e+00   1.29275928e-01   2.01746906e-01
   1.04105908e+00  -1.10098032e+00   9.00897038e-01   9.00708646e-01
  -4.78956863e-01  -1.23528095e+00   3.94799573e-01  -7.66616663e-01
  -1.63987186e+00   2.15155110e-01  -7.42632707e-01   3.28439075e-01
   4.14750814e-01  -2.38797483e+00  -5.35103186e-01   2.70089200e-01
  -4.44607088e-01  -5.83922799e-01   8.64109588e-01  -5.21523380e-01
  -8.73880890e-02  -1.06829927e+00  -4.35225786e-01   6.25877744e-01
   1.09748779e+00   9.80474217e-01   2.20171735e-01   9.92072546e-01
   9.95453986e-02  -5.85339764e-01   3.40564642e-01  -2.74483929e-01
  -6.05870049e-01  -8.28534048e-01   4.24711539e-01   2.20555376e+00
   1.01171531e+00  -8.34817054e-01  -1.35805064e-01   1.49805406e+00
   3.72364104e-01  -1.35257868e+00  -1.04465001e+00   1.29041401e+00
  -2.78668590e-01   2.19955523e+00  -1.83759536e-01  -1.21086070e-01
   3.06274234e+00   1.47015869e+00   2.83130001e-01   9.07227265e-01
  -1.44377848e-02   1.01871966e+00   1.63352071e+00   2.29384747e+00
  -3.68580047e-01   6.21736858e-01   5.85100850e-01  -3.01979319e-01
  -1.44455242e+00  -1.10181547e+00   2.51199876e-01  -1.17565657e+00
   1.08280796e-01  -1.01287102e+00  -7.62459834e-01   1.28784390e+00
   1.06230206e+00   1.53578391e+00   8.78892681e-01  -1.92724230e-01
  -1.00902659e+00  -6.97474244e-01  -1.25147721e+00   1.98233459e-01
   3.42737052e-01  -3.85352693e-01   1.19124849e+00  -2.50829762e-01
  -8.30017035e-01   6.19303914e-01   1.38211794e+00   3.56386383e-01
  -3.80259454e-01  -9.74268050e-01   2.93611592e-01   2.56114051e-01
  -8.64264669e-01   2.25801203e+00   4.37451874e-01   8.79090579e-01
  -1.79403664e+00   2.62975603e-01  -3.28516301e-01   1.27681043e+00
  -1.43184735e+00   1.55074455e-01  -2.78352334e-01  -5.06163443e-01
   6.96761843e-01   1.32096886e+00   1.44565393e+00   1.30469645e+00
   8.32206997e-01   5.33149069e-01   2.35024831e-02   4.54514977e-01
  -1.37682909e+00  -1.24464849e+00   5.43042507e-01   3.12994420e-01
  -6.15859563e-01  -3.57484850e-01   5.61709619e-01   7.15021776e-02
  -1.09807921e+00  -1.16676400e+00  -5.15560409e-01  -6.15230871e-01
  -1.35811417e+00   3.39142682e-01   1.78962982e+00   3.43771203e-01
  -1.89751536e+00   5.52390483e-01  -1.16623541e+00   1.04182252e+00
   8.46602125e-01   1.65046594e-02   1.75583036e-01   5.64249962e-01
  -7.44363056e-01  -2.31059974e-01  -9.85667820e-01   5.55725327e-02
  -3.05026592e-01  -4.40509684e-01   2.07529865e-01  -2.61621216e-01
  -4.49957398e-01   5.29351662e-01  -7.23331429e-01   4.40378071e-01
  -6.34524246e-02  -1.22840690e+00   4.41256485e-01  -1.92911358e+00
   5.95138074e-01   1.72472443e-01  -3.22245032e-01  -8.83184745e-01
   6.86044003e-01  -1.60977146e+00  -5.95276876e-01  -1.09828404e+00
  -3.32929314e-01   1.13680191e+00  -5.19358292e-01   3.59237904e-01
   1.30710623e-01   4.73091983e-01   3.67352962e-01   6.73125873e-01
  -1.86337804e+00  -6.74158645e-01   9.87001454e-01   8.59415890e-01
  -3.31483279e-01   6.66699099e-01   1.10617402e-01  -1.19829120e+00
   3.75236100e-01  -1.58465768e-01   1.69063491e+00  -8.66929924e-01
  -6.74793176e-01  -5.67593608e-01  -1.30557201e+00   9.76805709e-01
   5.41341280e-01  -1.87500540e+00   8.85361804e-01   8.89465624e-01
  -4.83479741e-01  -7.13396745e-01  -4.08301684e-02  -1.72223434e+00
  -2.68941565e-02  -1.20274586e+00   2.93468118e-01  -1.67067338e+00
  -1.69089881e+00   1.44524906e-01  -1.17236856e+00   3.78212613e-01
  -8.65986431e-01  -9.21526631e-02   1.29638869e+00   3.40399861e-01
  -2.12399199e-01   7.36482465e-01   9.13896714e-01   4.40329516e-01
   7.27229823e-01  -1.64044068e+00  -1.12679623e+00  -1.00484901e+00
  -3.56222244e-01  -4.88896134e-01   4.10946623e-01   1.59997956e+00
   2.08345677e+00  -1.59828382e+00  -2.68215406e-01  -6.59995364e-02
   5.11711138e-01  -1.10067722e+00  -7.91255131e-01   2.15177206e-01
   6.78501179e-01  -4.67689155e-01  -7.19839579e-01   3.73204262e-02
   6.64160282e-01  -1.45155227e+00   2.43106702e-01  -4.76829000e-01
   7.20831566e-02  -2.11982009e-01  -1.24974255e+00   3.25555313e+00
   7.55958170e-01  -2.08398765e-01   1.00932743e+00   1.52821090e+00
   6.80784615e-02  -1.15422415e+00   9.24385310e-01  -1.75207494e+00
   1.66917478e-01   8.55898937e-01   3.12362287e-02   6.59993141e-01
   1.24309221e+00  -2.44977461e-01  -2.38051263e-03  -7.92519835e-01
   9.32540118e-02   3.87910498e-01  -8.81275799e-01   1.73113660e+00
   1.93669827e-01   7.32296443e-01   1.21922560e-01   2.66243385e-01
  -2.57691784e-01   9.12587930e-01  -1.58651536e-01  -3.73293060e-02
  -4.22328100e-01  -1.30968300e+00  -4.59326008e-01   2.15988435e-01
   1.68200500e+00   1.06823520e-01  -6.01387567e-01  -3.63316106e-02
  -5.42854935e-01  -1.12174859e+00   7.20047472e-01  -2.85760536e-01
  -5.15350830e-01   4.47147719e-01   1.15662017e-02   3.18755109e-01
   1.07889098e-01   8.32337786e-01   1.81437387e+00  -5.87894957e-01
  -9.62403184e-02  -1.31594271e+00   1.16947466e-01   1.72603200e+00
   4.43473000e-01  -4.34076509e-01   5.97008940e-01   1.16401890e+00
   1.74313806e-01  -7.13909874e-03  -7.64497786e-02   9.76173872e-01
  -1.93561025e+00   1.05154554e+00   5.94199177e-01  -6.62065217e-02
  -8.64885802e-01  -3.58861263e-01   2.24080441e+00  -1.24067546e+00
  -5.70170254e-01  -9.08357875e-01   2.35499114e+00  -6.13006914e-01
  -4.13414398e-01   1.09919263e-01   1.45533667e+00   1.31653653e+00
  -7.00805222e-01  -3.69729931e-01  -2.17258112e-01  -9.03158761e-02
  -6.85900615e-01  -1.05069924e+00   1.74067453e+00   4.82714274e-01
   4.75429806e-01   7.84686869e-01  -5.73922302e-01  -1.03097830e-01
  -5.55576998e-01  -3.76385027e-01   2.44983696e-01  -1.10649982e+00
   4.05926952e-01  -8.03683497e-01  -5.48418125e-01   2.53233450e-01
  -5.59234146e-02   1.19646480e-01  -8.45036008e-02   2.61250381e-01
  -5.36876398e-01   1.13519767e+00   3.24211985e-01   4.06889508e-01
  -3.89563046e-01  -6.60281332e-01  -4.78321166e-01  -9.83300096e-01
  -1.03420099e+00  -1.81018670e-01   3.21351423e-01   4.90187050e-01
  -1.68648305e+00  -6.60902448e-01  -7.73513809e-01   3.11935917e-01
  -4.33182036e-01   1.23274890e-02   1.18016042e+00   4.28334553e-01
   8.22479963e-02   6.33482069e-01   6.99693444e-02   6.71516628e-01
   2.82003295e+00  -4.36786591e-01  -9.09604797e-02   8.55667866e-02
  -3.01134616e-01  -7.32619184e-01   7.45909990e-01   4.49083564e-02
   1.34401753e+00  -1.32725506e+00  -3.88259178e-01   9.29890097e-01
  -1.66130357e+00  -1.82917818e+00  -1.25204514e+00   5.43269180e-01
  -7.02130673e-01  -1.05771315e+00  -5.51547235e-01  -1.27071588e+00
   1.44815334e+00  -1.12986095e-01   8.29798499e-01  -1.11855401e-01
   1.86457841e-01   1.12348626e+00  -4.82873146e-01   9.67528633e-01
   4.24589035e-01   3.21993258e+00   7.55250028e-01  -1.30301885e+00
   6.35263325e-01   3.01734004e-01   2.28622145e-01  -4.05877089e-01
   3.51808384e-01   1.95695585e+00  -6.18481473e-01  -2.98067550e-01
   7.26723847e-01  -3.44980898e-01  -9.45137543e-01  -3.53507859e-01
  -5.20276399e-01  -8.66751788e-01  -7.22526488e-01  -7.17698118e-01
   3.60549943e+00  -1.22983752e-01   4.13263566e-01   5.85347263e-01
   1.23045175e+00  -4.51169507e-01  -1.06637784e+00   2.72711119e-01
  -8.80053166e-01   5.28549353e-01  -1.24435333e+00  -7.01903708e-01
  -5.23553245e-01   8.81827712e-01  -1.53389490e+00   4.41810837e-01
  -8.51970962e-01  -2.04728582e-01   5.13958101e-01  -1.43105155e-01
  -2.30869599e-01   4.13042433e-01   6.22922634e-01   7.22613965e-01
  -8.62451455e-02  -1.41761491e-01  -7.56380788e-03   1.04897411e+00
   7.69187433e-01  -9.08549122e-01   3.31585993e+00  -2.45731570e-01] [-0.53774842 -0.0033829  -0.84235866  1.40911087  0.78883768  0.14366071
  0.09919842 -0.827718   -0.18799892 -0.10253474 -0.82745327 -0.22819461
 -0.20759795  0.25512273 -0.20410297  0.76651675  0.00962214 -0.5119987
  0.47718142 -0.31597037 -0.03434479  0.09001513 -0.46433472 -0.53609793
 -0.92314112 -0.75519268  0.51040361  1.31259767  0.18841273 -0.0810408
 -0.44976076 -0.97778947  0.39547595 -0.87644712 -1.31421797  0.47199832
 -0.5607168   0.41562614  0.49486294 -1.08504662 -0.18017342 -1.16934701
 -0.55015959 -0.86497351 -0.77377398 -1.18745538  0.51490496  0.65255888
  1.24490122 -0.67670107 -1.41014883  0.38184887  0.95036462 -0.4179697
 -0.87045447 -0.87699334  0.58740861  0.15077966 -0.89837185  0.22909521
  0.36387298 -0.5909195   1.32641575  0.4429111   0.56772938 -0.15591831
 -0.42165774  0.12787424 -0.04823718 -0.11244534 -0.805126   -0.33641032
 -0.44140448  0.35647194  0.58347906  0.14867354 -0.71458356  0.1562934
  0.25680529  0.34242775 -0.55497895 -0.50714523  0.16409771  0.06454067
  0.29968827  0.42922478  0.61566137  0.49632377 -0.05992116  0.51141558
  0.88341591  0.23089328  0.31786407 -0.59436078 -0.24858366 -0.75448164
 -0.10465806  0.90890786 -0.01293296 -0.45201557 -0.7335282   0.61469018
  0.39322569 -0.63039902 -0.40525071  0.36613894  0.49361671 -1.07350213
 -0.15987852  0.81594735  1.22806457 -0.2624844  -0.70712413 -0.14391021
 -0.25976611  0.58949468  0.38600708 -0.2305855   0.5140827   0.21409713
  0.64963695 -0.8291774   0.06664841  0.3881384  -0.61421509  0.13328224
 -0.68016136  0.82217932  0.19413649 -0.59925529 -1.30105568  0.37450308
  0.8877859  -0.53193468  0.34202022 -0.08923352  0.60164429 -1.08966815
  0.70829823 -0.74109237  0.1661934   0.09830706  0.50869436  0.55112737
 -0.08716512  0.65732254 -1.45142781  0.65088919 -0.5248092  -0.04806271
  0.08453336 -0.11174447 -1.02833027  0.05794603  2.10606563  0.19549407
  0.27796195 -1.22509936  0.49019934 -0.92470632  0.24418558 -0.52930303
  1.10075431 -1.53447964 -0.23755764 -0.82312575  0.51483844  1.07700552
 -1.51812977 -0.07895995  0.19427548 -0.34662643  0.42797899  0.06672485
 -0.9159671  -0.29372178 -1.07956442 -1.0766102  -0.99034931  0.23388374
  0.11760637 -1.17621547 -0.38853238 -0.23532301  0.10800166 -0.82676894
  0.53029088 -0.52294509 -0.29672998 -0.17958317  1.5349555  -0.14086548
  0.67500859  0.1915876   0.8418569   0.53797735 -0.3794259  -1.00353696
  0.30624919  1.23867431 -0.48138897 -0.65446239 -0.47663529  0.65953827
  0.99333868  0.62399265 -0.26350201  0.23740343 -1.50421872  0.25358616
  0.73757342 -0.02977064 -0.25558871 -0.27939322  0.78853703  0.17306044
  0.53420554 -0.6887303   1.02147935 -0.74048499  0.72905968 -0.84464767
 -0.31226039 -0.3878051  -0.17875058  0.80257471  0.6837337  -0.07182818
  0.2043486   0.10791292 -0.36685633  0.11913881  0.4268412  -0.32088766
  1.36817273 -0.08597056  0.04519228  0.95719742  1.07799534 -0.77541249
  0.12964498  1.54980356 -0.2560606   0.26466924 -1.48686641  0.41506665
  1.26143554  1.15688335  0.83683146  1.18376394  0.33272673  0.00271624
  1.07947061  0.73700688  0.30706149  0.66916418 -1.31295928 -0.46625414
 -0.71009744 -1.06774506 -0.07995494 -0.07764461 -0.37130844  0.45266046
 -0.72577641  0.05599234 -0.58171223  0.26121171 -0.58236954 -0.02820411
  0.22898006  0.40957152  0.40846295  0.1519621   0.21715336 -0.65466846
  0.72507063  0.24199713 -0.34203287 -0.32284703 -0.21641552 -0.1127746
  1.16451805  0.28576894  0.41183744  1.5589832  -0.05697247  0.93111978
  1.42415552  0.34736475  0.13526949  0.26591166 -1.12801153 -1.93585637
  0.4053687  -0.15246598 -1.11412828 -1.25105766  1.16164346  0.34538053
 -1.28623835  0.7896141  -0.65807892  0.89422702 -0.04426694  0.05488999
 -0.32189947  0.0302546   0.16205305 -0.62211748  0.07660438  0.75085693
 -0.87984117  1.05183552  0.57624634 -0.28448303 -1.14495307  1.5466037
 -0.80474549 -0.69817957  0.42383926  1.08433261 -0.51054434 -1.31162712
 -0.00415656 -0.22240536  0.21158179 -0.50731389  0.49737893  1.22681288
 -0.57592416  0.60650734  1.66031052  1.68300244 -0.16993948 -0.5854193
 -0.01649038  0.46147885 -0.84474703  0.6661941  -0.95221824  0.13203971
 -0.4369941   0.04091666  1.04179674  0.15544298  0.75192437 -1.44548325
 -0.32927483  1.27210848 -0.92792908 -0.91654534  0.02487987 -0.83440667
 -1.14052128  1.39365523  0.45834343  0.19960683  1.15801023  0.45689198
 -0.2911079   0.67369683  0.36197041  0.30202015  0.35824256 -1.60549662
 -0.45829506  0.30096358 -0.24149637  1.38422908 -0.15039836 -0.71496611
  0.73580148 -1.15948485 -0.54686394  0.30426429 -0.73693739  0.53339232
 -0.19226847 -0.00930455  0.92357674 -0.10277116 -0.25419679  0.61323396
 -0.66976245 -0.65573911 -0.66413529 -1.1732394  -0.58580586  0.07530196
  1.24303841  0.5057882  -1.05304556 -0.14911447  0.11417766  0.93645793
  0.81878781  1.14334513  0.22237126  0.11071202  0.1110066  -1.73360645
  0.0404111  -0.11595116 -0.01385237 -0.73353119 -0.84349927 -1.85181785
 -0.62345271  0.96869516  1.17613421 -1.08304822  1.29526658 -1.07723747
  1.34900744 -0.28123213 -0.80038231  0.09824061 -0.87987675 -0.58660126
  0.27715043  0.98569716 -1.32381105  0.14921584  0.85940198 -0.41708035
  0.88692711  1.38461264  1.0586651  -0.41927247  0.05027822 -0.88212216
 -1.16219847  0.88613564  0.05928527  0.5906295  -0.24747531 -0.46544908
  0.9071645  -1.18312463 -0.15306066 -0.73565935  0.27704773 -0.61568795
 -0.06993825 -1.11885848  0.42926529 -0.90473025 -0.99506056  0.28972233
 -0.82633459 -0.44040264 -0.07166465  0.07303572  0.08121025 -0.97461146
  0.04240428  0.72294229 -0.46561895 -1.1369638  -0.16681507 -0.72154887
  0.76461776 -0.23764693 -0.99556882 -0.63574176 -0.31301027 -0.96563741
 -0.02133458  0.46358115  0.88384117 -0.66347524  0.31463877 -1.25053185
 -0.75822905 -0.31817482 -1.02862646  0.2859324   0.04035146 -0.38227995
  0.73228889  0.10212157 -0.42858981  0.23834871 -0.17886329 -0.37525929
 -0.14805441  0.78080494  1.18457271  0.12824809 -0.09738525  0.91859885
 -0.05003887  0.63593534  0.01319151 -0.58174158  0.99798599 -0.54551337
  0.43078662  0.07300177 -1.10859341 -0.13344227 -0.63514484 -0.13223798
 -0.23818095 -0.14441161  0.36583649  0.22101416  0.48192246  0.49688073
  0.03125106 -0.18582027 -0.0797448  -0.20089834  1.13217218  1.70846636
  0.6694243  -0.12086089 -0.25584161  0.02429737 -0.29730412  0.54407007
 -0.72014064 -1.04930555  1.44353306 -0.01796966 -0.72759679  0.57397476
 -0.26474403 -0.67468767  0.96639646 -0.61661043  0.90141157 -0.00558117
 -0.41737421 -1.01992094 -0.74384194 -1.09502776 -0.85369822  0.2262297
 -0.11228883 -0.67407131  0.62548262  1.17116779  0.58597907 -0.30775641
 -0.98089     0.01088313 -0.21536082 -0.03332513  0.67339825  0.01840189
  0.7957491   0.2412178  -0.41651797  0.16665363 -0.4330034   0.11402703
  0.82237061  0.85324906  1.33566779 -0.44425517 -1.05434734  0.52834343
  0.70162697  1.02031581 -0.20533255  0.98214152 -1.43773636  0.89453481
  0.01807988  0.33127848 -0.59060369  1.50779497  0.85518786 -1.22243931
  0.72120606  0.17190539  0.09755273 -0.31724992 -0.73340382  0.35286002
  1.94686635 -0.62756035  0.5111901   0.70521757  0.89011143 -0.10010804
  0.56318224 -0.2262713  -0.45242869 -1.0865704  -0.22886995  1.47736214
  0.90256334  0.49088065 -0.01312568 -0.64455542  0.00635143 -0.49590834
  0.01004974 -1.87740718  0.53250635  0.03888271  0.60342538 -0.15689587
  1.00331027  0.89611785  0.61201734 -0.432252   -0.41049374 -0.62587773
  0.16088149 -1.03935603  0.46284514 -1.11455688  0.09700266  0.05139565
 -0.22527038  0.07995611 -1.03844505  0.63314363  0.05098299  0.76399862
 -0.74302068  0.34184102  1.01388395  0.84542038 -0.69228097 -0.80306951
 -1.73442788 -1.05346542 -0.30707116 -0.4853772  -0.90160372 -0.08695021
  1.0353845   0.17357577  0.42497026 -0.6836567   1.10830432  0.08465486
  0.19738396 -0.23279048  0.77074081  1.17334074 -0.58960836  1.11326115
 -0.78950915 -0.26594374  1.00686245  0.56380702 -0.90399994 -0.28351993
  1.14547885 -0.73979477 -0.55866594  0.59281797 -0.58832828  0.68868863
 -1.05064386  0.80727335 -1.88469738  0.45186992  0.51801644 -0.22239582
  0.59302333 -1.4206424   0.03258251  1.17914987  0.23092948  1.42114691
 -0.1892636   0.17554616  0.77851506 -0.95984365 -1.07569731 -0.12300575
 -0.39503473  0.91314078 -0.16638586  0.42726528 -0.1852483   0.58897622
 -0.59023363  0.53640921 -0.47672059  0.41067873  0.96744596  0.99670007
  0.12519704  0.2967098  -0.20751436 -0.31530598  0.15217514  0.86237883
  0.02354487  0.24981127  0.92114728 -0.33989435 -0.42755867 -0.23461904
  0.83252392 -0.57454257  0.32215845 -0.33555002  0.10034167 -1.06191955
  0.47694425  0.18065294 -0.59284315  0.05015681  0.02274573  0.29532342
 -0.64145875 -0.00788817  0.37050311  0.09030039  0.71142325 -0.19244534]

*** Componentes principais [T] (somente originais):
[ 1.21751916 -2.84343555  2.89462572 -1.41849752  1.2089258  -4.08804517
 -0.83056809] [ 0.92744764  1.3308413   0.45264744 -0.47493899 -0.20367091 -1.72936238
 -2.86709237] [ 0.68753416 -0.54915741 -1.36453198  3.40390679 -0.4574322  -0.10067008
  0.1266899 ] [-0.53774842 -0.0033829  -0.84235866  1.40911087  0.78883768  0.14366071
  0.09919842]

*** Contribuições (autovetores) [P] (idem para todos e originais) ###TABLE VI.### Percentages of the contributions from each musical characteristic on the four new main axes.

C1 [14.685115906116252, 18.114714022695853, 10.140318671246316, 1.2886476754632206, 5.0586668354364859, 19.393392812836591, 13.715114325954247, 17.604029750251044]
C2 [1.3218763214124647, 8.1389879764271686, 23.933856831591275, 23.045960434108927, 21.319504596150541, 1.5239088486549563, 16.159527635406992, 4.5563773562476584]
C3 [5.1517698867053516, 5.3565255930353866, 10.171453583183517, 20.614270262739542, 24.456732152551414, 9.0987970925772998, 11.948131081644444, 13.202320347563059]
C4 [31.950791678874999, 14.396061827103674, 4.7052980397263102, 7.2037228912352287, 9.1018798530732727, 5.4882843198885576, 14.703741559062738, 12.450219831035206]
princ_orig [[  1.21751916e+00   9.27447641e-01   6.87534160e-01  -5.37748422e-01]
 [ -2.84343555e+00   1.33084130e+00  -5.49157413e-01  -3.38289869e-03]
 [  2.89462572e+00   4.52647439e-01  -1.36453198e+00  -8.42358656e-01]
 [ -1.41849752e+00  -4.74938988e-01   3.40390679e+00   1.40911087e+00]
 [  1.20892580e+00  -2.03670913e-01  -4.57432202e-01   7.88837683e-01]
 [ -4.08804517e+00  -1.72936238e+00  -1.00670079e-01   1.43660707e-01]
 [ -8.30568094e-01  -2.86709237e+00   1.26689899e-01   9.91984211e-02]]
princ [[ 1.21751916  0.92744764  0.68753416 -0.53774842]
 [-2.84343555  1.3308413  -0.54915741 -0.0033829 ]
 [ 2.89462572  0.45264744 -1.36453198 -0.84235866]
 ..., 
 [-1.63440109  0.8311934  -0.90854912  0.09030039]
 [-1.52863865 -0.62496174  3.31585993  0.71142325]
 [-2.34110499  0.56438537 -0.24573157 -0.19244534]]

###TABLE VII. TABLE VIII###.


*** Oposição:
[1.0, 0.87481296070721704, 0.90810314456478658, 0.59617077085618586, 1.1913249379597943, 0.34679198442994935]

*** Inovação:
[0.0, 1.0700444834073368, 2.1161296546550052, 1.3673966568456899, 2.9391828152429165, 2.2336753487572096]

*** Dialéticas:
[3.2254809016300792, 2.0566609068721231, 1.1283517040107294, 0.88421116074170736, 0.0099699976397620346]
[ 1.          0.63650567  0.3478084   0.27188251  0.        ]
dados [[ 1.30128517  1.24109577 -0.93443633 ...,  1.19194554 -0.50923601
  -0.50150529]
 [ 0.02889498  1.27897274  0.20146108 ..., -1.07636278  1.05241777
   0.53726288]
 [-0.31479285  1.63123402  1.55498384 ..., -1.02254938  0.59388114
  -0.25642276]
 ..., 
 [ 0.647074   -0.20337316 -0.71228345 ...,  0.8674631  -0.00299488
   0.27103869]
 [-1.26647295 -1.6647183  -1.17505515 ...,  2.23977447 -0.67183212
   0.23359122]
 [-0.20884537 -1.5176487  -1.19463649 ..., -1.05485276  1.15313884
   1.10560654]]
###TABLE V.### Average and standard deviation of the deviations for each composer and for the first 4 eigenvalues.
main_means [1.9841302287930398, 3.3162709121938772, 3.1031611318116581, 1.9033972045724143, 1.7758995506527542, 4.4916167057510599, 3.2258569355501034]
main_stds [0.89141816994892686, 1.0611133420214773, 1.0619125519699539, 0.897430775109198, 0.83518296530873926, 1.1215670317910449, 0.99905156639226234]
eigenvalues means [-0.2443347  -0.10716235  0.01633637  0.02725588]
eigenvalues stds [ 0.00634344  0.00364013  0.00265101  0.00251975]
