
*** Dimensões da tabela de notas: (558, 8)

*** Tabela geral de notas:
[[ 3.          3.5         9.         ...,  3.5         5.          4.5       ]
 [ 8.          7.5         7.         ...,  8.          2.5         2.5       ]
 [ 1.5         2.5         9.         ...,  2.5         7.5         7.5       ]
 ..., 
 [ 6.24202878  2.20714676  8.79078097 ...,  1.          7.42843304
   5.16317913]
 [ 8.80929471  2.99384718  3.13064178 ...,  2.2442774   1.87581428  1.        ]
 [ 2.58626321  3.29844724  6.14632122 ...,  1.80564866  5.10918456
   6.48763468]]

*** Matriz de covariância:
[[ 1.    0.34 -0.3  -0.01 -0.07  0.46 -0.43 -0.49]
 [ 0.34  1.   -0.4   0.25  0.12  0.71 -0.48 -0.21]
 [-0.3  -0.4   1.   -0.23  0.47 -0.24  0.43  0.21]
 [-0.01  0.25 -0.23  1.   -0.09  0.13  0.16  0.24]
 [-0.07  0.12  0.47 -0.09  1.    0.21 -0.01 -0.06]
 [ 0.46  0.71 -0.24  0.13  0.21  1.   -0.52 -0.37]
 [-0.43 -0.48  0.43  0.16 -0.01 -0.52  1.    0.62]
 [-0.49 -0.21  0.21  0.24 -0.06 -0.37  0.62  1.  ]]

*** Pearson (igual matriz covar.):

['1.0', '0.34', '-0.3', '-0.01', '-0.07', '0.46', '-0.43', '-0.49']
['0.34', '1.0', '-0.4', '0.25', '0.12', '0.71', '-0.48', '-0.21']
['-0.3', '-0.4', '1.0', '-0.23', '0.47', '-0.24', '0.43', '0.21']
['-0.01', '0.25', '-0.23', '1.0', '-0.09', '0.13', '0.16', '0.24']
['-0.07', '0.12', '0.47', '-0.09', '1.0', '0.21', '-0.01', '-0.06']
['0.46', '0.71', '-0.24', '0.13', '0.21', '1.0', '-0.52', '-0.37']
['-0.43', '-0.48', '0.43', '0.16', '-0.01', '-0.52', '1.0', '0.62']
['-0.49', '-0.21', '0.21', '0.24', '-0.06', '-0.37', '0.62', '1.0']

*** Autovalores (var. %):
[39.0, 19.0, 17.0, 8.0, 6.0, 4.0, 3.0, 3.0]

*** Dados finais:
[[-1.20224228  2.07870308 -2.72982523 ..., -1.8592848   1.23213908
  -1.66485463]
 [ 0.70930268  1.46118453  0.32238928 ..., -0.71029595 -0.79830539
  -0.00692822]
 [-0.45337827  0.69529549  0.94631557 ..., -0.56320312 -2.73009101
  -0.69233035]
 ..., 
 [ 0.6729449   0.03341249 -0.20284983 ...,  0.23271257 -0.07546571
  -0.40846999]
 [ 0.16839944  0.01393834  0.11195291 ...,  0.31193272  0.33147739
   0.18666648]
 [-0.26598888 -0.02057294  0.12113271 ..., -0.74219756 -0.48875164
  -0.1966762 ]]

*** Componentes principais [T] (todos):
[-1.20224228  2.07870308 -2.72982523  1.47048648 -1.19888081  3.42962559
  0.90173293  2.36331942 -0.39230259  1.92415501 -1.8853698   2.75307221
  2.23881137 -0.8580061  -1.12623897 -2.37478131 -1.05255422 -1.01927655
  3.17339656  1.0858738   1.08903497  1.25655421 -2.29748389  2.73035588
  2.1346556  -0.71605049 -0.57141875 -1.52137785 -0.31357397 -0.89710894
  0.92265582  3.6590462  -1.41460791  1.37846622 -1.4563589  -1.96014392
  2.13405858  1.74819    -1.24352891 -0.74474824 -1.74930894 -0.30442349
  3.39297575  1.37984226 -2.34501974 -1.76974905 -2.96591862 -0.89782179
 -2.33031884 -2.37246137  1.95065944  2.44952423 -1.20511614 -1.20211701
 -1.00851354  1.34841521 -0.71498818  1.02696338  1.56595878  1.52680405
 -0.57663748 -2.62756807 -0.3692561   1.78452678  2.6882882  -1.00231822
  2.20990476 -1.18509784 -0.57397443 -2.1419832  -2.95298806  2.72702071
  2.83579633  1.04671932  0.15641133 -1.84935201 -0.7151341   1.735751
 -1.77731842 -1.69592923  2.14438062 -0.82657189  2.3255073  -1.32511479
 -1.14446067 -2.19619021 -1.8037396   2.92830186 -1.38467316  0.1737848
  1.6080939   0.89408278 -1.51054587  1.14686142 -0.09786503 -0.75825605
  1.22897782 -2.27282501 -1.0515833  -0.67223929 -0.28689387  0.09819435
  1.30444206  2.63739743  1.61263416 -0.61104299 -1.2975738  -0.90293961
  1.34939138  0.54733254 -3.53135417  0.9183917   2.11636525  1.73846515
 -1.49864502 -0.66560626  1.92967655 -1.28984197 -2.32676698  0.07435267
  2.44299125  0.58087092 -2.68518014 -2.70199424 -2.58130352  1.97485616
  1.22364886  1.19970348  3.41755934  0.38015828  1.64165317 -0.13714305
  1.04287143  1.14221464 -2.6289448   2.29941678  0.50574979 -0.98675593
 -0.85249448  1.40770578  3.37714259  1.38980352  0.97972296 -1.12138962
 -0.95771227  2.61916788  2.12310109 -0.4469561   1.90654381 -0.43993748
  1.22539169 -2.25257725 -1.19239398 -2.20567379  1.71413751 -0.44342662
  2.08448486  0.78761062 -2.59940171  1.75276674 -1.26402628  2.04529369
 -1.21109424  1.80027594 -1.33229804 -0.87101287 -1.25076218  0.89016564
  2.60239877 -1.24389837 -0.57407193 -1.29532141  2.40902865  1.08643805
  3.20550692  3.73696139 -1.28661779  0.04758922  1.69251341 -0.48578908
 -1.76600623 -0.44698946  0.22761505 -2.35411345 -1.08973407 -2.52162171
 -2.26853609 -1.14146231  0.66535461 -2.4093098  -0.51336589 -2.31770754
 -0.78422103  2.47171243 -2.16246017  0.99722313 -0.57912469  1.75806906
 -1.41459661  2.22689754 -1.23270849  2.05862646  1.71446487  1.57284144
 -0.39940129 -0.29842132 -1.89191959 -0.68569712  1.79340891 -0.95223073
  1.55996293  1.06873514  2.82199125 -0.86072179  0.67285939  0.79067525
  1.24956925  1.39244103  0.20423672  1.69111741 -2.80117178 -1.22324015
 -3.33556269  3.22102064 -1.89569796 -1.22675431  1.3331146  -1.38869378
 -0.95214909 -0.9553949  -0.92246015  1.99450568  1.95226025 -0.58764233
 -3.31156619  0.88142789 -0.77076124 -2.99723321 -2.93080214  0.52818782
 -0.94813093 -0.77005511 -0.65341136 -0.70211654 -3.33484959 -0.81440578
  0.68011658  1.47281674  0.9476369  -1.57863781 -0.69669187 -0.68631922
  2.08557136  1.23243193  3.56403044 -1.17231349 -0.98554082  1.43215568
 -0.26745591  1.46418474 -3.05177804  0.74035915  0.92450136  0.06155644
 -1.36760437 -1.13232716  2.13360754 -1.5369353  -1.71863789 -0.77125065
  0.83020361  2.21556726  1.0979852   1.27997985 -2.73723599 -2.69180347
  2.45292437 -2.28344772 -1.6347109  -0.41969909 -1.0362771  -1.79858235
 -0.68995628  2.67635428  0.68330486  1.60870575  0.9250084   0.73536076
  1.83245737 -2.20073343 -0.62498853  1.15316672 -1.14966671 -2.32659602
  1.02044827  3.00948754  1.99683281 -2.82144819 -1.06956416  1.90253542
 -1.2906831  -1.06596687 -1.42592047 -2.60691131 -1.07304308 -1.17560643
  1.65060046 -0.934134   -0.77700489  0.72591656 -0.93519178 -1.7909667
  1.93907954  0.84504291 -0.69895249  0.81940395 -1.90548462  1.36726061
  1.73840506  0.19791055  1.75643825  1.19206594 -1.10034473  2.47977241
  1.94341467  0.84066291  0.45952907  1.82607444  2.38129938  1.63972702
 -1.23730375  0.90634419  2.26543841  1.8496276  -1.79873238  1.34712396
  1.83835949 -1.60875009 -1.98257531  1.21048899 -2.07861708  0.81145318
  1.87919871  2.29973903 -0.82711355 -1.31879551  2.08945428 -2.13030279
 -2.93504299 -1.16131645 -0.79049085 -2.71330752 -2.03033093 -2.14752658
 -3.1731517  -1.51193086 -2.04941502  1.76647788  3.37511089 -1.64468019
 -1.32348528 -1.4949186  -1.35925552  1.52935738 -2.05794114 -2.70568642
 -2.37087669  2.54015887 -1.09105086 -1.44148794 -0.30901845 -0.37263294
 -0.50216141 -0.96283768 -2.08334467 -3.02914075 -0.92614454 -1.15838222
  2.33183976  1.32907993  1.55303936 -3.11690608  1.79945842 -0.61507914
 -1.5847235   2.16203861  2.93742998  1.90930398 -1.63021946 -1.45446644
  1.81048322 -1.51170816  1.83900313  1.96121243  1.96811958 -1.97692909
 -0.99890933 -0.67268176  0.87646632  0.01833162  0.51360771  2.67175765
  2.32355464  0.77890351 -1.91862145  1.50377901  1.47591159 -1.18203694
  2.23229843  1.67912029  2.42903118 -0.54607804  1.01249325 -2.07185721
  3.08973351  0.54659115  0.7783933   1.26917718  0.89127281  2.94630376
  2.86833409  0.31329728  2.66705239 -1.29599385 -1.7309136  -2.05249625
 -2.63922861  1.39697537  1.97256874  1.32030581  2.34176812 -1.6669186
 -0.32409878 -1.21545715  2.20819547 -1.83653969 -0.34459105 -2.28327398
 -1.1939091  -0.71802178  1.53427279 -1.35220422 -0.5781995  -2.6259962
  1.507222    2.2217112   0.03980892  2.27669608 -0.98641958  1.36679512
  0.74063842  0.55550182 -2.42982241 -1.55374929  1.50883646 -1.33011659
  1.9779086   3.06432805 -2.63128708  1.66827919 -1.95236458 -3.3907589
 -0.81056332  3.1498691  -1.39170367 -1.72210457 -1.31020299  3.3063574
  3.20895809  0.07356567  2.18315919  3.10236762  0.72274437  1.55149108
 -2.22279241  1.31818609 -0.87201146  3.22597228  0.57313169 -2.16262201
 -1.40582796 -1.43812865 -1.46527394  0.9665928  -0.7380272   0.66573666
  1.20485733  1.02621587  1.32913123 -2.02888413  1.69204242  2.01318196
  0.95904346  2.78658847  1.35582303 -2.93474388  2.73660165 -2.72511296
 -2.65077817  2.04138965 -1.49071007  1.90645861  1.25037652  3.27961869
  1.0535289  -0.96364166 -0.06736318  0.02409258 -2.92470071  0.42313919
  3.24372636 -1.58068152 -2.06231345 -2.79977729 -2.49497436 -0.71479164
 -1.09654012 -1.87344024  1.42797494 -1.06029952 -1.95744686 -3.49194065
  0.21638937 -1.97256673 -0.99981221  0.72501312 -0.59269757 -1.62568534
  1.47056117 -2.64769084 -0.56997327 -0.38890267  1.3324827   0.63221849
 -0.58065095 -0.96794463 -0.06582928 -1.90618363  1.36156898  0.37117132
  1.114731   -1.64509863  0.64123046 -3.38012526  1.79734996  1.29009421
  0.21989931 -2.46958795  1.17399245  0.19399547 -2.97049198  2.75017566
 -2.26058723 -0.71689889 -1.70399474 -1.8592848   1.23213908 -1.66485463] [  7.09302685e-01   1.46118453e+00   3.22389281e-01  -5.35533277e-01
   7.31917011e-02  -1.15106811e+00  -2.36225333e+00   1.50162673e+00
  -2.14572762e+00   7.80835552e-01  -1.62318494e-01   1.90540302e+00
   1.19748266e+00  -9.50845725e-02  -1.43191540e+00  -7.73617831e-01
   9.74225842e-01  -2.50380439e-01  -4.37297797e-01  -1.79729462e-01
  -9.59636629e-01  -1.33093939e+00   4.30389697e-01   4.45258753e-01
   2.36978278e+00   1.40158769e-01  -1.46137292e+00   8.00937649e-02
  -4.12395199e-01   5.00844117e-01  -1.01046786e+00  -1.50206931e+00
  -9.44949010e-01   1.30295984e-01   3.12741110e-01   6.72711511e-01
   1.56836682e+00   1.07795005e+00   1.45274829e-01   2.58115451e-01
   1.20257752e-01   7.73494190e-01  -1.04034735e+00  -2.33588333e+00
  -1.00961456e+00  -4.40658108e-01   2.07820600e-01   4.08309306e-01
  -8.59993647e-01   7.78325861e-01   2.27375746e+00   1.23776111e+00
  -3.68352177e-01   9.02994363e-01   8.80907185e-01  -5.85872895e-01
   1.82560194e+00  -1.83184258e+00  -1.86387026e+00  -2.77949979e-01
   1.42402553e+00  -3.53853513e-01   8.76023991e-01  -5.32137577e-01
  -1.68698035e+00  -4.87729496e-01   7.10743207e-01   6.22038186e-01
   1.95519372e-01   2.12737499e-03  -1.55244543e+00  -6.45329265e-02
   9.98941853e-01  -2.21582307e+00   2.84739843e-01  -7.35750230e-01
   5.43993387e-03   1.65615398e+00   1.01754378e+00  -1.34824641e+00
  -1.05249204e+00   1.57735087e-01   2.13199108e+00  -1.93060826e-01
   7.49822310e-01   4.25008916e-01   1.07712171e+00  -8.32765728e-01
   8.50923946e-01  -2.14883611e+00   4.22258452e-01  -8.46863954e-01
   3.46068665e-01  -9.17452803e-01  -2.96555664e+00   8.24525200e-01
  -8.75180759e-01  -5.38979428e-01   5.57886039e-03  -1.91775628e-01
   3.48497959e-01  -1.78620159e+00  -3.67403963e-01   1.38351773e+00
  -1.05802518e-01   1.10436328e+00  -4.43833184e-01  -7.44477248e-01
   1.01526321e+00  -9.46558460e-01   1.30579474e+00  -1.66450359e+00
   1.61574905e+00  -2.19136032e+00   6.68990740e-01   3.37126621e-01
   1.82286366e+00  -2.41542543e-01   4.65945286e-01  -1.41509730e+00
   9.89406241e-01  -2.20719822e+00   7.14556305e-01   9.29758943e-01
   5.28875309e-01   1.97966632e+00  -6.37240359e-01  -2.39059907e+00
  -1.55960362e+00  -2.31078008e+00   7.99866928e-01   1.53794246e+00
  -2.18904145e+00  -1.27717814e-03   6.97970250e-01   8.00629653e-01
  -2.02060394e+00   5.69418404e-03   7.59194431e-01   1.16904048e+00
   4.60953578e-01   1.04299592e+00  -1.80369040e+00  -5.53981426e-03
   8.61641004e-01   1.04403514e+00   1.74224929e+00   2.35156186e-01
  -3.14975013e-01   4.33761177e-01  -1.87211365e+00  -8.24543815e-01
  -1.32890319e+00   4.69787722e-01   1.12083604e+00   1.00759389e-01
  -2.09238943e+00  -2.48410046e+00   2.42879403e-01  -1.81598081e-01
   1.20095308e+00   1.87688378e+00   5.71508108e-01   6.56981904e-01
  -5.63315725e-01   6.99748250e-01  -1.47680675e-01  -2.41876304e-01
   8.64451829e-01   2.03564212e-01  -1.84926074e-01   5.13053245e-01
   1.20720943e+00   2.13927887e+00  -7.58378811e-01  -5.76898880e-01
   5.18922549e-01  -2.73965561e+00   9.77975207e-01  -1.02974338e+00
   4.79772910e-01  -8.58445315e-01   2.38711729e+00   2.18429383e-01
   3.39215537e-01   8.34024042e-01   5.75516069e-01   1.53938732e+00
   4.83048839e-01   3.80255436e-01  -4.80592692e-01   5.77024220e-01
   6.11954267e-01   1.48955747e+00   1.30663331e-01   1.56746222e+00
   4.50831488e-02   9.04472819e-01   7.21325796e-02   1.88804991e+00
   9.97694625e-01   8.50665061e-01   4.48575206e-01  -1.38667561e+00
  -1.81178904e+00   3.26377900e-01   1.91105480e-01   6.95790547e-01
   4.96661450e-01  -9.87565173e-01   1.99938090e+00  -2.23455496e+00
  -6.37424005e-01  -5.01973547e-01  -2.65927914e+00  -1.26907966e-01
  -1.69076793e+00  -7.66623280e-01   1.00034846e+00   1.23971389e+00
   8.39855812e-01  -3.70050830e-01  -7.23345715e-01  -2.78418697e-01
   5.06462860e-01   2.25817459e-01  -2.73742316e+00   1.49092877e+00
   1.02456226e+00   1.89089939e-01   7.46459574e-01   1.52129124e+00
   1.19437150e+00   2.65981538e-01   2.98274694e-01  -3.35901575e+00
  -9.02194559e-01   3.55226932e-02  -2.77503239e-01  -1.95857508e+00
  -3.39544859e-01  -2.35559988e-01   1.23260333e-01  -2.48828269e+00
  -8.03940031e-01   1.17902221e-01  -2.88455515e+00  -1.91031412e-01
  -2.40117553e+00  -7.53201167e-01  -8.19041195e-01  -4.40958692e-01
   1.53315818e+00  -9.51772661e-01  -2.64917845e-01  -1.26250649e+00
   1.48291526e+00  -2.09209375e+00  -1.73395617e+00   1.59020059e+00
   1.53134770e-01  -2.25735196e+00  -1.17052155e-01  -1.73819544e+00
   5.48163226e-02   2.29718084e-01   1.97619510e+00   1.18502868e-01
  -5.81395869e-01   8.81525957e-01  -2.67389019e+00   1.92224517e+00
  -2.20248472e+00   8.15820332e-01   1.04252784e+00   1.38114268e+00
   2.32841034e+00  -2.17607555e-01   6.01753205e-01  -3.72532335e-01
   8.85553937e-01  -2.52234063e-01   9.37409530e-01   2.05891708e+00
  -2.09204705e+00   1.82258710e+00  -1.56490567e+00  -1.73113017e+00
   1.03515348e+00   7.90568531e-01   7.16193764e-01   1.14925466e+00
   2.29410221e-01   7.19468724e-01  -5.62786633e-01   1.88695067e+00
  -1.11140721e+00  -3.71809672e-01  -8.06884272e-01   1.34955642e+00
   7.52448659e-01  -3.80112268e-01   3.24346537e-01   1.11975235e+00
   1.85046811e+00  -1.56309439e-01  -2.44411908e+00  -1.41772202e-01
   2.89223045e-01  -2.58199367e+00   2.65405509e-01   9.62489499e-01
   1.26880045e+00  -1.60459786e+00  -1.24479187e+00  -2.78487838e+00
   1.47798442e+00   1.90135868e+00   1.57080853e+00  -1.60424691e+00
  -9.42859747e-01   1.06725422e+00   1.08431518e+00   1.25724441e+00
   1.30923779e+00  -2.27790448e+00  -2.49902268e+00  -1.45799745e+00
   1.88187499e+00  -2.44034001e+00   6.54566650e-01  -1.63696859e+00
   2.59420757e+00   8.09972541e-01  -3.60565506e-02   6.07358176e-01
   1.76894559e+00   1.80682084e+00   1.27151028e+00   1.31325482e+00
   8.63002731e-02  -2.14041004e+00  -7.29667674e-01   1.82419354e+00
   1.35488857e-01   2.45788104e-01   1.11565849e+00  -5.12102635e-01
   3.47625592e-01   3.66987071e-01   4.54743427e-01   2.13952757e-01
  -7.23345287e-02   6.04911160e-01  -1.71293910e-01  -3.05172707e-01
   8.49110612e-01  -1.20118977e+00  -8.18430157e-01   6.88942206e-01
   1.32221493e-02   7.16851040e-01   3.18418335e-01   6.40940675e-02
  -4.61103257e-01  -5.56094237e-01   9.22745493e-01  -1.13638492e+00
   2.93535901e-01  -7.19143352e-01  -2.47520182e+00   9.40218565e-01
   2.18542787e+00   1.52614340e+00  -5.56269084e-02   1.07843503e+00
   9.34408470e-01  -7.36118782e-01   1.17382279e+00   1.04982991e+00
  -3.01644545e-01   3.80214996e-01  -4.94018532e-01   4.99733297e-01
   1.52026855e-01   1.03256524e+00  -5.30096075e-01  -1.43712850e-01
   1.24046498e+00  -4.46082370e-02   1.64531308e+00  -6.05001655e-01
   2.54316371e+00   1.10607502e+00   1.41893292e+00  -5.80786856e-01
   1.83937423e-02   3.45590175e-01  -2.01428452e+00  -2.25861946e+00
  -2.35127297e+00  -1.02765372e+00   1.04946580e+00  -9.95586360e-02
   5.41617027e-02  -2.50656805e-01  -2.67995227e-01  -2.60421352e-01
   1.63944711e+00   1.98202993e+00   7.03644889e-01   4.81316478e-01
   4.13655423e-02  -1.05429749e+00  -1.72614453e-02  -1.71856597e+00
  -2.57119697e+00   1.31488538e+00   5.28429157e-01   1.82507049e+00
   1.77102538e+00  -2.82989894e-01  -4.88619573e-01   8.31415360e-01
  -3.58734269e-01  -7.49394123e-01   4.26646995e-01  -2.01654808e+00
   2.65741860e+00  -2.22571642e+00   1.52079955e+00   6.78262746e-01
   1.02956490e-01  -1.11044709e+00   1.48901240e+00   3.61781692e-01
   7.45880965e-01   9.83570792e-01  -5.59414933e-01   5.25112054e-01
   1.33483480e+00   2.74727129e-01   6.21724098e-01   2.32914093e-01
   5.11206839e-01   2.14258680e+00  -9.42558627e-02   5.28411950e-01
   8.04921263e-01  -1.54237311e+00   2.87210405e-01  -1.55580167e+00
  -2.15161658e-01   1.26218019e+00   1.18050403e+00   1.41375968e-01
  -1.32818159e+00  -7.78150321e-01   5.39472118e-02   1.58303881e+00
   6.38407557e-01   2.02391650e-01   1.69484767e+00  -1.54202341e+00
  -9.52253550e-01   1.11826163e-01  -6.72149527e-02  -1.61904687e+00
  -1.35547302e+00  -1.68687468e-01   1.35017953e+00  -1.13239973e+00
  -2.28457081e+00   1.93149376e+00  -7.61611120e-01  -2.89614999e+00
   3.73397169e-02  -9.21610986e-01  -2.89211872e+00  -5.43446706e-01
   2.77427505e-01   1.03467009e+00  -3.04869833e-01   1.04017464e+00
  -2.55486023e+00   8.89902506e-01   1.06969502e+00  -3.28652764e+00
   1.64340878e+00   1.09634844e-02   7.82409083e-01   1.38960803e+00
  -3.93437965e-01  -1.69623826e+00  -5.69973041e-01   3.08315214e-01
   2.28124947e+00   3.97218859e-01  -8.46264398e-01   2.52461707e+00
  -5.73138392e-01   2.35666959e+00  -7.96771046e-01  -8.11890644e-02
  -2.40105496e+00  -2.14444399e-01   1.41105632e+00  -2.82305153e+00
  -4.33751739e-01  -2.09805006e+00  -7.28841681e-01   4.29918036e-01
   1.18630377e+00   6.07754538e-01   1.17716707e-02   2.24386910e-02
   9.06624080e-01  -2.32918621e-01  -2.19647681e+00   6.29394574e-01
  -4.16191691e-01   5.77861130e-01  -2.24014758e+00   6.82368452e-02
  -4.20317263e-01  -6.97620793e-01  -3.35463558e-02   4.23232587e-01
   2.26268321e+00   1.72072048e-01  -1.11030393e+00   2.36307807e-01
  -1.69382352e+00  -2.71192404e+00   3.25077592e-01   1.29693544e+00
   2.79644041e-01   6.04919142e-01   1.31851572e+00  -1.38930373e+00
   2.20413787e+00   1.72845206e-01  -2.38264753e+00   1.67267543e-01
   1.11505256e+00  -1.70945681e-01  -1.76861886e+00   8.06252370e-01
   1.94210545e+00  -2.62029141e+00  -9.20819804e-01   8.35424304e-01
  -3.87551840e-01   1.18865310e+00  -1.24122475e+00  -7.10295950e-01
  -7.98305395e-01  -6.92821696e-03]

*** Componentes principais [T] (somente originais):
[-1.20224228  2.07870308 -2.72982523  1.47048648 -1.19888081  3.42962559
  0.90173293] [ 0.70930268  1.46118453  0.32238928 -0.53553328  0.0731917  -1.15106811
 -2.36225333]

*** Contribuições (autovetores) [P] (idem para todos e originais)

C1 [15.936108598291165, 17.088899156860496, 13.172940242186481, 1.3017745177361693, 0.32167507840068232, 18.135705361192066, 18.690843691364964, 15.352053353967971]
C2 [1.8213493644644065, 4.6213624406951244, 22.486459095135665, 22.717048405042352, 25.33544127719636, 4.1678896670267189, 5.6616561550757982, 13.18879359536357]
C3 [5.7500223070505427, 15.584383914420128, 8.0087225906867108, 18.771909948868011, 18.950197279286616, 13.200005273558233, 7.1738218454044658, 12.560936840725287]
C4 [35.03850827887284, 12.004023362795357, 12.417938689622357, 15.098392766158259, 1.8760184375986355, 0.21221645491639315, 16.810644151295399, 6.542257858740741]

*** Oposição:
[1.0, 0.89224096615098802, 0.78382398169376855, 0.65485442747767253, 1.5124419303433854, 0.3235778072998336]

*** Inovação:
[0.0, 0.014550723136440982, 1.1218823996554801, 0.70596628660005967, 1.4479583452549485, 1.9040346253009055]

*** Dialéticas:
[0.96803730723071457, 0.28711158365426898, 0.13848072832282979, 1.247639081905912, 0.054244226408707102]
