
*** Dimensões da tabela de notas: (430, 8)

*** Tabela geral de notas:
[[ 3.          8.          5.         ...,  5.          3.          7.        ]
 [ 2.          6.          9.         ...,  2.          1.          5.        ]
 [ 6.          4.          1.         ...,  7.          2.          2.        ]
 ..., 
 [ 7.2794632   6.97324851  4.61264832 ...,  3.57094949  8.57627743
   2.74917468]
 [ 4.25239976  4.32261099  6.30653772 ...,  7.03135934  4.89854373
   7.52845091]
 [ 7.24012271  4.37137867  6.6135529  ...,  8.24352722  7.04770622
   4.59483225]]

*** Matriz de covariância:
[[ 1.   -0.17 -0.03  0.6  -0.19  0.09  0.42 -0.16]
 [-0.17  1.   -0.15 -0.17  0.27 -0.44 -0.28  0.24]
 [-0.03 -0.15  1.   -0.12  0.11  0.03  0.42  0.02]
 [ 0.6  -0.17 -0.12  1.   -0.3   0.14  0.39 -0.01]
 [-0.19  0.27  0.11 -0.3   1.   -0.17 -0.12 -0.1 ]
 [ 0.09 -0.44  0.03  0.14 -0.17  1.    0.19 -0.05]
 [ 0.42 -0.28  0.42  0.39 -0.12  0.19  1.    0.03]
 [-0.16  0.24  0.02 -0.01 -0.1  -0.05  0.03  1.  ]]

*** Pearson (igual matriz covar.):
 ###TABLE III. Pearson correlation coefficients between the eight musical characteristics.
['1.0', '-0.17', '-0.03', '0.6', '-0.19', '0.09', '0.42', '-0.16']
['-0.17', '1.0', '-0.15', '-0.17', '0.27', '-0.44', '-0.28', '0.24']
['-0.03', '-0.15', '1.0', '-0.12', '0.11', '0.03', '0.42', '0.02']
['0.6', '-0.17', '-0.12', '1.0', '-0.3', '0.14', '0.39', '-0.01']
['-0.19', '0.27', '0.11', '-0.3', '1.0', '-0.17', '-0.12', '-0.1']
['0.09', '-0.44', '0.03', '0.14', '-0.17', '1.0', '0.19', '-0.05']
['0.42', '-0.28', '0.42', '0.39', '-0.12', '0.19', '1.0', '0.03']
['-0.16', '0.24', '0.02', '-0.01', '-0.1', '-0.05', '0.03', '1.0']

*** Autovetores (raw):
[[-0.46  0.28  0.24  0.32 -0.09 -0.04  0.74  0.02]
 [ 0.39  0.3   0.45  0.03 -0.17 -0.71 -0.09  0.05]
 [-0.11 -0.68  0.36 -0.05  0.26 -0.23  0.13 -0.51]
 [-0.47  0.39  0.2   0.07 -0.14  0.09 -0.53 -0.53]
 [ 0.3  -0.29  0.21  0.47 -0.65  0.36 -0.03 -0.08]
 [-0.31 -0.21 -0.47 -0.26 -0.62 -0.43  0.05 -0.05]
 [-0.45 -0.28  0.4  -0.03 -0.04 -0.01 -0.32  0.67]
 [ 0.1   0.11  0.38 -0.77 -0.26  0.34  0.22 -0.06]]

*** Autovalores (raw):
[ 2.38  1.38  1.24  1.1   0.73  0.45  0.37  0.36]

*** Autovalores prop (raw):
[ 0.3   0.17  0.16  0.14  0.09  0.06  0.05  0.04]

*** Autovalores (var. %) ###TABLE IV### New variances after PCA, in percentages for scores on III.:
[30.0, 17.0, 16.0, 14.000000000000002, 9.0, 6.0, 5.0, 4.0]

*** Dados finais:
[[  2.60322064e+00   3.42974611e+00  -1.07248376e-01 ...,  -6.00531259e-01
   -4.70849952e-01  -2.93744765e+00]
 [ -5.88662943e-01  -2.29639214e+00   8.59786008e-01 ...,  -2.01870673e-01
   -9.30054455e-01  -4.23897714e-01]
 [  6.96002210e-02   1.48552689e-01  -2.94342029e+00 ...,   1.05265770e+00
   -6.44560290e-01  -7.39803362e-01]
 ..., 
 [ -2.58382123e-01   6.39540426e-01   2.76567651e-01 ...,  -3.02450607e-01
    2.11474823e-01  -1.04901423e+00]
 [  3.91600882e-02   2.34704910e-01  -6.32435080e-02 ...,  -5.34697057e-01
   -4.61462709e-02  -1.71210049e-01]
 [  5.65270350e-02  -1.28714737e+00   1.37902716e-03 ...,   1.32317821e+00
   -4.53222925e-01  -3.22236036e-01]]

*** Componentes principais [T] (todos):
[ 2.60322064  3.42974611 -0.10724838  0.20635223 -0.59945012 -0.84056459
 -2.61128574  1.82680019  2.43541893 -0.98577493 -1.10524556 -1.91862381
  0.00763799  2.78076469 -0.62605742  0.15676562  0.70524825  2.37462328
 -0.88068236  2.09068534 -1.26167046 -1.86885388 -2.84411997  0.87903423
  2.95163913 -1.19327088 -2.05853826 -0.84878073 -0.16846869 -0.25429707
 -1.5378663  -2.8466483   1.588815    3.40362053 -1.87928462  2.24474955
 -0.60111355 -2.47399366  2.83641887  0.63487916  2.67284679 -0.34183138
 -1.21388401 -1.06686238 -0.19227688  0.4242398  -0.07534298 -0.01074727
  0.30597169  2.90222223 -0.91298569 -0.93599209  1.55842448  2.55981413
 -0.74175353  0.15846762  2.62192926  0.50876945 -0.11819302 -1.27391789
 -0.06099764  0.31289557  0.33078307 -0.75861769 -0.23018001 -1.20174757
 -1.34222949  2.23058806  1.35554877 -1.45076391  2.00904625 -0.35621039
 -2.62108469 -1.49294691  1.06727186 -0.79339568 -1.16027006  0.35972243
 -1.03055969 -2.53760602  0.03755285 -1.3388539   2.12386826 -1.1071783
 -1.75194259 -0.60035167 -1.50675062  0.53750238 -1.05396282  1.97399388
 -1.87394737 -0.41314002 -0.91109875 -2.45615282 -3.29050543  1.04832581
 -0.07749561 -0.54597579  2.44733128 -0.35156312 -2.42541834  0.72698615
 -1.64595742  1.49775975  2.30297166 -0.05579985 -2.07003173 -0.77991096
  2.12526733 -2.28310227 -0.78384218 -0.93313557  1.30159193  2.68519859
 -1.97593498  1.39861016 -0.26377119 -0.4552853  -0.35124134  0.51292924
 -0.34948523 -1.42582469  0.03547022 -2.29539626  0.21173228 -1.27920285
  1.30832951 -1.12670839  1.20912319 -0.12979224 -1.51658735 -1.21488205
  0.05515129 -3.69945641  2.75407248  0.80508437 -1.32772613 -0.38525431
  2.14344203 -1.30317071  1.80834336 -2.4672504  -1.68363038  0.25730949
  0.60509314  0.87585388 -1.21155791 -1.26549135  0.77031422 -1.50970622
 -0.04038706  2.77971018 -0.74255792  2.68152321  2.48252553  1.1384942
 -0.68858057 -2.65758368 -1.42414712  3.03786737  2.9580744   0.79356901
  2.7958237  -0.28923617  0.53064245  2.10091067 -1.24277977 -1.84264185
 -0.06169236 -1.1874392   0.3483543   0.41128351 -1.52823543  2.43957331
 -1.11021712 -0.92800405  0.24945992  2.04286157 -1.90328116  0.56272556
  1.99008867 -0.99460087 -0.50453681 -0.99331408 -0.42021991 -1.66609871
 -2.41030249 -0.0921984  -0.64192492 -0.20094665 -1.63736027 -0.74059997
  2.4283571  -1.19432022 -1.7233251   0.16184634 -0.18868911  0.77998123
  0.8609528  -1.25266381  2.82153363  0.23042393 -0.30732829  0.1169043
 -1.65995043 -1.69797418 -0.55877331 -0.08110906 -2.84237685  2.49840648
 -1.97325661  0.6349572  -0.05964074  0.3265351   0.14141     0.73277268
 -0.49922297  1.78553838 -0.1368852  -0.33348211 -0.40018714  1.66556466
  0.02208768 -2.29686072  1.72013958  0.8092539   2.55696449 -0.55532542
 -0.28077613 -1.20573369  2.60888015  2.61081737 -2.0281488   2.31652098
 -1.439913    3.18758865 -1.12421053  0.03097006 -0.24801559  0.4401526
  1.86988185 -0.95954492  0.21096846  2.21367153  0.22614491  0.0412296
 -0.99904835 -1.18432671 -2.3193475   1.59346701  0.06676099 -2.70152034
 -0.49378217  0.25043523 -0.90818755 -1.82791906 -2.11025352 -1.84767409
 -0.49418776  0.39616011 -2.07046485 -0.89892978 -0.18292035  2.06415667
  0.18505329 -2.4818842  -1.60611211  0.421922   -0.05606569 -1.05463571
 -1.7163612   2.22088536  2.10164608  0.45127271 -1.59218535 -0.05780885
 -2.28610524  1.92132719 -0.50103195 -0.38301716 -0.23123907 -0.84164468
  2.50623053  0.12504003 -1.16211766 -0.11746463 -2.24936781  2.09690584
 -1.07647851 -0.34217547  2.22675265  0.47388172  0.04776146  2.11746182
 -0.48242223 -1.36295104 -1.73305543  2.06363096 -0.16011593 -1.18589418
  0.989937    0.12234381  2.86341592 -0.57503575 -0.32594342  3.14310716
  2.54520656 -1.06788599 -0.076797   -0.14913433 -1.62689226  2.30041271
  0.07015845  0.37989889  0.51748623 -1.95818417  0.55593589  1.86695328
 -0.69234735 -1.04385234  1.6241677   2.66826027  3.02417304 -0.56477318
 -0.76196711  0.57083409 -0.17767346  0.6917775   0.48060482  1.77446947
  0.12642089 -0.52417287  1.74687224 -0.49093097  0.56594751 -1.94268067
  2.36442499  0.50385828 -2.88675467 -2.41615823 -0.56745997  0.52232325
  2.63409402  2.6343318  -1.03171652 -1.59106173 -0.96938676 -1.53504145
 -0.96580775 -0.77975634 -1.1178822   0.02690366  1.41805625 -0.8208257
  2.32585741  0.03019677 -1.18244916 -0.53760851 -2.83658467  0.48499334
 -0.30655517 -0.21312096  1.96771698 -0.39197995  0.43088904 -0.93408017
  2.56196945 -1.7149116  -0.28576601  0.25148445  2.30339788 -0.82549272
 -0.17876714 -0.59937869 -0.2530822  -2.74360256  0.22788342 -0.32833185
 -1.05238466 -0.7374135  -1.26156552  1.58929092  0.11902647  0.03282005
 -0.04160621 -2.57538346  1.10466552  1.74591759  2.3612656   4.45810758
 -0.44844922  0.48236307 -1.4442647   1.15382734  0.23102272  1.93386401
  2.13722684  0.22186614  3.0179181  -0.56152684 -1.16510088 -1.08157462
 -0.29731695  0.86419581  1.5833806  -1.22377844 -0.4038147   2.83891996
  0.40303528  1.53846304 -0.84910451  0.94237825  2.22005804  2.37009011
  3.02151886 -0.92777954  0.33644822 -1.22592177 -3.02858372  2.12479758
 -1.76173272 -2.55590394 -0.89561077  0.28841519  0.94935817 -0.58672664
  0.5613409  -0.60053126 -0.47084995 -2.93744765] [ -5.88662943e-01  -2.29639214e+00   8.59786008e-01   2.15641073e+00
   6.15866947e-01  -5.54634965e-01  -1.80351647e+00  -1.40791396e+00
  -2.19900096e+00   7.33385067e-01  -8.49040951e-01  -1.70024463e+00
   4.22722070e-01  -7.53086729e-02   2.25784769e+00  -7.57157831e-01
  -9.92813475e-02  -1.60464776e-01  -3.50227643e-01  -1.25506496e-01
  -6.73487968e-01   7.40277467e-01  -5.79910657e-01   3.15893164e-01
  -1.89695393e+00  -1.10734733e+00   6.56052998e-01   4.77784111e-01
   8.34030777e-01   5.57123261e-01   3.22424580e-01  -1.10241844e+00
  -1.00414179e+00  -2.74827771e-01  -1.31088159e+00   1.37672173e-01
  -1.28807645e+00  -3.57303545e-01  -1.44927378e+00   2.15800419e+00
  -1.05920177e+00   1.50420096e+00   3.57609635e-01  -5.98888617e-02
   1.78997794e+00   2.35909022e+00   1.00173723e+00   8.07895736e-01
   5.50496552e-01  -3.05851599e-03   3.75817257e-01  -5.74248814e-04
  -1.41633860e+00  -1.88262112e+00   3.86435128e-01  -8.27032942e-01
   3.43289223e-03   1.01071390e+00  -4.40667543e-01  -1.57356102e+00
   2.60944748e+00   1.67256702e+00   1.95658249e-01   1.24137723e+00
   1.37811424e+00   1.50466572e+00   9.47388295e-01  -6.09576127e-01
  -1.07172149e+00   3.02218881e-01  -6.82278437e-01  -2.32401060e-01
  -2.15180300e+00  -1.35626080e+00  -5.14810156e-01  -1.04564928e+00
   2.20416014e-01   1.29777637e+00   7.79298295e-01  -2.30746365e+00
   1.69075645e+00   1.66305093e+00  -5.41714065e-02   2.74874940e-02
   8.60165485e-01   1.89583169e+00   1.67010463e-01   3.14924264e+00
  -1.61979919e+00  -6.95217787e-01  -1.21897834e+00   3.07412275e-01
  -5.73674255e-01  -1.62333374e+00  -1.88880674e+00  -1.83959814e+00
   6.05640612e-02   9.56613630e-02   6.36486535e-04   2.98257537e-01
  -1.48001260e+00   9.02175936e-01  -1.92656090e+00  -1.20252181e+00
  -9.92417653e-01   6.58017874e-01  -1.32770519e+00   2.24091864e-01
  -6.38784945e-01  -1.02676110e+00  -6.39210015e-01  -4.71925526e-01
   2.13150478e-01   4.13050254e-01  -1.18952469e+00   5.18490596e-01
   1.02029105e+00   3.73263984e-01   1.61243363e+00   2.65522912e+00
   2.10836747e+00  -1.64402388e+00   2.16664453e-01  -2.16035125e+00
  -3.71574452e-01  -3.18482032e-01  -8.51708043e-01  -4.91323962e-01
  -5.64751908e-01   7.99932079e-01  -2.12330135e+00  -3.12098704e-01
   7.19257585e-01  -1.58966749e+00   2.68738985e-01   1.74713247e+00
   1.34183562e+00   1.70417876e+00  -1.04778420e+00   5.45173128e-02
  -3.21329978e-01  -2.22130924e+00  -1.61166839e+00   1.60514024e+00
   7.52859235e-01   3.33341298e-01   1.19267790e+00  -4.55612325e-01
   1.20381615e+00   1.22878979e+00  -6.35206310e-01  -1.86479964e+00
   9.86142857e-01  -1.56485537e+00  -8.24481312e-01   2.28802410e+00
  -6.87774619e-01  -1.94235231e+00  -2.24880792e-01  -1.38731832e+00
  -1.77688932e+00   1.22296935e+00  -4.45848939e-01   6.80534875e-02
   1.24825042e+00  -2.96174279e-01   1.15810994e+00  -1.40706850e+00
   1.76944646e+00   2.04792876e+00   5.02952009e-01   1.81286860e+00
   2.62652259e-01  -2.27637262e-01  -6.08159312e-01   5.81923320e-01
   2.10176657e+00  -3.61979695e-02   4.19385159e-01  -4.68231850e-01
  -1.48203039e+00   1.41571486e+00  -6.45370338e-02   3.81456431e-01
   1.63351194e+00  -1.03029305e+00  -1.03318708e+00   1.43417517e+00
   3.73628403e-01   6.04627703e-01   2.47024349e-01   1.94236811e-01
   2.82137550e-01  -7.48986535e-01  -1.01308492e-01   1.70416379e+00
   3.35500699e-01  -1.38851235e+00   3.71126059e-01   8.03093361e-01
  -3.37124287e-01  -4.59177624e-01  -1.48334031e+00  -2.56021715e-02
  -1.82108832e+00   3.30102045e-01   1.91057824e+00   2.77404002e-01
  -2.66377206e+00  -9.75678592e-01  -1.64171612e+00   9.55857643e-01
   1.55764713e+00   1.69943164e+00   2.25895643e+00  -1.11631225e+00
   3.32153588e-01  -6.49718359e-01   1.31476328e+00   1.21957032e-01
   4.90939165e-01  -1.43018038e+00   4.37668136e-01  -1.80111751e+00
  -2.56842350e+00   1.75799951e+00  -8.60792383e-01   1.51063739e+00
   1.04977036e+00  -8.85836255e-01  -1.46933482e-01  -9.95551175e-01
  -2.29996061e+00  -1.55432825e+00   1.38217276e+00  -7.34234427e-01
  -7.81122339e-02   6.07987156e-01   2.16392791e-01   7.67469331e-01
  -2.48411936e+00   1.23925577e+00  -4.80989461e-01  -1.80800642e+00
   3.77488340e-01  -6.45492203e-01  -3.72084217e-01   1.51880713e-01
  -1.80429556e+00  -1.01904353e+00   1.03582493e+00  -1.49711537e+00
   1.45608411e-01   4.59676990e-01  -8.72976736e-01  -7.84834931e-01
  -1.71924307e+00   6.97937881e-02   2.00051270e+00   9.79204865e-01
  -1.22200633e+00  -1.61347896e+00   3.98803293e-01  -1.37271794e-01
   1.42586489e+00  -1.44664598e+00  -1.30597901e+00   1.00364024e+00
   6.03715809e-02  -2.11366347e+00   6.36667115e-01  -5.57037540e-01
  -3.44270421e-01  -5.38986501e-03  -1.69150984e-01   8.54788210e-01
  -5.21874901e-01   1.39620738e-01   4.40726510e-01   1.70101506e+00
   9.03711575e-01   3.33401847e+00  -1.46330994e-01   1.23283156e+00
   6.24268008e-01   6.58498888e-01  -1.70993159e+00  -5.86934527e-01
   7.04727211e-01   1.89129070e+00  -3.15577143e-01  -1.46932983e-01
   2.38636751e+00  -9.65662548e-01   1.01982859e+00   3.23736813e-01
   7.03258314e-01   2.38326100e-01   7.70979339e-01   1.88619890e-01
   3.56962628e-02   5.59543118e-01   4.29638788e-01   1.82583005e+00
  -1.93434400e+00  -9.40333707e-01  -1.42462960e+00   5.37234834e-01
   2.48494569e+00   4.03433432e-01   9.09257408e-01   3.71247267e-01
   1.17513996e+00   1.28004740e+00   4.70362340e-01  -4.68366880e-01
   2.36517145e+00  -1.76019494e+00   3.20124262e-02   5.24217546e-01
  -1.20098106e+00   4.30323652e-01  -1.50696053e+00  -5.53926922e-01
   1.03909246e+00   1.28486737e+00  -4.94136620e-02   2.50920267e+00
   2.30894076e+00  -1.01987377e+00   1.09660311e-01  -9.50571403e-02
  -1.33386371e+00   7.15950319e-01  -3.87665152e-02  -9.89494966e-01
  -6.62092940e-01   2.69127433e+00  -2.07490639e+00  -1.09676021e+00
  -2.70469106e-01   8.77972603e-01  -2.82788870e-01  -1.87271474e-01
  -4.05980400e-01  -2.58756019e-01   1.05525242e-02   1.07886265e+00
   1.61773939e+00   1.61852984e+00   4.76014589e-01   1.75338608e+00
  -7.00174634e-01  -5.99591772e-01  -1.48924111e-01   5.18180712e-01
  -1.79824865e+00  -2.46691440e+00  -2.02904408e+00   1.69278966e+00
   1.40309877e+00   9.73966226e-01  -1.58309852e-02   1.04290297e-01
   2.91575697e-01  -5.35770316e-01  -1.21412622e+00  -8.50855137e-01
  -4.99234744e-01   1.74968060e+00  -4.41447774e-01   1.76595908e-01
   7.85410004e-01   7.39374738e-01   1.44864623e+00  -1.37888070e+00
   1.10660214e+00   6.05590994e-01   4.67924122e-01  -7.34918878e-01
   1.01863697e+00  -1.20516234e+00  -7.64380984e-01   1.74458764e+00
  -1.59773148e-02  -1.83834532e+00  -4.52855440e-02  -1.50171760e+00
  -1.25201707e+00  -2.80086457e-01   5.83935203e-01   1.29482054e+00
   4.42891548e-01  -8.94168068e-02  -4.94142268e-02  -7.33428988e-01
   4.11992829e-01   1.64754859e+00  -7.87013589e-01   3.98703534e-01
   4.80748742e-01   1.04282030e+00   3.92926757e-01   1.00372291e+00
  -7.64525878e-01   2.16313830e-01  -9.14585332e-01  -1.21198973e+00
  -4.04321870e-01  -6.13309560e-01   5.09113089e-01   9.02342103e-01
  -9.92458288e-01  -1.61230572e+00  -8.45885059e-01  -4.08229303e-01
   1.22472628e+00   6.60377163e-01  -2.03632722e+00   2.36458940e-01
  -1.69456868e+00  -1.44948066e+00   1.86426740e-01   2.21711102e-01
  -9.21474770e-01   1.73677937e+00   1.96511395e+00  -2.01870673e-01
  -9.30054455e-01  -4.23897714e-01] [  6.96002210e-02   1.48552689e-01  -2.94342029e+00   8.28065029e-01
  -1.89767045e-01   1.65792787e+00   3.37389164e-01   6.70654330e-01
   2.48390906e-01   6.83133907e-01   7.11137470e-01   8.26247594e-01
  -2.42299109e+00   3.06497910e-02   1.32759678e+00   4.53342049e-01
   8.43529010e-01   1.04679882e-01   1.11385495e+00   1.81935588e-01
   1.49583398e+00  -9.64284957e-01   1.04029011e-01   5.61230548e-01
   1.45468700e+00   1.86733670e+00   3.00262322e-01  -2.87523015e+00
  -1.38868808e-01  -6.69407103e-01  -3.33856820e-01   2.07334176e-02
  -1.47209362e+00  -1.25422347e-01   1.28605299e-01  -5.07506029e-01
   1.66490461e+00  -5.75368577e-01   4.64173649e-01   1.12469504e+00
   4.55694076e-01   1.47350427e-01  -1.99295228e+00  -2.84360717e+00
  -3.62361405e-01   7.19560893e-01  -2.40365466e+00   1.24316050e-01
  -2.46503495e-01   1.01836851e+00   1.07166944e+00   1.84249252e+00
   3.19990964e-01  -2.29783835e-01  -3.74814731e-01   1.15948700e+00
  -1.02413233e+00   2.01135047e+00  -7.19224126e-01   1.03833261e+00
  -1.97832799e-02   9.77046129e-01  -1.91043413e+00   2.58889748e-01
  -6.11370501e-01  -4.80167256e-01  -1.66736524e+00   5.66565807e-01
  -5.13602068e-01   1.23790130e+00  -1.84416285e+00   2.00596222e-01
  -3.83819578e-01   5.58096164e-01   3.27679983e-01   1.57863759e+00
  -7.86748193e-01   9.59909422e-01  -2.18506008e-01  -1.06317820e-01
  -3.88186716e-01  -2.79357874e+00   3.18319222e-01  -9.62875194e-01
   4.71555345e-01  -9.54026447e-01  -1.52180795e-01   1.26121097e+00
  -2.72270965e-01   1.33033992e+00   1.20381492e-01  -8.31068800e-01
  -7.67941386e-01   1.09504110e-01   3.70663233e-02  -1.75966486e-01
   1.23864991e+00   1.84775688e+00  -2.97653152e-01  -1.80323435e-01
   3.19115046e-01  -1.20538618e+00  -8.30225226e-02  -2.92895250e+00
   5.05965785e-01  -6.65344371e-01   1.67068562e+00   4.68631370e-01
   2.94176421e-01   3.11354013e-01   5.08584494e-01  -2.18157852e-01
   6.37310688e-01  -1.44818736e-01   4.95306377e-01  -2.82531812e+00
  -8.53054787e-02  -2.87020642e+00  -2.45379605e+00   1.10140867e+00
   6.99959837e-01  -7.72064411e-02  -1.77376611e-01   3.38370772e-01
   4.08370607e-01   2.78789557e-03  -9.56347694e-01  -1.05028220e+00
  -7.72468678e-01  -1.98416420e+00  -1.01095229e+00   2.15731708e+00
  -4.90445184e-01  -3.93763122e-01   1.47821637e-01   5.11482809e-02
   1.38397883e-01  -3.00999143e-01  -1.37352515e+00   5.15969040e-02
  -7.95198646e-01   4.61750608e-01   2.23611007e-01   4.54322215e-01
   1.53896347e+00   2.10522591e-01   1.29786458e+00  -2.89547542e-01
   9.78976096e-01   4.71503710e-02   1.62751377e+00  -7.72008321e-01
  -4.36666425e-01   1.03318685e+00  -6.20751813e-01  -8.00075244e-02
   6.91075544e-01  -1.60760589e+00  -1.61868786e+00  -3.19306563e-01
  -4.90553481e-01  -1.63649161e-01   1.01260333e+00   3.13385724e-02
   2.05754280e+00   5.36016116e-01  -3.21535325e+00   3.48809841e-01
   1.65773895e+00   3.52358227e-01  -2.89679200e+00   5.58959326e-01
   3.16121041e-02   9.51580086e-02   5.15276704e-01   4.72100515e-02
   1.01767483e+00   3.80519923e-01  -1.55280440e+00   1.95976999e+00
  -4.03456211e-01  -7.58019193e-01  -7.65689995e-01  -1.86073367e-02
   1.53172652e+00   8.79811587e-01  -1.09926178e-01  -1.96165002e+00
  -2.64798642e+00   5.84368627e-01   1.14222815e+00  -2.98628512e+00
   7.19229953e-01   1.58935634e+00   5.39215750e-01   6.09503983e-01
   9.26901634e-01  -2.09484637e-01  -2.05618816e+00   1.34698501e+00
   3.37650233e-01  -8.38865292e-01   8.09229577e-01   1.38613616e+00
   9.88092153e-01   3.01622655e-01   1.14245714e+00   2.53706227e+00
  -4.90060094e-01  -2.18072833e-01  -2.50679578e-01   1.20442137e-01
   1.19072999e+00  -8.97907433e-02   2.20186780e+00   2.36980071e+00
  -3.56592490e-01  -1.54409242e-01  -8.18405364e-01  -2.32645581e+00
  -3.18258140e-01   1.55211950e-01   1.78646908e+00   3.32838629e-01
  -1.25062324e+00   1.75672007e+00   8.00093114e-01  -6.11546301e-02
   6.75679136e-01   9.76527077e-01  -1.62104776e+00   2.25619880e-02
   1.71557189e-01  -2.76493554e-01   4.14959499e-01  -4.74787992e-01
   2.12053511e+00  -3.08327582e+00  -2.62937256e+00  -2.11188552e+00
  -1.76544843e+00  -7.11417732e-01  -6.38085846e-01   9.21021907e-02
   5.73402405e-01  -5.50515617e-01   1.70576869e+00   1.54377773e-01
  -1.05554896e+00   8.66200848e-01   2.42468085e-01  -4.30718890e-01
  -6.70695563e-01  -2.59097228e+00   6.82521043e-01   4.82510332e-02
   1.30996185e-01   4.66966107e-01   5.04456522e-02  -1.03595226e+00
   1.14279581e-01   8.36090602e-01   2.14522664e+00   3.24083071e-01
   8.14767633e-01  -4.09881160e-01  -1.24941301e+00  -1.73081319e-01
  -1.74492843e+00   3.04221413e-01  -1.98159627e+00  -3.16140739e-01
  -6.55100474e-01   1.56560483e+00  -5.51817665e-01   8.89927451e-01
  -2.40499464e-01  -3.59103538e-02  -1.10918544e-01   5.75613212e-01
   6.62006735e-01   1.33252075e+00   1.70606461e-01   5.10916228e-02
   5.24747100e-01  -7.78768962e-01   6.79366239e-01   6.19057975e-02
  -1.07999234e+00   6.89587039e-01   1.59108597e-01  -1.89145270e-01
   4.63695074e-01   8.58461482e-02  -4.69390329e-01  -6.63945718e-01
   9.99071532e-02  -2.18229930e-01  -4.12646035e-01  -1.11865229e-01
  -9.01853845e-01  -1.55682963e+00  -1.63060339e-01   1.81629807e-01
   2.25011485e+00   1.79234211e-01  -1.04955504e+00   2.20455495e+00
   1.07721983e+00  -3.43511956e+00  -1.56487619e+00  -6.14421090e-02
   7.19789810e-01  -4.43104592e-01  -2.38143401e+00   4.25388166e-01
   6.18000292e-01  -7.93329820e-01   1.91845213e+00  -2.63640432e-01
   2.86465235e-01   5.32197316e-01  -1.12200455e-01   1.23639348e+00
  -4.76394628e-01   1.42863486e+00  -4.19319353e-01   5.58852067e-01
   2.89404186e-01  -1.35698981e+00   1.02048882e+00   4.80086871e-01
  -2.48948531e-01  -2.60041174e-01  -1.98520073e+00   1.31437771e+00
   2.03272634e-01  -2.48862941e-01  -1.12221928e-01   6.98169074e-01
   7.76760250e-02   8.07374155e-01   1.72952316e-01  -5.76239906e-01
  -6.35114877e-01  -2.11747250e+00  -2.80456966e-01  -2.19397438e+00
  -5.43390175e-01   7.73920254e-01   1.06837964e-01   1.22284950e+00
   1.78739198e-01   8.75872980e-01  -6.56728007e-01  -4.93379674e-01
   1.42724429e+00   4.65454519e-01  -6.59063691e-01   1.69714090e+00
   9.12433867e-01   1.46029337e+00  -1.42200790e+00  -1.46520959e+00
  -2.02628392e+00   1.57159831e+00   7.93128957e-01   2.58087923e-01
   1.40369609e+00  -5.15205078e-02  -5.90443590e-01   2.45512344e+00
   1.07163270e+00   4.46987500e-01  -3.34377485e-01   1.69578817e-01
   1.06463869e+00  -2.66745832e-01   9.14689752e-02   1.28277807e+00
  -1.11058716e+00   7.89826989e-01   2.20232173e+00   1.05949242e-02
  -2.32730153e+00   2.48231364e-01  -1.93684109e+00   2.16464096e-01
   7.57927967e-02   7.42856173e-01  -2.58886257e-02   3.71511609e-02
  -1.04926386e+00  -4.96350689e-01  -3.34496025e-01   5.17140704e-01
   3.13574970e-01  -3.19899291e-01   1.97351740e-01  -2.52614623e+00
  -7.42545489e-01  -2.66058576e-01   1.38926592e+00   1.08490918e+00
  -1.46647293e+00  -4.94323642e-01   2.95715295e+00   5.12456536e-01
  -9.03398423e-01   7.91913452e-01  -2.56657026e-01   8.64207561e-01
  -5.13224813e-01   4.27529631e-01   6.01444920e-01   1.34863531e+00
  -1.56579079e+00  -8.86714181e-01  -3.65784796e-01  -2.36044174e-01
  -1.29508112e+00   1.09515965e-01   1.24097578e-01   1.85948740e-01
   7.23662931e-01  -7.37581545e-02   1.34040076e+00   1.05265770e+00
  -6.44560290e-01  -7.39803362e-01] [-0.41319877  0.87104111  1.83801743  0.06068663 -0.74473256  1.57639146
 -0.43535905 -0.43451145  0.57757173 -1.59122213  0.72568064  0.15391089
  0.23711564 -0.99154804 -0.77997173 -0.66769512 -0.75522304 -1.23228395
  1.12987522 -0.08280843  2.04927861  0.77305198 -0.83699495 -0.70847992
  1.24044102  0.17197224 -0.88364095  2.57857555 -2.04933233 -1.39071697
 -1.7817509  -1.04141931 -1.4476792  -0.0650411  -0.31904878 -1.12312309
  1.58375923  0.80314374 -0.14846295  0.76862049  0.02156603 -0.82645619
  0.76291895  0.75998027  0.28078845  0.20995685  1.83571604  0.33839344
 -1.7084833  -0.83147885  1.6012242   1.1395875  -0.28533891 -0.04949105
 -1.10824385  1.2369546  -0.49742828 -0.82033996 -1.14040449  0.76275035
 -0.53264735  0.0324861   0.87619348 -0.16352372 -1.31183908 -1.36235864
 -0.37635639  0.12667109 -0.24171522  1.66378844 -0.65049408 -1.17355057
  1.43745694  0.21204879 -0.37667351  1.74423411 -1.54316617 -0.39745247
  0.14378122 -0.67420395  0.8392998   1.65378437 -0.3630241  -1.23796399
 -0.53200688 -0.85723931 -1.15840544  0.27182929  1.80601701 -1.00455645
  0.4746797   0.09616359 -0.28764019 -0.92416281 -1.13475603 -0.59297951
  1.94075094  2.35471208  0.34192326 -0.73113609 -1.22277745 -1.36785786
  0.89437025  1.37579081 -0.67511877 -0.10313554 -0.63739095 -0.186522
 -0.80020452 -0.25686799  0.83183712 -1.49868106 -0.7740104  -0.96175471
  1.56490503  1.87967575  0.69022234  1.46724586  0.94081781  0.53443678
  0.9814602  -1.38073625 -0.11241411  0.65270354  1.55504172 -0.8737898
  0.10653675 -1.71170437  0.28924713 -1.13930312  0.81766346  1.14110178
 -0.80782519 -0.95383799 -0.65164717  0.81256998 -0.90804239  0.20597601
 -1.38093142 -1.28370792 -1.327553   -1.99939282  0.7604711  -1.93011265
  0.98481449 -0.17758472  0.71717123  1.54782472  0.43047638 -0.24424801
  0.52277072  0.81329352 -1.18307055  0.4677846  -0.35777388 -0.13076235
  0.89097414  1.2425076  -1.75576626 -0.70991687 -0.65387142 -0.01204594
 -0.90140397 -0.38179718 -0.19648901 -0.48442715  0.79075696 -1.47840648
 -0.53893986 -0.7724235   1.62187498 -0.34792153 -0.84084855  0.77227494
  0.12588497  0.16319444 -0.07962259  0.04465239 -0.71553886  2.46678659
  0.09557156 -0.21061885  0.40424707 -1.08076881  0.35178998  0.3532098
  0.08504685  1.21174139  2.03611694 -0.50983443  1.02714185  2.51742291
 -0.16185936  1.11000615 -0.04006353  0.15641044  2.89544491 -0.87947007
  1.62678623  0.84349075 -0.60948039 -1.33417672  2.14801627  1.1517301
 -0.57900122 -1.60476283  0.22964297  1.46504845 -1.1440883   0.31689413
 -1.70020187 -0.65833889 -0.87620476  0.26493448  0.12671866  0.24764072
  0.85873504 -0.70774428 -0.21709964  2.33121081 -0.04553216 -0.07271548
  2.13748103 -0.0268006   1.3346486   1.42685534  0.75761074  0.23634913
  0.66833319 -1.23151159 -0.63136581 -0.24477457  0.42223211 -0.21570151
 -0.20162905 -0.10997502  0.77750912  0.68038061  2.18833186  0.31818983
  1.40246236 -0.47092397 -1.86852591 -0.38247319 -1.95290537 -0.72675943
  1.11567564 -1.5229721  -0.49762591  0.85409427  0.93965035 -1.13891374
 -1.60605842  1.59912873  0.9003632   0.49775805  0.06278859 -1.89408602
 -1.03061462 -2.28340323 -0.83250761 -0.92865031  1.42132273 -0.22720889
 -0.93066977 -1.12902088 -0.48088279  0.3227459   2.28071412  1.07538948
  0.19253826 -1.09105725 -2.77102425  0.78205682  0.60967231 -0.69989119
 -1.17459007 -1.0222296   0.20104598 -0.05162271  0.55273626 -0.11660691
 -0.01178505 -1.18151245 -1.70481924 -0.94197874  0.29150559 -0.42573457
  1.20472897 -0.37245899 -0.46570777 -0.85999809 -0.0872512  -0.86295863
  0.5294825  -0.69978574 -1.6862337   0.40161542 -0.54446655  0.23066801
 -1.25867323 -0.23643633  0.02425498 -0.57402848  1.88893549  0.88090775
  0.04867774  0.62308108 -1.14666186  0.57500323  0.13826258 -0.42711124
  0.42288908 -1.03864792  2.73086661 -0.33165963  0.78428762  0.56870153
  1.59829009 -1.35679326 -1.56947248 -0.24048518  0.4647606   0.46312045
  0.16032784 -0.85474834 -1.13877593  0.83158928  1.67286066 -0.96156545
 -0.40401581 -0.68338865 -0.51987861 -0.67274051  0.67849844 -1.70050893
  0.04222509  0.99635828  0.61530864 -1.10704764 -1.4862647   2.0311192
 -0.44374377 -1.09009634 -1.70500264 -0.95279067 -0.31554812  2.04774622
  1.23409319  0.18011561 -1.54454212 -0.27509161 -0.20991671  1.76845751
 -1.2214507  -0.50862742  2.09900183  1.43107537 -0.48431658 -0.74619801
 -0.83756468  0.21989731 -0.20623194 -0.21278717  1.70580848  0.14133915
  0.69710818  0.92301978  1.07586527 -0.87585322 -0.48773402  1.23402891
  0.06657349  0.35083417 -0.20383481 -1.654728    0.16537813  1.5007109
  0.20132867 -0.29423049 -0.68823746 -0.89038577  2.20836273 -0.22428042
  1.80599583 -0.65452248  1.67634809 -1.36655596  0.23904131  0.85105195
  0.81199685 -0.25672299 -1.15957873 -1.61164535 -0.70003701 -0.17658427
 -0.02332923  0.69943078  1.02733366  1.92721258 -0.31082725 -0.79162934
  0.19875465  0.19498257  0.20591546 -1.08667565  1.79594488 -0.8836415
 -0.34429156 -0.5131763  -1.0964398  -0.58699895 -0.21013101  1.71125671
 -0.45643315  0.82922835  1.73338878 -0.12213192 -0.45259624 -0.80272794
 -0.01645828 -0.06936261  2.07094525 -0.41540332 -0.22024786  0.2853338
  0.29556587  2.26511947 -1.55588258 -0.43318577]

*** Componentes principais [T] (somente originais):
[ 2.60322064  3.42974611 -0.10724838  0.20635223 -0.59945012 -0.84056459
 -2.61128574] [-0.58866294 -2.29639214  0.85978601  2.15641073  0.61586695 -0.55463497
 -1.80351647] [ 0.06960022  0.14855269 -2.94342029  0.82806503 -0.18976705  1.65792787
  0.33738916] [-0.41319877  0.87104111  1.83801743  0.06068663 -0.74473256  1.57639146
 -0.43535905]

*** Contribuições (autovetores) [P] (idem para todos e originais) ###TABLE VI.### Percentages of the contributions from each musical characteristic on the four new main axes.

C1 [17.762630780138309, 15.097132505370073, 4.3425801769873482, 17.969834273938549, 11.550799246219274, 11.925035572795991, 17.450802527489572, 3.9011849170608883]
C2 [10.879914304460238, 11.630619270592714, 26.810041596152729, 15.358109332161746, 11.479855537677158, 8.3260560814920677, 11.071113680465398, 4.4442901969979429]
C3 [8.8409536696484903, 16.793568653687366, 13.176592252620182, 7.2024732310377537, 7.8049109753685189, 17.235855266508889, 14.914861766460815, 14.030784184667992]
C4 [15.884613350873506, 1.7188013796638184, 2.665811890284969, 3.2861454795675233, 23.477019414474977, 12.906505487428532, 1.6333577053169539, 38.427745292389723]
princ_orig [[ 2.60322064 -0.58866294  0.06960022 -0.41319877]
 [ 3.42974611 -2.29639214  0.14855269  0.87104111]
 [-0.10724838  0.85978601 -2.94342029  1.83801743]
 [ 0.20635223  2.15641073  0.82806503  0.06068663]
 [-0.59945012  0.61586695 -0.18976705 -0.74473256]
 [-0.84056459 -0.55463497  1.65792787  1.57639146]
 [-2.61128574 -1.80351647  0.33738916 -0.43535905]]
princ [[ 2.60322064 -0.58866294  0.06960022 -0.41319877]
 [ 3.42974611 -2.29639214  0.14855269  0.87104111]
 [-0.10724838  0.85978601 -2.94342029  1.83801743]
 ..., 
 [-0.60053126 -0.20187067  1.0526577   2.26511947]
 [-0.47084995 -0.93005446 -0.64456029 -1.55588258]
 [-2.93744765 -0.42389771 -0.73980336 -0.43318577]]

###TABLE VII. TABLE VIII###.


*** Oposição:
[1.0, 1.1432412215579146, 0.49743188567497076, 0.2650521957812077, 0.453628560038218, 0.19374253571290581]

*** Inovação:
[0.0, 1.5050613253486382, 2.8714021317098548, 1.7007344122787176, 2.6507557693490189, 3.1058831182610138]

*** Dialéticas:
[2.0450868206015329, 1.0600992296000309, 1.1248049282043411, 0.27701393068523578, 0.033081571863488798]
[ 1.          0.51044482  0.54260463  0.12123843  0.        ]
dados [[-0.22194996  0.41166414  0.92716476 ..., -0.77240359 -0.74092919
   1.18439281]
 [ 1.70582976  0.29882148 -0.51752526 ...,  0.10431204 -1.73153924
   0.64235152]
 [-0.72187514  0.97265172 -0.19160488 ...,  0.29290732  0.64723243
  -0.68786533]
 ..., 
 [-1.44635242  1.3496025  -0.30069992 ..., -0.6392727   1.01656726
   0.59647658]
 [ 0.63837301  0.88992249  0.16661959 ...,  1.98990463 -0.80302335
  -0.37157828]
 [-0.81096379  1.29174766  1.04954333 ...,  0.88171589  1.36553869
   0.78270066]]
###TABLE V.### Average and standard deviation of the deviations for each composer and for the first 4 eigenvalues.
main_means [2.9400959996060685, 4.2325904444834528, 1.593924314784003, 2.4997335086677883, 1.6186751959345691, 1.6571378879054768, 3.3079912863125087]
main_stds [1.0337249593491689, 1.0516544610331158, 0.79250481876427492, 0.96095818767686902, 0.77123676139699404, 0.82827930701497676, 1.0637769626089251]
eigenvalues means [-0.14661644 -0.03109392 -0.02133005 -0.01014319]
eigenvalues stds [ 0.0057698   0.00381527  0.00328345  0.00297397]
