
*** Dimensões da tabela de notas: (436, 8)

*** Tabela geral de notas:
[[ 3.          8.          5.         ...,  5.          3.          7.        ]
 [ 2.          6.          9.         ...,  2.          1.          5.        ]
 [ 6.          4.          1.         ...,  7.          2.          2.        ]
 ..., 
 [ 7.16653609  7.32328948  7.97611959 ...,  6.99961442  6.85845442
   4.34669135]
 [ 7.82497736  4.78018425  1.68578655 ...,  6.31471195  1.60789236
   1.49354353]
 [ 5.67795333  5.98493722  5.7330537  ...,  6.3735522   5.14994741
   4.5633138 ]]

*** Matriz de covariância:
[[ 1.   -0.15 -0.08  0.65 -0.26  0.12  0.46 -0.04]
 [-0.15  1.    0.02 -0.11  0.12 -0.36 -0.12  0.42]
 [-0.08  0.02  1.   -0.24  0.26 -0.05  0.33  0.08]
 [ 0.65 -0.11 -0.24  1.   -0.37  0.16  0.42  0.03]
 [-0.26  0.12  0.26 -0.37  1.   -0.33 -0.11 -0.21]
 [ 0.12 -0.36 -0.05  0.16 -0.33  1.    0.17 -0.11]
 [ 0.46 -0.12  0.33  0.42 -0.11  0.17  1.    0.07]
 [-0.04  0.42  0.08  0.03 -0.21 -0.11  0.07  1.  ]]

*** Pearson (igual matriz covar.):

['1.0', '-0.15', '-0.08', '0.65', '-0.26', '0.12', '0.46', '-0.04']
['-0.15', '1.0', '0.02', '-0.11', '0.12', '-0.36', '-0.12', '0.42']
['-0.08', '0.02', '1.0', '-0.24', '0.26', '-0.05', '0.33', '0.08']
['0.65', '-0.11', '-0.24', '1.0', '-0.37', '0.16', '0.42', '0.03']
['-0.26', '0.12', '0.26', '-0.37', '1.0', '-0.33', '-0.11', '-0.21']
['0.12', '-0.36', '-0.05', '0.16', '-0.33', '1.0', '0.17', '-0.11']
['0.46', '-0.12', '0.33', '0.42', '-0.11', '0.17', '1.0', '0.07']
['-0.04', '0.42', '0.08', '0.03', '-0.21', '-0.11', '0.07', '1.0']

*** Autovalores (var. %):
[30.0, 19.0, 17.0, 13.0, 7.0000000000000009, 5.0, 5.0, 4.0]

*** Dados finais:
[[  2.07730184e+00   2.24335911e+00  -9.17250479e-01 ...,  -7.06667119e-01
   -1.80207315e+00  -8.72129482e-01]
 [ -5.19386936e-01  -2.53809932e+00  -6.34217714e-01 ...,   1.47063733e+00
   -4.28373743e-01   2.95685621e-01]
 [  2.50626384e-03   9.20194006e-01  -2.54667924e+00 ...,   1.38229748e+00
   -2.50594948e+00   2.39200460e-01]
 ..., 
 [  1.00264668e+00  -1.40388998e-01  -1.52285376e+00 ...,  -3.44430453e-01
   -1.14633840e+00  -1.31102517e-01]
 [ -3.48450145e-03  -7.93390625e-01  -2.11747945e-01 ...,  -5.33533025e-01
   -1.00359308e+00  -1.18768369e-01]
 [ -6.07910207e-01  -2.17319096e+00   5.17304365e-01 ...,  -7.66313309e-01
   -1.19168540e-01  -9.19793552e-02]]

*** Componentes principais [T] (todos):
[  2.07730184e+00   2.24335911e+00  -9.17250479e-01  -2.64763602e-01
   7.24422806e-04  -1.89811008e+00  -1.34786933e+00  -6.84362748e-02
   1.43045546e+00  -5.25426477e-01   2.04809924e+00   2.88049086e+00
  -5.90821693e-01  -4.13529540e-01  -1.21820397e+00  -2.20698156e-01
   2.55712403e+00  -1.62550931e+00  -1.92739108e+00  -1.88010070e-01
  -1.22806743e+00   4.47789687e-01   2.83886785e+00   3.10679575e+00
  -1.86971580e+00  -3.57498719e-01  -1.32799272e+00   2.12388355e+00
  -1.76836190e+00   2.20381298e-01   1.09987879e+00   1.36829591e-01
  -9.15692276e-01   1.74648620e+00  -8.47983293e-01  -1.90676864e+00
  -9.04886374e-01   2.53689883e+00  -8.29246054e-01   1.20351590e+00
  -2.45581220e+00  -4.04655325e-01  -6.01416815e-01   1.83837917e+00
   1.20197733e-01   6.00791473e-01  -4.13512900e-01  -9.75133718e-01
   3.88730268e-02  -1.08259785e+00  -1.17711763e+00   2.09256882e-01
   1.44712133e+00   1.36412850e+00  -3.91824051e-01  -3.01548643e-01
  -1.38901783e+00  -4.15145986e-01   7.55582898e-01  -6.04190322e-01
  -5.94815020e-01  -8.97598981e-02  -1.60310517e+00   1.22452039e+00
   1.56958528e+00  -7.70459280e-01   2.20963300e+00   1.50162259e+00
   1.86552413e+00   1.87891353e-01  -1.88446355e+00  -1.39644947e-01
  -3.62321810e-01  -7.55814069e-01  -1.70473499e-01   6.26330015e-01
  -8.23395099e-01  -2.66348232e-01  -2.29660068e+00   7.39744366e-02
  -7.77224916e-01  -4.69980377e-01  -1.45799116e+00  -6.46079238e-01
  -1.09491920e-02   2.62333455e+00  -2.02581880e+00   2.19715614e+00
  -5.88059676e-01  -5.47220478e-02  -1.11370747e+00  -1.62616981e+00
  -1.51178570e-01  -2.03643641e-01  -8.06013184e-01   1.82317204e+00
   1.75474737e-01   1.42468454e-01   1.57464320e+00   1.88910016e-01
   1.60187079e+00   2.44595381e+00  -1.22033132e+00   2.16331528e+00
  -1.34617810e-01  -1.49927118e+00   1.94380851e-02  -6.94365643e-01
   1.39435863e+00   1.24352386e-01  -3.46052579e-01  -6.29389658e-01
   1.16156118e+00   2.53648917e+00   2.50264137e-01  -7.61120791e-01
  -1.04157428e+00  -1.93841175e-01   5.77354734e-01  -1.77422605e-02
  -1.41894047e+00  -9.63057279e-01  -1.76510938e+00  -2.09820222e-01
  -2.54189611e+00   5.33184944e-03   1.30650127e+00  -2.67736798e-01
  -5.59514587e-01   6.21455485e-01  -7.47168601e-01  -4.45420853e-01
  -1.17199692e+00   2.78151352e+00  -2.15284618e+00   3.37966508e-02
   1.27717784e-01  -5.30572248e-01  -6.08325528e-01  -1.29447030e+00
   1.44093582e+00   1.59888938e+00   2.15446645e+00   1.20552148e+00
   1.06275049e-01  -6.10290388e-01  -3.29100965e-01   1.59138209e+00
  -4.78647401e-01   9.55949709e-01   8.52629611e-01   7.34552676e-01
   6.19932333e-01   1.55582493e+00  -9.62554052e-01  -1.55332623e+00
  -1.29363513e+00  -1.47228255e+00   1.93017594e-01  -1.38160590e+00
  -4.81050567e-01   1.55178260e+00  -4.05644461e-01  -5.99679230e-01
   3.53363282e-01   4.76013477e-01   1.33029796e+00  -5.91731090e-01
  -1.72157208e-01  -1.60823241e+00  -9.09664041e-01  -1.29921394e+00
   2.34700515e+00  -2.67280212e-01  -4.42782281e-01  -6.45314612e-01
   7.29766810e-01  -1.05163392e+00   2.15969173e-02   1.87299832e+00
   4.52396821e-01  -3.51545610e-01   1.62822965e+00  -1.33418165e+00
  -6.99771858e-01  -3.88040394e-01  -9.83246980e-01  -8.59649655e-02
   7.11212987e-02   3.98434375e-01  -1.12962963e+00  -5.63256351e-01
  -1.37874009e+00  -8.13917191e-01   1.32527784e+00  -5.76305388e-01
  -5.37487192e-01  -2.27154149e+00   1.45867815e+00  -2.80265862e-01
  -2.17519910e-02   8.35182607e-01  -8.27866313e-01  -5.89352020e-01
  -2.71695948e-02   1.36093630e+00  -9.30212328e-01   2.48963881e-01
  -1.41850953e+00  -1.25872691e+00   1.52361800e+00  -5.99693112e-01
   2.54710002e+00   1.07032846e+00   6.01345568e-01  -1.10456718e+00
   1.63211728e+00   8.66713989e-01   1.35562942e+00   1.30918156e+00
  -1.34008324e+00  -1.66425136e+00  -6.24298846e-02  -6.28329686e-01
   2.03965823e+00  -1.91857440e-01  -7.04279810e-01  -2.47227798e-01
  -1.27761986e+00   1.70273506e+00  -1.15616273e+00   1.80790986e+00
  -2.99718560e-02  -7.41902661e-01   9.61405706e-01  -1.92554395e+00
   1.38500452e-01  -1.69193592e+00  -4.69207464e-01  -6.17919533e-01
  -1.59705024e-01   6.29936401e-01  -3.59286294e-01  -2.79253488e-01
  -9.74378543e-01   2.38203690e+00   6.93051170e-01   2.59580101e+00
  -9.71403034e-01   4.37216326e-01   7.73126223e-01  -2.11457470e+00
  -1.07918717e-01  -4.20235242e-01   5.15874418e-01   1.97655682e+00
   1.25956094e+00  -2.87023393e-01  -2.44351731e+00  -1.07262733e+00
   5.92157167e-01  -3.11375116e-01   2.92858946e+00  -1.95757269e-01
   2.93881274e+00  -8.91807363e-01   1.89249910e+00   1.60202790e+00
  -1.88290639e+00  -5.64931647e-02  -1.10633423e+00   5.71046037e-01
  -7.29850279e-01   4.43515120e-01   1.19100349e-01   1.70495466e+00
  -1.13125617e+00   1.72230771e+00   1.79230504e+00  -2.36026826e+00
  -2.88671833e-01  -4.44164266e-01   1.07684178e-01   3.68827682e-01
   2.06253502e+00   1.75740493e+00  -1.36073805e+00   1.29191088e+00
   1.69245102e+00  -9.71932006e-01   6.02498593e-01  -7.51661523e-01
  -9.39433522e-01  -1.74815056e+00  -7.30993614e-01   2.00684322e+00
   2.67579363e+00  -5.20113070e-01   2.43735617e+00  -1.19039018e+00
   1.98169404e+00  -7.21310178e-01  -5.59690021e-01  -1.22954312e+00
  -1.54375561e+00  -4.95321463e-02   1.90360894e+00  -4.96651042e-01
  -9.84084436e-02  -1.23884783e+00  -4.25961659e-01  -2.15265001e+00
   1.15233477e+00   1.60452196e+00  -1.81736827e+00  -1.73109676e-01
  -1.14320056e+00  -9.46043577e-01   2.36008728e+00   2.19537062e+00
  -1.93347532e+00   1.56476471e+00  -2.25670544e-01   1.88298945e+00
   4.12258118e-01   2.18959427e+00   1.72448073e+00  -9.82233604e-01
  -1.24134617e+00  -2.07531482e+00  -2.92122460e-01  -4.39925816e-01
   7.28924136e-01   1.97647572e+00  -3.89327662e-01  -2.08556238e+00
   2.01216448e+00  -1.56582285e+00   2.22354628e-01  -6.13356665e-01
  -1.13285191e+00  -1.08596969e-01  -1.28997460e+00   1.62281354e+00
  -6.74671385e-01  -1.17801436e+00  -1.61579161e+00   7.79422166e-01
   1.63345048e+00   1.72115892e+00   2.19916895e+00   1.84365607e+00
   4.92119417e-01  -1.79528230e+00  -1.32263211e+00  -1.48839079e+00
   1.86412144e-01   2.51891970e+00   1.69900291e+00  -3.80884597e-01
   1.49347216e-02  -1.00390882e+00  -1.38840971e+00  -1.22873145e+00
  -3.00238355e-02  -8.26144618e-01  -4.16116480e-01   5.88562863e-01
   3.96338407e-01   2.75766791e+00   1.58917859e+00  -1.81599759e-01
  -5.73101240e-01  -1.50781254e+00   1.50194870e-01  -9.96593133e-01
  -1.01662433e+00  -9.00590129e-01   1.43401916e+00   1.54941533e-01
   1.69445478e+00  -8.36588307e-01  -1.84601739e+00  -4.38093206e-02
  -1.14853404e+00  -9.10024923e-01   1.71683922e+00   2.06823720e+00
  -3.50196812e-01   6.58693520e-01  -1.14342823e+00  -1.35291729e+00
   6.01204188e-01  -4.44522906e-01  -5.86842470e-01   1.44658543e+00
  -1.56238664e+00  -1.27794579e+00  -1.51863774e+00  -8.76034407e-01
  -1.23052589e+00   6.36081574e-01   1.25799299e-02  -2.82748463e+00
  -1.01957904e+00  -3.39654760e-02   5.66727488e-01   1.43047447e+00
  -9.72148906e-02   1.16580701e+00   1.75989131e+00  -1.84905638e+00
   8.95485191e-01  -1.38778803e+00   5.90225883e-01   3.61720426e-01
   2.06581916e-01  -7.35579475e-01  -8.56845173e-01  -1.95351148e+00
   1.16962181e+00  -1.25713357e+00   1.45850425e+00   1.76676640e+00
  -1.87446608e+00   1.51416193e+00  -8.12527263e-01   2.15066832e+00
  -1.05079325e+00  -9.25909453e-01  -2.29683252e-01  -2.30986194e-01
   3.30350135e-01  -7.06667119e-01  -1.80207315e+00  -8.72129482e-01] [ -5.19386936e-01  -2.53809932e+00  -6.34217714e-01   2.13010635e-01
   5.79217282e-01   4.21485688e-01   1.18996384e+00   9.93330183e-01
   5.16227254e-02   2.76182980e+00  -9.51231831e-01   1.54983145e-02
  -3.45774915e-01  -1.51991761e+00  -1.05675894e-01   1.58677972e+00
  -5.90603645e-01   1.43287127e-01   4.51075711e-01  -1.56371991e+00
   2.58241511e-02   9.79092610e-01   1.21835112e-02  -1.25893156e-01
  -3.82164407e-01  -9.45433296e-02  -3.76298674e-01  -9.69087693e-01
  -2.26376240e+00   1.29046537e+00   6.18704194e-01   1.47139336e+00
  -5.43693843e-01  -1.63000686e+00  -1.49526339e+00   1.03293307e+00
   8.25777807e-01   4.92745525e-01  -1.00108060e-01  -1.28625163e+00
  -2.62216412e-01  -2.56525848e-01   1.55513454e+00   7.12028784e-02
  -1.44704138e+00   9.77524979e-02   5.66617241e-01  -1.01148818e+00
  -9.43927158e-01   5.10584100e-01  -1.23705831e+00   8.97038852e-01
  -1.02667134e+00  -5.18114252e-01  -8.29733508e-01   4.09577884e-01
  -8.88924011e-02   3.28172128e-01   2.37533443e-01   6.96964337e-01
   7.94888822e-01   1.06572512e+00   1.59383117e+00  -5.67299794e-01
   1.71443757e+00  -1.14375900e+00  -1.94992089e-01   1.21860618e+00
  -9.76159623e-01   2.11006989e+00   4.80674355e-01   1.48647052e+00
  -5.83496911e-02   1.01152969e+00   2.27530865e-01   1.04600924e+00
   2.45589451e-01   1.48703801e+00   5.36039291e-01   1.45568215e-01
   1.26122445e-01  -4.95111117e-01   2.57241332e-01  -1.19868900e+00
  -7.86181042e-01  -1.85889325e+00  -7.93359917e-01   1.02976231e-01
   4.33901876e-01   7.29480432e-02   1.02206566e+00  -3.73916798e-02
   1.08839433e+00   7.67226350e-03   6.12055951e-01  -4.12060961e-01
   7.04481939e-01  -7.29539944e-01  -1.80218236e+00   1.12238921e+00
  -8.81752170e-01  -5.63444813e-01  -1.10049766e+00  -1.48948812e+00
   1.13665074e+00   7.10433872e-02   1.27683405e-01  -8.69912918e-01
  -1.03731242e+00  -1.49563656e-02  -3.18671506e-01   1.39293835e+00
   4.59861037e-01  -2.72110495e-01  -1.67662453e-01   1.88735465e+00
  -3.48143937e-01  -6.67176433e-01  -2.85074073e-01  -5.44794132e-01
   8.16765222e-01  -4.87124621e-01  -2.72190379e-01   4.16099656e-01
  -1.00510067e-01   1.88597457e+00  -1.12888112e+00   7.30438431e-01
   9.54641455e-02   1.00981655e+00   1.77809670e+00  -1.54673003e+00
   3.40894862e-01  -3.06105783e-01   1.08697871e+00   1.67169646e-01
   1.34487439e+00  -6.14405347e-02  -5.00727832e-01  -2.08870423e-01
   6.81229161e-01  -5.90077524e-01  -7.87434312e-01   1.16593024e+00
   1.41254318e+00   1.31480273e+00   7.05923319e-01   1.58878386e+00
  -5.37480807e-01   1.02225276e+00   1.54001174e+00   1.59851542e-01
  -7.45003307e-01  -1.03568117e+00  -5.15753016e-01   1.33312442e+00
   9.09649759e-01  -8.84803666e-01   2.29881888e-01   7.34239865e-01
   6.90477075e-01  -4.04759741e-01  -1.86735149e-01   8.67966187e-01
   1.37683272e+00   1.57677346e+00  -1.29381898e+00  -1.05628469e+00
  -1.99347572e+00   2.05345519e-01  -6.57802159e-02   1.82467007e-01
  -2.01396353e-01  -1.17166342e+00  -3.87003720e-01   7.54141767e-01
  -9.58220898e-02   5.27073275e-01   5.17866640e-01  -2.72250023e-01
   2.33089141e-01   5.46491015e-02  -8.52384971e-02   4.87541509e-01
   1.09525560e+00   2.78540202e-01   2.32869379e+00   4.99891980e-01
  -2.75090302e-01   5.70406711e-01  -1.15299364e-01   3.20082040e-01
  -1.25176010e-01  -1.69905522e+00   9.74229100e-01  -1.00831360e+00
  -9.25615716e-01   1.36487920e+00  -1.44541870e+00   1.10113615e+00
   1.05601097e+00   4.98643599e-01   1.89950926e+00   9.75389678e-01
  -7.58420536e-01  -8.53109886e-01  -2.44754412e-01  -1.61214933e-01
  -3.66338149e-01   1.10346832e+00  -2.94840443e-01   1.22701162e+00
  -1.12187184e+00   9.91298260e-01  -1.62109361e-01  -1.57071195e+00
  -9.08122967e-01   6.08937820e-01   4.96570143e-01  -1.14429329e+00
   5.71977700e-01   6.22595190e-01   5.04097498e-01   5.53384414e-01
  -1.36853285e+00   1.29548883e+00   1.51685462e+00   8.07730827e-01
  -7.28025279e-01  -1.21161501e+00  -6.72264776e-01  -3.14873135e+00
   2.17645021e+00   1.56481906e+00   8.49196851e-03  -1.02926945e-01
  -2.52330622e-01   1.11684810e+00  -6.94985632e-01   5.70081454e-01
   1.73707143e-01   4.79177273e-01   6.57419941e-01   3.24776709e-01
   7.08171254e-01  -1.22790882e-01  -4.54565131e-01   1.13788357e+00
  -1.49774152e-02   2.04814313e-01  -1.30360172e+00  -3.00522130e-01
   6.01127100e-01   9.96816837e-01  -9.38822473e-01  -6.15596429e-01
   1.35816223e+00   1.20919152e+00   1.80472850e-01  -8.53139583e-01
  -3.86076793e-01   7.51510338e-01  -2.39721938e-01  -3.74846717e-01
  -5.65531389e-01   6.36728412e-01  -1.73850842e-01  -2.02392084e+00
   1.57210627e+00   3.77043184e-02   1.24911126e-01   1.49516593e+00
   6.08384684e-01  -5.01953289e-01   8.36436535e-01  -6.58925497e-01
  -7.44207572e-01  -1.24687583e+00  -5.12820349e-01  -4.48857484e-01
   7.29050358e-01   1.31595636e+00   6.19090088e-01   6.35927559e-01
  -3.01216718e-01  -3.24961766e+00  -5.76496231e-02  -2.86023638e+00
  -1.20646144e+00  -1.37177683e+00  -1.43655222e-01  -1.10300570e+00
   4.62116030e-01   8.61648304e-01  -1.01943952e+00  -8.57357964e-01
  -3.10184994e-01  -1.53629986e-01   1.00233039e+00   9.20500797e-01
  -7.96750230e-01   1.10452331e+00   9.99556186e-01  -5.73690391e-01
   6.94216646e-01  -8.21182740e-01  -4.48790524e-02  -3.98466680e-02
   1.25865556e+00  -4.58970557e-01   1.21565269e-01   1.57487878e+00
   3.19911771e-01  -1.79903021e+00  -1.87590463e+00  -1.81684576e-01
  -5.43707542e-01  -9.16593636e-01  -7.39756086e-01  -9.14156316e-01
   1.32550263e+00  -9.43081574e-01   8.81307899e-01  -7.63748934e-01
   4.05578774e-01  -1.36343386e+00  -1.56952784e+00  -6.90206437e-01
  -3.99653371e-01   6.02219790e-01  -7.40508162e-01   9.80654934e-01
  -6.39441193e-01  -1.31046206e+00   8.56079450e-01  -1.63519660e+00
   1.28509730e+00   1.57269265e-01   4.27047231e-01  -1.50260978e+00
   8.67322327e-01  -6.41453395e-01  -5.54646905e-01  -1.57426200e+00
  -1.12399582e-03   5.16053393e-01  -1.26299335e+00   7.68265857e-02
  -2.25937061e+00  -5.47493544e-01   2.72063387e-01  -1.07281316e+00
  -8.25175487e-01   5.55242121e-01  -4.35741414e-01   7.59239553e-01
   2.99287682e-01  -1.20153752e+00  -1.20855621e+00   8.10146225e-01
  -4.07555530e-01   1.21677360e+00   1.50122190e-01   9.27155695e-01
  -3.99998981e-01  -6.33687242e-02   4.47920022e-01   4.78419885e-01
   2.61098504e+00  -1.83110246e+00  -1.54343317e+00  -1.05927088e-01
  -3.15262605e-01   1.16458244e+00   7.91224621e-01  -1.29145280e+00
  -5.60763630e-01  -5.18619227e-01  -5.11634920e-01  -1.08419832e-01
  -1.71620560e+00  -1.05247431e+00   6.01764629e-02   1.18269816e+00
   1.24760364e+00   1.14314987e+00  -3.37689559e-01  -1.80290849e+00
   3.11587332e-01   1.33963387e+00  -1.57059597e+00   5.98455301e-01
   8.57900953e-02   7.30696586e-01  -1.51546606e+00  -5.21715105e-01
   2.41218507e+00  -1.65498156e-01   4.24764332e-01   9.42957723e-01
   1.83169601e-01  -3.07474297e-03   3.35699254e-01   4.02356059e-01
   1.22919691e+00   3.37209164e-01   4.93560809e-01   4.40541564e-03
  -7.19148337e-01   8.65191369e-01  -3.10080854e-01   4.18235153e-01
  -8.28804578e-01  -1.40221407e+00  -3.20292269e-01  -1.29292540e+00
   1.37629815e+00  -4.34761879e-02   4.60546655e-01   3.00342801e-01
  -1.09499051e+00   9.47191155e-01  -2.80705130e+00  -1.56805669e+00
  -8.63237749e-01  -8.17937356e-01  -8.97745091e-01   1.31391154e-02
   6.92280155e-01  -8.30426793e-01  -5.57736731e-01   5.77001564e-01
   1.22429497e+00   1.47063733e+00  -4.28373743e-01   2.95685621e-01]

*** Componentes principais [T] (somente originais):
[  2.07730184e+00   2.24335911e+00  -9.17250479e-01  -2.64763602e-01
   7.24422806e-04  -1.89811008e+00  -1.34786933e+00] [-0.51938694 -2.53809932 -0.63421771  0.21301064  0.57921728  0.42148569
  1.18996384]

*** Contribuições (autovetores) [P] (idem para todos e originais)

C1 [20.097565926326752, 10.263901648722278, 4.446570971937831, 20.968661330196735, 12.471009647080811, 1.4800965116602121, 15.414891394357436, 14.85730256971795]
C2 [6.5738386008113849, 25.121832643603721, 6.1174377153956589, 7.8456998537123877, 14.1259312640113, 26.831018890139575, 9.7582058053352849, 3.6260352269907004]
C3 [4.3802665453749956, 7.0355626786303134, 32.811148006219192, 4.2648151704060808, 1.3183679929457028, 7.4304571946315647, 23.645865027075828, 19.113517384716321]
C4 [14.198388766473427, 3.526275690442024, 12.285555410947097, 11.419007481159825, 23.439614210696259, 16.664619511416625, 2.181241802019295, 16.285297126845443]

*** Oposição:
[1.0, 1.0196654298126708, 0.15430349482362651, -0.018724185303849387, -0.11438545567966041, 0.072949014874297391]

*** Inovação:
[4.4408920985006262e-16, 1.1790518492940909, 0.92865327364996486, 0.45010232520484672, 1.8912173354659703, 0.90003048242070449]

*** Dialéticas:
[0.56470179033696577, 0.46700259945608502, 0.92280131783216057, 2.2463555724604896, 0.17881974477689772]
dados [[-0.96212931 -0.55702878 -0.04712273 ..., -0.9859235  -0.36285714
   1.26276537]
 [ 0.59467471  1.01346152  1.56297492 ...,  0.07718808 -1.64817213
   0.28368578]
 [ 0.50597368  0.42210769  0.41726829 ..., -0.24191952 -1.42293953
  -0.23721551]
 ..., 
 [ 1.35445972  0.35056303  0.38070849 ..., -0.25791796  1.9241647
   0.07393314]
 [ 0.35010432 -1.28822882 -0.49962501 ..., -0.34601606 -0.69493067
  -0.63743646]
 [-0.57431555  0.61325653 -0.95621159 ..., -0.92059292 -0.66613499
  -0.85567142]]
main_means [2.4592741174677291, 3.6280563916058171, 1.6789854185635538, 1.4163622990498697, 1.4911479502255072, 2.3034900827756903, 2.1114299309257762]
main_stds [1.0315338774168628, 1.0234326865311674, 0.83075324212870061, 0.71710987966967754, 0.72552273314474935, 0.96679979300641072, 0.92596122373290846]
eigenvalues means [-0.14848281 -0.04906562 -0.03981231 -0.00340239]
eigenvalues stds [ 0.00559804  0.00382742  0.0033359   0.00296381]
