
*** Dimensões da tabela de notas: (502, 8)

*** Tabela geral de notas:
[[ 3.          8.          5.         ...,  5.          3.          7.        ]
 [ 2.          6.          9.         ...,  2.          1.          5.        ]
 [ 6.          4.          1.         ...,  7.          2.          2.        ]
 ..., 
 [ 5.18950708  3.38862644  3.21293479 ...,  3.05111628  5.1955904
   7.35180277]
 [ 6.79100798  5.16154734  3.100101   ...,  6.49657328  5.38069147
   8.34898751]
 [ 3.42505975  4.93167128  3.25618118 ...,  4.30129388  7.53780707
   7.59846922]]

*** Matriz de covariância:
[[ 1.   -0.1  -0.09  0.56 -0.14  0.19  0.45 -0.13]
 [-0.1   1.   -0.08 -0.15  0.16 -0.4  -0.12  0.19]
 [-0.09 -0.08  1.   -0.19  0.25 -0.01  0.32  0.05]
 [ 0.56 -0.15 -0.19  1.   -0.33  0.19  0.38  0.03]
 [-0.14  0.16  0.25 -0.33  1.   -0.23  0.   -0.19]
 [ 0.19 -0.4  -0.01  0.19 -0.23  1.    0.21 -0.05]
 [ 0.45 -0.12  0.32  0.38  0.    0.21  1.    0.04]
 [-0.13  0.19  0.05  0.03 -0.19 -0.05  0.04  1.  ]]

*** Pearson (igual matriz covar.):

['1.0', '-0.1', '-0.09', '0.56', '-0.14', '0.19', '0.45', '-0.13']
['-0.1', '1.0', '-0.08', '-0.15', '0.16', '-0.4', '-0.12', '0.19']
['-0.09', '-0.08', '1.0', '-0.19', '0.25', '-0.01', '0.32', '0.05']
['0.56', '-0.15', '-0.19', '1.0', '-0.33', '0.19', '0.38', '0.03']
['-0.14', '0.16', '0.25', '-0.33', '1.0', '-0.23', '0.0', '-0.19']
['0.19', '-0.4', '-0.01', '0.19', '-0.23', '1.0', '0.21', '-0.05']
['0.45', '-0.12', '0.32', '0.38', '0.0', '0.21', '1.0', '0.04']
['-0.13', '0.19', '0.05', '0.03', '-0.19', '-0.05', '0.04', '1.0']

*** Autovetores (raw):
[[-0.5   0.05 -0.25 -0.35 -0.75 -0.03 -0.06  0.01]
 [ 0.3  -0.13 -0.61 -0.16  0.11 -0.16 -0.41 -0.53]
 [ 0.06  0.68 -0.07  0.35 -0.14 -0.46  0.3  -0.29]
 [-0.52 -0.17 -0.25 -0.14  0.49 -0.55  0.16  0.22]
 [-0.41  0.45 -0.31  0.08  0.34  0.63 -0.05 -0.08]
 [ 0.04 -0.18 -0.45  0.7  -0.2   0.   -0.16  0.45]
 [ 0.3   0.5  -0.05 -0.36  0.08 -0.14 -0.41  0.58]
 [-0.37  0.04  0.44  0.29  0.03 -0.19 -0.72 -0.19]]

*** Autovalores (raw):
[ 2.26  1.44  1.27  1.12  0.62  0.53  0.4   0.37]

*** Autovalores prop (raw):
[ 0.28  0.18  0.16  0.14  0.08  0.07  0.05  0.05]

*** Autovalores (var. %) ###TABLE IV### New variances after PCA, in percentages for scores on III.:
[28.000000000000004, 18.0, 16.0, 14.000000000000002, 8.0, 7.0000000000000009, 5.0, 5.0]

*** Dados finais:
[[ 1.1027151   1.23192524 -0.0689017  ..., -1.32054775 -0.54177795
   0.51353236]
 [ 0.18002751  1.83053934 -1.86661796 ...,  0.10518887 -1.28292927
  -0.41900302]
 [ 0.30728981  1.28257645 -0.4247435  ...,  1.77861024  1.01692403
   1.72567862]
 ..., 
 [ 1.08651562  1.32470502  1.77709201 ...,  0.06759587 -1.51103259
  -1.28230759]
 [-0.58007888  1.90183577  2.03703591 ...,  0.26740613 -0.90025749
  -0.62555979]
 [-1.79148669 -2.99025173  1.24558903 ...,  0.58431597  1.02116816
   1.10265642]]

*** Componentes principais [T] (todos):
[  1.10271510e+00   1.23192524e+00  -6.89016978e-02  -7.32500274e-01
  -2.12900156e-01  -5.03159679e-01  -3.25796378e-02   1.64974874e-02
  -2.87000454e-01  -1.10713869e+00   9.44219640e-01  -3.56190910e-01
   1.27654211e+00  -1.07896613e+00   9.92661412e-01  -4.71787706e-01
   1.15894672e+00  -6.68665861e-01  -1.20684670e+00  -1.02944136e-01
   4.14710446e-01  -1.01262303e-01   2.20642258e-01  -8.06081993e-01
   2.54156634e-01   1.04521827e+00  -1.05745724e+00  -7.72241728e-02
   1.44281122e+00  -2.23797110e-02  -9.26111151e-02   8.99663204e-02
   8.88130688e-01  -8.36033293e-01  -1.61032077e-01  -1.31412372e+00
  -5.72062564e-01  -1.53586370e+00   1.66763022e+00  -4.81939325e-01
  -1.06034327e+00  -1.30710200e-03  -2.15767786e-01   1.63748534e+00
   3.41417163e-01   2.99442806e-02   2.17444615e-01   6.83865718e-01
  -4.36555620e-01   1.73731989e+00  -1.87435989e-03   3.40413790e-01
  -6.71564572e-02  -8.95269594e-01   1.73493567e+00   8.50061857e-01
   1.06219934e-01  -5.54132880e-01   3.48229564e-02  -1.03743001e-01
   1.19824978e+00  -3.43518750e-01  -3.10931140e-01  -1.63899526e-01
  -3.37023032e-01  -1.79747081e+00  -1.69389780e+00  -6.47334548e-01
  -5.28050334e-01  -3.53934201e-01   3.51497255e-01   1.16651354e+00
  -1.22641926e-01   4.86349824e-01  -4.57227642e-01  -8.56588313e-01
   6.36453681e-01  -7.89555631e-01   5.35498209e-01   2.09625525e-02
   1.16761706e+00  -3.34977221e-01   2.08845528e-01   6.00286213e-01
   3.80568056e-01  -1.09090285e+00  -4.15131617e-01   1.10355457e+00
   8.24001321e-01  -6.36627171e-01  -5.40034038e-01   2.15680258e-01
  -1.44988720e+00  -7.41271975e-01  -2.37504599e-02  -6.71285186e-01
  -4.66951866e-01   7.60692272e-01   4.74865744e-01   1.02080225e+00
   4.27098420e-01  -6.46148555e-02   9.85530279e-01   6.56557214e-01
  -4.09092911e-01  -6.98549955e-01   4.00170669e-01  -7.73096031e-01
   2.13433223e-01  -1.26796415e-01   2.33754604e-02  -4.25797439e-01
  -6.09471840e-03   4.69468307e-01  -1.33844793e+00   7.88124941e-01
  -1.12445472e+00   3.66030764e-01  -1.00582380e-01  -8.88566112e-01
   2.33123088e-04  -9.90140152e-01   5.60859590e-01   1.89217217e+00
  -1.60813394e-01  -1.52119522e+00   1.72734514e+00  -8.34147650e-01
   1.52285650e-01  -2.60064079e-01  -1.05881310e+00  -5.47743498e-01
   9.12876204e-01   8.28168452e-02  -9.33293404e-01   5.26567765e-01
  -3.26128536e-01   7.52080887e-01  -4.96303031e-01  -6.77611600e-01
   1.59965308e+00  -1.35125784e+00   1.99567112e+00   2.00241427e+00
   1.30027685e+00  -4.87840766e-01  -1.61946573e-01  -8.37255931e-01
  -9.21681543e-01   1.27144538e+00  -1.20499683e+00   1.15327970e+00
   1.95664345e+00   2.39100743e-01   6.50528373e-01  -1.16105253e-02
  -5.03422070e-02   7.73662554e-01  -1.54616289e-01  -7.50841405e-01
  -1.14269462e+00  -6.19754548e-02  -9.67331491e-01  -1.10862441e+00
  -2.23102354e-01  -1.81450752e+00  -1.17544013e+00   1.13852777e+00
   5.00608453e-01   2.48877443e+00   1.03440691e+00  -1.09685170e-01
  -3.62791655e-01  -4.49560430e-01   5.71777626e-01   2.21133714e-01
   5.06893011e-01   1.31588542e+00  -5.25873730e-01  -1.23908362e+00
  -2.24707024e-01   5.33454827e-01  -2.85538676e-01   5.96345462e-01
  -4.98556199e-01  -1.83233212e-01   2.97014040e-01   2.02402007e+00
   6.91212304e-01  -1.26054064e+00   7.39380889e-01   3.77804077e-01
  -8.52052596e-01  -8.86237033e-01  -2.69196279e-01  -1.37691543e-01
   2.22072518e+00   3.25476926e-01  -6.31533579e-01  -2.79609143e-01
   1.12063310e+00  -3.53005382e-01  -3.42561948e-01   1.30307616e+00
  -1.11994732e+00  -1.02157795e-02  -7.04586291e-01   5.15721869e-01
  -5.29294296e-01  -4.97330995e-01  -4.70805144e-01  -1.73631415e-01
  -3.43698113e-01  -1.09810190e+00  -8.29297908e-01   5.81089219e-01
  -6.00428185e-01  -4.42364743e-01  -6.85589327e-01  -4.70629976e-01
   1.42990296e+00   3.81595081e-01   9.40645345e-01  -8.40350209e-01
  -6.42208613e-01  -1.98082413e-01  -1.13369806e+00  -9.07101000e-01
  -4.64219522e-01   1.92761014e-02  -5.34320118e-01   4.26723709e-01
   5.71062949e-01  -1.04656681e+00  -3.42889780e-01  -5.89192226e-01
  -8.59912305e-02   4.04014506e-01  -8.36434203e-02   2.84517499e-01
  -2.03136462e-01  -1.28915056e+00   1.19772970e+00  -1.29808896e+00
  -1.36460466e+00  -3.07089048e-01  -5.39642429e-01   4.58944406e-01
  -2.24115725e-01   1.29838259e-01  -4.42680336e-01  -7.35611797e-01
  -6.55101445e-01  -1.26658542e-01   5.10862283e-01   4.17048378e-01
  -1.28145426e+00   8.68901379e-01  -3.11778450e-01  -4.84918778e-01
  -1.32690949e+00  -8.17684464e-01  -1.22651160e+00   1.98588625e-01
   1.06754775e+00  -1.10446312e+00   7.85403891e-01  -9.58997484e-01
   1.87392571e+00   2.02484770e+00   7.82024270e-01  -7.49592142e-01
   3.24611541e-01   2.27091614e-01  -4.67390327e-01  -1.07515616e-01
   4.09295127e-01  -2.22706674e-01  -3.56982525e-01  -1.09222640e-01
   1.05508335e+00   5.04983521e-01   9.52575151e-01  -8.75199584e-01
  -6.69880874e-01  -1.13677546e+00  -3.15579099e-02  -1.90070372e+00
  -7.01902025e-02  -2.90718362e-01  -7.00169590e-01   9.23464551e-01
  -4.73072477e-01   1.06731864e+00   4.32042578e-01  -5.29231331e-01
  -4.54508654e-01   9.67663733e-01   6.21717252e-01   1.22340185e+00
  -6.14245840e-01  -4.79884363e-01  -1.20453862e+00   1.25347706e+00
   3.46543923e-02  -9.86207354e-01  -3.00183311e-01   9.24864658e-01
  -1.05122990e+00   8.64222079e-01   1.72182816e+00  -2.75183490e-03
  -5.44335621e-01   2.01415946e+00  -4.22994420e-01   4.97672244e-01
   4.62094430e-01   6.33184595e-01   8.87268196e-01   7.55111735e-01
   7.64718058e-01   1.72426252e-01   2.40087846e-01  -1.39498283e-01
  -7.37494027e-03  -8.19268877e-01  -2.04758201e-01   1.75588389e-02
   1.40288820e+00  -1.09663213e+00  -1.51752409e+00  -7.46782182e-01
  -6.91659681e-01  -8.13784543e-01  -1.20271852e+00   1.79477435e+00
   4.75588187e-01   5.22821597e-02   1.43583918e+00  -6.47345959e-01
  -8.50429577e-01  -4.23746034e-01   7.07595339e-02   6.35512858e-01
  -4.35452195e-01   4.06970623e-01  -8.09598716e-01  -6.51500834e-02
  -4.44371979e-01   1.07030473e+00  -4.52305733e-01  -1.81048203e+00
   1.65465666e-01  -4.32037585e-01   6.35057864e-01   1.01815461e+00
   2.96935859e-01  -1.02652105e+00  -3.22209632e-01   5.55593309e-02
  -6.55012813e-01  -1.22042287e+00  -3.93706028e-01   1.65281160e+00
   1.64726750e+00   5.35766252e-02  -1.73311484e-01   5.17200849e-01
  -1.31818291e+00  -1.18056913e-01   8.31248093e-01  -6.76612516e-01
   1.55496795e+00   1.81800637e+00   1.35513063e-01   1.55525465e-01
  -2.52160268e+00  -1.10276477e+00  -9.00248062e-01   1.02117135e+00
  -9.28474451e-01  -1.02713850e+00   1.29212211e-01   1.26154717e-01
   1.05845594e+00  -1.55476860e-02  -1.15728680e+00   5.84622332e-01
  -2.02901618e-01  -3.80939238e-02  -8.68220022e-01   4.36977193e-01
   1.43438343e-01  -3.09776176e-01   2.04069605e-01   1.32375702e+00
   1.28490016e-01  -3.30667117e-01   4.32931504e-01  -3.07329490e-01
  -7.45428480e-01   2.18454106e+00   7.41924253e-01   1.03267690e+00
  -1.51736913e+00   5.03713099e-01   2.48991942e-01  -1.51528351e+00
  -1.23904813e-01  -5.53134887e-01  -3.44539548e-01   7.51380759e-01
  -2.74853598e-01   3.78269515e-01  -4.94812816e-02   2.55487124e-01
  -4.85200401e-01   9.90045410e-01  -3.90694509e-01   1.08502734e+00
   3.34219570e-01   2.85102803e-01   9.10996217e-01  -7.21149044e-01
   1.38882027e+00   4.57524461e-01   2.49340543e-01  -1.10408283e+00
   8.53218459e-01   1.95615651e+00   2.55679873e-01   3.43395142e-01
  -3.43252302e-01  -4.40696218e-01   1.33425923e+00  -3.04814499e-01
  -1.86146143e+00   2.70029490e-01  -6.15907048e-01   3.27708040e-02
  -1.20107200e+00  -5.55278060e-01   7.31908166e-01   1.36007327e+00
  -2.29378586e-01  -4.75889775e-01   9.85740996e-01   1.10400475e+00
   5.20625524e-01  -3.87152058e-01   5.46957391e-01  -4.65359547e-01
  -5.63075926e-01  -5.85105588e-01   2.69645886e-01  -2.78292685e-01
  -6.51339452e-01   5.33875238e-01   1.22949943e+00  -7.92727596e-01
   4.94484462e-01  -5.19099263e-03  -1.02250445e+00  -8.54403797e-01
  -9.09363563e-01  -3.55010979e-01   2.64570291e-02   1.23350312e+00
  -8.90493037e-01   3.34484690e-01  -8.53644371e-02   1.22234789e+00
  -1.46393787e-01   4.72016957e-01  -3.01147460e-01  -7.44755484e-01
  -7.10542899e-01  -2.10990776e-01   7.48484354e-01  -2.09155793e-01
   7.05790078e-01   2.00248406e+00   1.98775976e-01   2.22417179e-01
   1.48817661e+00   1.05670080e+00  -5.21008044e-01  -2.40381647e-02
  -2.22247380e-01  -5.88271204e-01   1.83005870e-01   6.48024457e-01
  -1.04762905e+00   3.75224368e-01   7.78963768e-01  -5.03484706e-02
   6.93002809e-01  -1.26254773e+00  -1.22247188e-01  -1.32054775e+00
  -5.41777951e-01   5.13532361e-01] [  1.80027506e-01   1.83053934e+00  -1.86661796e+00  -1.16910767e+00
  -5.92982439e-01   1.74893172e+00   1.83263831e+00  -2.00684694e+00
  -6.98604540e-01  -1.51114520e+00  -4.92397853e-01  -1.84133373e+00
   1.26875609e-01   1.67392258e+00  -1.51537961e+00   1.37150933e+00
   1.03619182e-01  -1.07482558e+00  -3.32307182e-01   1.69477555e+00
   2.05661208e+00  -1.56653112e+00   1.70399166e+00  -1.59768409e-01
   6.57237969e-01   2.76762548e-01  -1.47269205e+00  -1.74934328e+00
   5.67179869e-01  -1.21273965e-01  -1.39424457e+00   1.15123328e+00
   3.48331469e-01  -8.56209445e-01  -6.29296751e-01  -1.49135551e+00
   1.44557522e+00   1.63732869e+00  -9.76618569e-03  -1.48366368e+00
  -2.32407048e+00  -1.78825022e+00   6.93376808e-01   4.97029449e-01
  -1.66503804e+00  -1.04990863e+00  -6.44823673e-01   5.70400086e-01
  -5.35007527e-01  -1.80969160e+00  -1.31929556e+00   5.76489589e-01
  -1.30359923e+00  -1.26907445e+00   4.10917535e-01  -5.91768707e-01
   2.11456088e+00   7.54192805e-02   9.09048147e-01   6.93531712e-01
   4.95772827e-01   2.28102058e+00  -1.43086545e+00   7.22296705e-01
  -6.71020733e-01   3.90287279e-01  -4.96399058e-01   4.27562344e-02
   2.21091820e+00  -2.23429208e-01   1.46508725e+00  -4.07179687e-01
  -1.21706942e+00   3.75518641e-02   2.84069230e-01  -8.94669018e-01
  -2.29261530e-02  -7.60269979e-01  -1.61073545e+00   7.58622761e-01
  -1.71984414e-01  -5.12919887e-01  -5.63745465e-01   3.13471443e-01
  -9.75952703e-01   1.78343405e+00   1.92424317e+00   8.20513812e-01
  -8.18996872e-01   9.86824374e-01   2.03652118e+00   1.48514612e+00
  -9.15576630e-01  -5.64925846e-01   1.30334113e+00   1.22745607e+00
   8.75357316e-01  -1.34955274e+00   1.85542536e+00  -4.40681674e-01
  -6.47551633e-01  -1.86281294e+00  -6.78367180e-01   2.45083492e-01
  -1.00237384e-01   2.61525336e-01  -5.76050540e-02   2.71013221e+00
   1.31609196e-01   1.28984960e+00  -2.82312743e-01  -1.16086669e-01
  -1.01636259e+00  -1.06345596e+00   1.40527449e+00   1.87616812e+00
   1.12422279e+00  -1.37025028e+00   1.25362000e-01  -7.20432622e-01
  -3.92226526e-01  -5.97412677e-01   6.06617105e-01  -3.21665705e-01
  -4.22342859e-01  -1.09480875e+00  -8.88823168e-01  -1.37289539e+00
   9.23171740e-01  -2.90961674e-02  -1.16363782e+00  -1.69604918e+00
   4.84302048e-01   2.36548684e+00  -1.77381611e+00  -1.46549599e+00
   1.45579335e+00  -3.57626530e-01   2.31385031e-01  -1.74065334e+00
   1.80064418e+00   1.79058754e+00  -5.03082926e-03  -6.82931507e-03
   3.48486374e-01  -2.86231131e-01   2.30760624e-01  -2.48267797e-01
  -3.44274731e-01  -3.96804328e-04  -9.64541294e-01  -5.13425815e-01
  -7.58923149e-01  -1.22753682e+00   7.19738017e-01   1.43307932e+00
  -1.62259489e+00  -1.28591750e+00   1.92342804e-01   2.49833941e-01
  -7.75329516e-01  -1.84957711e+00   1.20459746e-01   6.09501922e-01
  -1.30333378e+00  -4.28145477e-01   1.40616212e-01   5.63913318e-01
   2.12737303e-01   1.74183494e-01   7.13004003e-01  -4.39193200e-01
  -1.76053487e+00   1.42786445e+00  -1.22214655e+00   1.13268503e-01
   1.46730748e-01   6.19556134e-01   4.34191730e-01   1.29975033e-01
  -5.22044438e-01  -2.14382658e+00   1.54372177e+00  -9.39472852e-01
   5.46332207e-01  -1.18689100e+00  -6.49993396e-02  -3.98713573e-01
   1.43489642e+00   1.54297953e+00   1.76383338e-01   1.62375393e+00
  -1.50782410e+00  -2.25039208e-01  -1.54969348e+00   1.49074472e+00
  -4.04677210e-01   9.99970728e-02  -1.86390734e+00  -1.49686980e+00
   1.77641890e+00   7.44048188e-01  -3.47043686e-01   2.75813677e-01
  -1.97932387e-01  -2.40723363e+00  -2.69605124e-01   1.43900804e+00
   2.43250390e-01   1.99819514e+00  -1.59944548e+00  -9.57990032e-02
  -1.21231340e+00  -1.54304274e+00  -9.81286873e-01   2.40177905e+00
  -1.01657504e+00   3.55678772e-01  -2.15002597e+00  -6.54622373e-01
  -2.07944202e+00  -1.60825619e+00   9.34894493e-01  -6.83558704e-01
  -1.60953070e-01  -7.71986050e-01   1.49694909e+00  -1.27811451e+00
  -4.93320130e-01   1.03636368e+00   2.12551574e-01  -6.12041774e-01
  -6.19149978e-02  -6.35482545e-01   1.72803449e+00  -1.61881032e-01
   7.34283681e-02  -4.67528870e-01   2.56571276e+00  -9.37042431e-01
   2.09415053e+00   1.64708947e+00   1.51678315e+00   2.39143464e+00
  -7.07007215e-01   1.34551805e+00   7.63880000e-01  -5.58863650e-01
   1.68066130e+00   7.66896715e-01   3.60136070e-01  -9.40989505e-01
  -6.07384817e-01   7.73616010e-01   1.48942099e+00   1.70533017e+00
  -1.50896409e+00  -2.13260793e-01  -9.59324930e-01   2.01899229e+00
  -1.33519557e+00   3.99844495e-02   1.77220216e+00  -1.40729026e+00
  -1.92172636e-01   1.67373511e+00  -4.23857776e-01  -6.75072818e-01
  -1.19862626e+00   2.80912700e-01  -7.68062127e-01  -1.10141272e+00
   8.56696170e-01  -1.54757008e+00  -1.03004304e+00   9.59016498e-01
   1.64991608e+00  -3.10570694e-01  -1.46252835e+00  -9.66608598e-01
   5.29919911e-01   1.74762962e+00   1.06204677e-01  -1.41984220e+00
  -1.15394991e-01  -8.98112693e-01  -9.22120958e-01   1.37399310e+00
   1.32212097e+00   1.65308934e+00   1.92112587e+00   6.30124621e-01
   1.79662135e+00   2.37387694e-01  -1.64569557e+00   1.02402391e+00
  -5.79093421e-01  -9.58562790e-02  -8.51948133e-01  -4.76377958e-01
   1.01492422e-01   1.76105951e+00   4.80818551e-01  -1.00604191e-01
   1.19119170e+00   2.29617107e-02   2.00856390e+00   2.61011971e-01
  -1.05525304e-01  -1.48185596e+00   5.20464667e-01   1.26856984e-01
  -5.35223741e-01   1.27997004e+00   1.22636191e+00   1.14546626e+00
   2.63302546e+00  -3.68826501e-01   9.66043933e-01   8.22011923e-01
  -6.12936482e-01  -6.33496606e-01   3.26698288e-01   9.92485011e-01
   1.33867429e-02  -6.61473864e-01   2.45728598e+00  -8.04143623e-02
   1.22399931e+00  -3.95180092e-01   1.88819489e+00   6.69447105e-02
   1.54362096e+00   1.33942927e+00  -1.70070562e+00  -1.19145733e+00
  -1.48556528e-01  -2.36044867e-01  -7.54136813e-01   9.68282863e-02
  -6.13886760e-01   1.04451853e-01  -1.53494475e+00  -3.19267955e-02
   2.32820854e+00  -2.11220506e+00   1.10907833e+00  -1.71075031e+00
  -1.59948724e+00   8.51281556e-02  -1.96454864e+00  -1.13185934e+00
   2.55207461e-02   1.44902907e+00   2.09234459e+00   1.58962947e+00
  -5.10459956e-01  -1.05110663e+00   1.31776163e+00   1.07923205e+00
  -3.44754167e-01  -1.78607877e+00   5.97680237e-01   1.25681043e+00
   9.01300916e-01  -1.25175977e+00   1.66392596e+00   4.62310225e-01
  -2.50850931e-01   2.02614102e+00   5.02949698e-02   6.00018475e-02
   6.07403904e-01   1.62249951e+00   3.51292705e-01   5.60687557e-01
  -1.27671506e+00  -6.09399391e-01   8.49503903e-01  -2.23315044e-01
  -8.57987007e-01  -7.24055824e-01  -1.87615326e+00  -2.22633226e-01
   6.37053173e-01   9.72747981e-01  -4.14635555e-01  -1.03229947e+00
  -8.78851763e-01  -4.99924467e-01  -5.17306146e-02  -1.67090455e+00
   1.24462668e+00  -1.69486577e+00  -1.52947517e+00   1.13307306e+00
   1.74847769e+00  -9.78792848e-01  -9.87199320e-01   1.29573998e+00
  -3.35422722e-01   3.29057738e-01   9.04684967e-01  -9.45595166e-01
  -6.75411036e-01  -1.28348877e+00  -1.38915388e+00  -5.83550964e-01
  -2.12911109e+00   1.28190547e+00  -9.72761741e-01   1.49463372e+00
  -2.00407955e+00  -2.42557218e-01   4.05114682e-01   1.97540333e+00
   6.02515441e-01  -1.74570220e+00  -1.50510766e+00   7.19632074e-01
  -1.18959376e+00   8.04346729e-02  -1.62727712e+00   2.04548436e+00
  -1.98051905e+00  -1.65392398e+00  -1.01591169e+00   9.19965329e-01
  -1.27571184e+00   7.24126346e-02   1.36115576e+00   2.04050970e+00
   5.29778700e-01  -1.61036861e+00   1.74311734e+00   1.94590201e+00
   9.76636756e-02   1.37297093e+00   2.48085337e+00   9.77931383e-01
   9.64406096e-02  -1.05681454e+00  -1.15535882e+00  -2.67722402e-01
  -1.54883632e+00  -8.52590090e-01   1.81767075e+00  -1.61341066e-01
   2.30579057e+00  -3.40532253e-01   3.20101837e-01   3.76878605e-03
  -1.05961695e+00  -1.87508145e+00  -1.55799283e+00  -1.52656579e+00
   1.21232995e+00   2.96031888e-01   4.10252246e-01   1.41155139e+00
   1.69071235e+00  -7.48345059e-02  -4.44237978e-02  -8.40853346e-01
  -3.13712041e-01   1.39419148e+00  -1.11130075e+00   9.21126174e-01
  -1.33219785e+00  -1.17709302e+00  -1.02192473e+00   1.48140848e+00
   1.15502904e+00  -9.80481744e-01   1.50712832e+00  -1.80978716e-01
   2.87826223e-01  -1.88714501e+00  -7.11831208e-01   1.17371714e+00
   8.99826927e-01   6.74126055e-01  -1.61890632e+00  -1.13755060e+00
   4.42840704e-01  -8.51978846e-01   5.02347206e-01   4.63252064e-01
  -1.34650596e+00   1.00290715e+00   1.08624645e+00  -2.38433588e+00
   2.03372530e+00  -2.36683441e-01  -8.55351625e-01  -4.65848166e-01
   2.88226599e+00  -1.60349986e+00  -1.59530306e-02   1.05188869e-01
  -1.28292927e+00  -4.19003022e-01] [  3.07289809e-01   1.28257645e+00  -4.24743501e-01  -1.73146900e-01
   1.85411003e-01  -1.29891224e+00  -1.64438735e-01   2.89584667e-02
  -9.37656896e-01   4.48154285e-01  -2.60845582e-01  -5.88632635e-01
   3.53754320e-01  -5.59829073e-01   2.97703931e-01  -1.06837424e+00
  -2.89608358e-01   8.29734352e-01   5.35430457e-01  -2.75509019e-01
   2.07538368e+00  -1.36427990e+00  -6.50854415e-01  -3.56009221e-01
   1.60403938e+00   5.55280639e-01  -4.20266806e-01   1.58896694e-01
   1.28906444e+00  -5.96803257e-01   5.47865728e-01  -1.59713931e-01
  -2.90656207e-01   3.66967823e-01  -3.12334052e-02  -3.22009331e-01
  -1.66094583e+00  -1.39908222e+00  -8.34767136e-01  -7.55664981e-01
  -1.48040702e+00   1.40122983e+00   1.01013263e+00   3.86151648e-02
   9.90456014e-01  -1.00775439e+00   2.47764078e-01   8.35771144e-01
   1.58264674e-01  -1.17353901e-01   7.26129215e-01  -2.44289654e-02
  -2.24392156e-01   1.22613845e-01   5.66041200e-02   3.43015775e-01
   1.41211900e-01  -4.50866569e-01   3.94589990e-01  -1.71746720e+00
   5.00732504e-01  -1.08533783e-01   2.39112186e-01   1.23724334e+00
  -5.21801661e-01  -1.02173740e+00  -3.02912075e-01   7.59465345e-01
  -9.41040082e-01  -8.03530740e-01  -4.11242331e-01   9.35742676e-01
   1.81487777e-01   5.41238834e-02   1.50534936e+00  -2.10788808e-01
   8.62971810e-01   5.32243187e-02   9.08418299e-01  -4.28110555e-01
   5.19999731e-01   1.76527007e+00   1.77204626e+00   1.09353697e+00
   8.29637228e-01  -1.86744836e+00   1.07193229e+00   5.96916727e-01
  -2.38845964e+00   1.06132690e+00   7.21164243e-02   3.00475831e-01
  -1.30801361e+00   3.77197040e-01  -1.19456403e+00  -1.40324000e+00
  -2.03777253e+00   1.73472436e-01   3.11402248e-01   2.13915567e+00
  -1.22612833e-01  -4.37410928e-01   2.18783584e-01   1.39996697e+00
   2.51553556e-01   2.55527772e-01   1.26634686e+00  -5.72321512e-01
   2.60095958e-01  -2.32639824e+00   3.24496174e-02  -5.38708813e-01
  -2.20976362e+00  -1.18332044e+00  -4.98920397e-01  -3.08363781e+00
  -7.78655798e-01  -1.44722341e-01   8.40737025e-01  -1.42027157e-01
   7.92199566e-01  -1.83915818e-01   1.35820294e+00  -7.67175287e-01
   7.27714048e-02   1.07729936e-01   1.69481456e+00  -1.05286421e+00
   1.15326216e+00   1.88432355e-01   3.48223308e-01  -4.52911164e-01
  -2.04736673e-01   1.91316601e+00   5.65692387e-01  -4.52228528e-01
  -4.83818722e-01   9.17110876e-01   5.48479581e-01  -5.35797633e-01
  -3.39093059e-03  -1.45454022e+00   9.95350385e-01   1.45371433e+00
   5.18117236e-01   2.90320239e-01  -6.04290067e-01   2.22799535e-01
   5.97767134e-01  -2.68474931e+00   2.46634561e-01   6.54902133e-01
  -2.61223072e-01  -5.56978365e-01  -1.44041993e+00  -4.75616884e-01
   3.61174621e-01   1.61616035e+00   1.01360594e+00   1.11578316e-01
   1.02413334e+00  -4.48960399e-01   6.99060911e-01   6.91723063e-02
  -2.30003707e-01  -5.56899555e-01  -2.19489345e-01  -5.22832806e-01
   1.68268567e-01  -1.85604441e-01   8.37618779e-01   1.34541171e+00
  -7.77287778e-01  -7.33723100e-01  -1.36036362e-01  -1.92448919e-01
  -1.93680407e-02   8.16047876e-01   2.65743526e-01   5.28325885e-02
  -3.70864937e-01  -4.12466650e-01   1.59609297e+00  -2.93006729e-01
   1.57641417e+00   4.07452512e-01  -7.42781103e-01   3.14702452e-01
   5.00400787e-01   4.46237410e-01   1.22349206e+00  -3.41481354e-01
  -1.13008139e+00   6.31500554e-02  -1.63479955e-01   1.29463181e+00
   9.87538915e-01   9.24487715e-01  -2.78947242e-01   1.18242914e+00
   8.62514230e-01   2.84334607e-01  -1.18613963e-01   9.72916633e-02
   3.65219975e-01   6.95167834e-01  -1.73261266e-01  -1.10956081e+00
   3.63232080e-01  -5.48069510e-01   1.78291898e-01   1.85927307e+00
   3.99580383e-02  -6.99263554e-01   7.50311169e-01   6.70088941e-01
   4.89819244e-01  -5.80382563e-01   1.43324931e-01   6.78402323e-01
  -3.55528533e-01   1.90291616e-02   1.25858001e+00   4.85187413e-01
  -1.21775945e-01   8.72583974e-01   1.81637576e-01  -1.90667233e-01
   3.55701716e-01  -1.03908952e+00   3.41412809e-01  -4.16626938e-01
  -7.63495839e-01   3.89840841e-01  -1.83126558e+00   2.51567913e-01
   5.25990738e-01  -4.54654614e-01  -3.18083904e-01   1.63821790e+00
  -2.08933384e+00  -1.04714402e+00   4.22446997e-01  -3.92174462e-01
  -5.88143958e-01   7.12056669e-01  -5.26971014e-01   1.00810469e+00
   4.48431545e-01  -1.16420371e+00   2.94555908e-01  -1.70483426e+00
  -5.52888612e-01  -2.29616527e-01   1.82943229e+00  -4.49780986e-01
  -9.36051172e-01  -2.19603920e-01  -2.54934216e-01  -2.43862989e+00
  -1.03500932e+00  -2.29994277e-01   1.09995536e+00  -6.18026290e-01
  -1.84855253e-01  -9.04937233e-01   7.08427228e-01   2.71029570e-01
   2.24971930e-01  -5.13533941e-01  -6.22379092e-01  -3.80637884e-01
   3.75259798e-01  -1.45791276e-01  -8.28081863e-02   7.15209757e-02
  -4.51095927e-01   4.16033567e-01   1.88362500e+00   7.55580141e-01
  -2.17080144e-01  -9.24502695e-01   1.23252636e+00  -1.14999670e+00
  -9.05037164e-02  -9.46174574e-01   9.03315412e-01  -9.25892721e-01
  -8.88011947e-01   5.43098439e-02  -2.49812171e-03   2.23109490e+00
  -6.85883628e-01   7.36910316e-01  -5.22885876e-01   8.35863704e-01
   3.81518940e-01   4.63224927e-01   1.92151431e+00   1.06560920e+00
  -3.46432834e-01  -1.67403720e-01   8.42021900e-02   2.24734017e-01
   2.83553130e-01   4.75443895e-01  -1.87475987e+00   6.24583597e-01
   1.36728717e-01   1.50425691e-01  -2.77365333e-01   7.05385960e-01
   1.27937259e+00   1.24466122e+00  -1.37431929e+00  -5.74957365e-01
  -1.87939594e+00   1.88990715e-01   4.84090029e-01   1.62745211e+00
  -3.83544434e-02  -5.28665027e-01   4.83687218e-02   6.47515227e-02
  -5.89474456e-01   1.11111890e+00  -3.98224104e-02  -9.87322561e-01
  -6.19426710e-01   5.42341423e-01   1.57731373e-02   3.82582437e-01
  -2.37641783e+00  -3.16791161e-01  -1.21078012e-01  -5.62591350e-01
   3.70271426e-01   6.40728988e-01  -1.87391988e-02  -1.69165286e-02
   2.05338520e-01   4.61514688e-01  -2.44550874e-02   4.97346597e-01
  -1.34215424e+00   8.70526458e-02  -1.23671459e+00  -1.43865587e-01
  -3.95015571e-01  -2.82860168e-01   3.88840090e-01   1.77977439e-01
  -1.01527134e+00  -8.13782150e-01   2.43554432e+00   6.31649618e-01
   1.72111628e-01  -3.41656032e-01  -1.71389591e+00   3.05287809e-03
  -3.91081628e-01  -2.24581279e-01  -1.38519203e+00   1.38083441e+00
  -1.00745309e+00  -9.23827735e-01  -3.28421391e-01   5.61683226e-01
   8.06752470e-01  -3.92168154e-01  -4.01425047e-01  -6.76990741e-01
   3.89465603e-01   2.54011143e-01  -2.14203167e-01  -1.39351007e-01
   4.80213263e-01  -8.01868067e-01  -2.09785745e+00   3.89432671e-01
   8.53213021e-01   7.99880028e-01   5.43415268e-01  -3.03021626e-01
   6.48690208e-01   5.24575603e-01   8.31924622e-01  -1.93323527e-01
   1.31104686e+00   2.21110392e-01  -1.18371699e-01  -1.63665970e-01
  -1.99267790e+00  -1.54369361e-01  -1.07845412e+00   5.38553580e-02
  -3.67425515e-02  -7.95879059e-01   6.30558998e-01   3.57253935e-01
   2.20445756e-01  -1.65467499e-01  -5.93893395e-01   1.36768050e-01
   1.21101618e+00   2.20159240e-01   1.47623608e-02   9.79611212e-02
   4.10698080e-01   1.55645619e-01   1.10546660e-01  -2.18231047e+00
   1.16193584e+00   5.32323860e-02   4.19631406e-01  -1.51712681e+00
  -1.35664155e+00  -3.73357164e-01  -1.61597317e+00  -9.10368032e-01
   6.46598667e-01   2.77697725e-01   5.38658495e-01  -1.61756522e+00
  -6.02876068e-01  -5.48281697e-01   7.08834551e-01  -5.34044370e-01
   3.26634512e-01  -4.11493616e-01  -1.79464237e+00   1.06067886e+00
   4.49384496e-01  -8.81908586e-02   6.33659227e-01  -7.02193996e-01
   5.62903815e-01   7.16900879e-02  -1.85034498e+00   3.79123423e-01
   1.57969012e-01  -2.21379681e-02   2.05173620e-01   1.06557384e+00
   2.49815135e-01  -1.71301503e-01   6.02998686e-01   7.56729129e-01
  -8.82216938e-01  -3.58136215e-01   8.66573160e-01  -1.19875605e+00
  -1.53735522e-01  -1.53267059e+00   3.14145004e-01   7.85722293e-01
  -1.70205208e+00  -5.79066842e-02   1.22780469e+00   3.97326733e-01
  -7.16914601e-01  -3.88851627e-02  -5.92232037e-01  -5.74789831e-01
   1.50002611e-01  -1.46548364e+00   3.76449018e-02   1.39470245e-01
   1.73350783e+00   9.48071441e-01  -8.19223611e-01   1.54426946e-01
   6.73132963e-01   1.25215627e-01  -2.49616758e-01   1.15761927e+00
   4.39566569e-01   1.12128010e-01   1.16363479e+00  -1.62164175e+00
  -1.76808286e+00   1.64200053e+00  -1.83518700e-01  -6.14782978e-01
   3.99810383e-01   9.21516238e-01   2.84287103e-01  -1.92572754e+00
   2.55666881e-02  -2.40632674e+00   8.17349783e-01  -4.01397179e-01
  -4.81711312e-01  -3.21678429e-01   1.31217950e+00   8.67420402e-01
  -3.55209117e-01   1.04568130e+00  -3.92749772e-01   1.77861024e+00
   1.01692403e+00   1.72567862e+00] [  9.43438205e-01   9.56982071e-01  -4.40573953e-02  -1.21782708e+00
   2.89384719e-01  -1.08421125e+00   7.92457917e-01   1.31713611e+00
   8.49567587e-01  -1.35958297e+00  -6.34092902e-01   7.30328183e-01
   9.46009018e-03  -8.11743531e-01   3.10461232e-01  -1.39283063e+00
   1.02760993e-01  -4.17605979e-01  -3.61244194e-01   1.58481085e+00
   5.19814665e-01  -3.08009310e-01  -1.97693294e+00  -1.38475978e+00
   6.49094215e-01   2.70507583e-01   8.05519682e-01  -5.23742407e-01
   2.53262923e+00   6.74734797e-01  -3.36119617e-02   7.67385354e-02
  -1.40739578e+00   2.34736759e-01  -3.83745090e-01  -1.18902582e-01
  -6.95671958e-01  -1.08915726e+00   1.01130212e+00  -5.48585877e-01
  -9.04306058e-01   5.27091385e-01   4.23541179e-01   2.23780719e+00
  -8.76518392e-01   9.86435819e-02   1.06532738e+00   6.67205733e-01
  -5.70002076e-01   9.92936117e-01  -5.60581852e-01   1.52588644e-01
  -2.44789543e-01  -7.45551526e-01   8.22771489e-01   6.02954929e-01
   1.63449714e+00   9.47844056e-02   3.63120386e-01  -1.62654185e+00
   4.73562537e-01   1.11581788e+00   2.21523866e-01  -3.08541562e-01
   4.02897838e-01  -4.69389500e-01  -6.42812718e-02  -1.82351039e+00
  -3.43053776e-01  -1.45367511e+00  -1.75184681e+00   2.31051142e-01
  -4.43849090e-01   1.79929179e+00  -2.79925324e-01  -1.01394368e+00
  -8.22155937e-02   4.22972754e-01  -2.06921104e+00   4.85146554e-01
   5.67908536e-01   1.26126015e-01  -6.62990617e-01  -1.37927853e+00
   1.50126949e+00   7.12005135e-01   1.23983244e+00   5.27235941e-01
   3.39141773e-01  -8.29804576e-02   9.52496712e-01   5.19699078e-01
  -3.56618582e-01  -4.57181165e-01   6.27692714e-01  -2.21087027e+00
  -3.53663884e-01  -1.18629160e+00  -1.27841227e-01  -2.97279313e-01
  -1.06808934e+00   3.71477528e-01  -2.34018811e+00  -3.46316101e-01
  -4.08548767e-01   1.74790596e+00   1.33474240e+00  -1.63108368e+00
   1.69787360e+00  -6.96202689e-01   1.29152154e-01  -4.61701989e-01
  -2.32310928e-03  -1.53059371e+00  -2.00506880e+00  -3.36679016e-01
  -1.20850604e+00   1.00665016e+00  -8.09111175e-01  -1.74042505e+00
   1.25450377e+00  -1.14695108e+00   1.39646962e+00   2.32471019e+00
  -1.61677784e+00  -7.17969564e-01   7.03327324e-01  -1.29590895e+00
   7.47231398e-01   1.29256600e-01   3.96623476e-01   6.16198547e-01
  -4.30494175e-01   9.57224743e-01  -2.84611694e-01   6.84556019e-01
   9.43944255e-01  -1.67413683e+00   1.13085025e+00  -8.46084162e-01
   1.26671718e+00  -4.59252177e-01  -3.59553047e-01   2.12506703e+00
   3.79831385e-01   4.25292974e-01   9.09862288e-01   1.00484303e+00
  -1.00053159e+00  -7.77207304e-01   1.64562055e-01   2.53052920e-01
   6.91881462e-02  -1.44727402e+00  -6.36261274e-01   4.80706608e-01
  -7.04800477e-01   4.20380964e-01   3.10375545e-01   1.56937893e+00
   5.46967395e-01  -2.25773655e-01   5.83396214e-01  -2.97890313e-01
  -2.99818699e-01   2.72338354e-01   9.38255315e-01  -8.98923900e-02
   2.26677484e-01   8.53922828e-01  -3.56894529e-02   5.44791867e-01
   7.77974732e-01  -7.11016594e-01  -1.03410838e+00   2.71685916e+00
  -2.55571755e-01   1.76425105e+00   1.74699756e-01   4.07030052e-02
   4.55338924e-01   1.14807481e+00   1.93043364e-02  -1.79418645e+00
   3.81192490e-01   1.44573866e+00   1.10274796e-01   1.36149783e+00
   1.24300249e+00   1.90029171e-01   9.56271148e-01   1.28820763e+00
  -1.17687417e+00  -9.85118168e-02  -1.13805091e+00   1.21041351e+00
   8.71549380e-01   7.98131272e-01  -2.07249760e+00  -6.62081275e-01
   5.10945809e-01   1.03602983e+00  -8.37055076e-01   6.69686358e-02
   4.87446448e-01   4.95923224e-02  -9.63093654e-02  -3.26842555e-01
   7.85565036e-01  -8.77320771e-01   3.37753805e-01  -5.20260294e-02
  -3.65103513e-02  -2.24177336e+00   7.80088041e-01  -3.73425231e-01
   3.12057476e-01   4.27862226e-01   9.09418681e-01  -2.63038339e-01
  -1.24549838e-01   3.43248758e-02   1.48627724e+00   1.20571003e+00
   2.14340003e-01  -1.38133205e-01   5.92071706e-01  -2.02726026e-01
   2.97629614e-01   1.41571026e+00  -1.24203985e+00   9.60655296e-02
   3.37416501e-01   3.91230162e-01  -7.18617721e-01   7.80553042e-01
   1.17072711e+00   5.69533542e-01  -6.44443758e-01  -5.04293054e-02
  -1.14882152e+00  -3.32279938e-01   2.45429515e-01  -1.73419384e+00
  -2.19962197e+00  -2.65653761e-01  -8.73346401e-02   6.82754359e-02
   2.31445189e-01  -1.72868208e+00  -2.69959317e-01   5.01423369e-02
   4.82264872e-01  -1.72822661e+00   1.16894012e+00  -7.06692570e-01
   3.50882962e-02   1.51205233e+00   5.50998021e-02  -9.84676854e-01
   5.29212775e-01  -2.32896148e-01  -2.94278944e-01   9.05941394e-02
   1.50424590e-01  -1.10848663e+00  -1.27749891e+00   1.11992680e-01
   1.03000553e+00   2.01472346e-01   6.89475310e-01  -8.44742822e-01
   2.96803470e-01   1.07328974e-01  -1.17643657e+00   5.04101385e-01
   4.14293354e-01  -2.95558462e-01   5.15327721e-01  -4.82898819e-01
   4.69471774e-01  -5.27337841e-01   7.78186868e-01  -4.45384668e-01
   2.60568193e-01  -2.07699973e+00   2.63847516e-01  -1.61770449e-01
   3.64430702e-01   1.14543393e+00  -1.38839774e+00   8.14774341e-01
  -7.20424415e-01   1.36604356e+00   2.90150556e-01   1.25528238e+00
  -6.85569119e-01   9.95651839e-01   6.28049091e-01   2.20475371e-01
   1.21110842e+00   1.20951877e+00   1.06188769e+00   1.10017438e+00
   1.03014810e+00  -4.74183023e-01  -1.82554336e+00  -1.19508751e+00
   1.31990550e+00  -2.19574865e-01   7.57416853e-01  -2.16208404e-01
  -3.32828688e-02   2.44412868e-01  -1.31401607e+00  -2.12669303e+00
   5.35829470e-01   1.11719494e+00   6.02856537e-01   1.06741666e-01
  -7.92002913e-01   3.40427047e-01  -1.29918122e-01   1.46323922e+00
   2.97858909e-01  -1.71765178e+00   4.02006596e-01   1.13179569e+00
   8.29857244e-01   1.21907868e+00   1.27736676e+00   1.05364112e+00
  -1.43326139e+00   5.47871624e-03   4.37917978e-01   6.96906648e-02
   1.73442809e+00  -1.27430581e+00  -3.06428189e-01  -2.53384277e+00
   3.93981464e-01   9.15264327e-01   1.07262213e-01   1.00435913e+00
   1.01439321e-01   1.94767945e-01  -1.61751866e+00  -3.59389120e-01
   5.84010477e-01   5.84386434e-01  -1.03339722e+00  -1.02314528e+00
  -5.65546306e-01  -3.96796322e-01   8.47262171e-01   3.88376212e-02
  -1.89476890e-01   4.55719204e-01  -3.23168641e-01   7.93859571e-01
  -1.09752036e+00   9.50148973e-01  -1.19215426e+00   1.19249342e+00
   1.58747322e+00  -3.72030130e-01   7.20553204e-01   1.53314675e+00
  -3.76452392e-01  -2.66677144e+00   2.09504115e+00   8.15311649e-01
   1.33581169e+00   2.24991979e+00   1.51178663e+00   8.38756292e-01
   1.40369782e+00  -1.75982555e+00  -5.97727117e-01   1.12344673e+00
   7.92617101e-01   1.01025516e-01  -7.75959862e-01  -3.64736597e-01
   4.65349390e-01   1.23704747e+00   5.01005826e-01  -1.53850194e+00
   6.05805332e-02   1.14901427e+00  -6.88707286e-01  -1.11560748e+00
  -8.48410911e-01  -1.87947639e+00   1.91602760e-01   3.65989569e-01
   6.13874068e-01  -1.46053866e+00  -3.70815457e-01   1.58493679e+00
   6.68823293e-01   7.48177066e-01   6.81212622e-01   2.37547272e-01
  -6.16670971e-01  -5.39709991e-01  -1.41127031e+00  -1.41531460e+00
  -1.18861783e+00   1.56263129e+00  -1.52167580e+00  -1.11018004e+00
  -2.41747762e-01   3.95725946e-01   7.15121166e-01   5.25575127e-03
  -1.63824067e+00   8.07138767e-01  -1.90485726e-01  -1.64025239e+00
  -4.39568297e-01  -1.10704550e+00  -1.30051071e+00  -6.96762222e-01
  -9.27172811e-01  -6.23820261e-01   1.38049155e+00  -5.00609384e-01
   6.74881793e-01   2.63341493e+00  -8.62932231e-01   4.98119840e-01
  -9.11347800e-01  -9.72097067e-01  -4.21543463e-01   1.19060999e+00
   2.88960449e-01   1.01344001e+00  -1.94862962e+00  -8.68564127e-01
   1.09971737e-01   1.18272435e+00  -6.26302059e-01   1.20059353e+00
  -1.39129674e+00   1.00028350e+00   9.51284875e-01   4.95100371e-01
  -7.90955992e-01  -1.02454240e+00   3.91269877e-01  -3.52843080e-01
  -4.87090548e-02  -1.99062064e+00   1.13776441e+00  -3.96827918e-01
  -1.50274990e+00  -4.66781930e-01   5.75251593e-01   1.25094139e-01
   4.49723610e-01  -1.36412316e+00   3.59316168e-01   1.18630820e-01
  -5.22073312e-01  -1.07492900e+00  -5.49419523e-01  -1.16073206e-01
  -1.84818740e+00  -5.95201906e-01  -8.06846256e-01   1.46537936e+00
   2.87491706e-01  -1.65148888e-01  -1.72350325e-01   3.92829492e-01
   2.89893413e-01  -2.97348291e-01  -1.33468219e+00  -9.80519660e-01
  -1.44893959e+00   1.99571601e+00   6.71688588e-01  -1.63059682e-01
   1.17217836e+00   2.08064975e+00  -5.35405704e-02  -1.89568807e+00
   4.91553067e-01  -1.33158749e+00  -2.26759511e-01   4.76918469e-01
  -2.01839327e+00  -1.00017106e-01  -7.18909716e-01   7.97416198e-01
  -1.29783485e+00  -2.04646118e+00   9.80200397e-01  -7.73742313e-01
   8.59511195e-02  -5.69239679e-01]

*** Componentes principais [T] (somente originais):
[ 1.1027151   1.23192524 -0.0689017  -0.73250027 -0.21290016 -0.50315968
 -0.03257964] [ 0.18002751  1.83053934 -1.86661796 -1.16910767 -0.59298244  1.74893172
  1.83263831] [ 0.30728981  1.28257645 -0.4247435  -0.1731469   0.185411   -1.29891224
 -0.16443874] [ 0.9434382   0.95698207 -0.0440574  -1.21782708  0.28938472 -1.08421125
  0.79245792]

*** Contribuições (autovetores) [P] (idem para todos e originais) ###TABLE VI.### Percentages of the contributions from each musical characteristic on the four new main axes.

C1 [19.928486866062233, 11.906468714683704, 2.2457607890895734, 20.868042383544882, 16.493876668789202, 1.7284032223483237, 11.957073988590567, 14.871887366891507]
C2 [2.3089643269456883, 5.9843673739299428, 30.810884163305797, 7.5044375018597727, 20.443155635234728, 8.3134653969228776, 22.713917893921789, 1.9208077078793906]
C3 [10.210201861362947, 25.196499709691444, 2.9167356287450481, 10.365797808421158, 12.723491511476425, 18.644319043555512, 1.9618469698164849, 17.981107466930997]
C4 [14.435054516030387, 6.7404937195831423, 14.306586373601377, 5.6902527548560737, 3.1901670637244521, 28.809915503691709, 14.927938110768736, 11.899591957744127]
princ_orig [[ 1.1027151   0.18002751  0.30728981  0.9434382 ]
 [ 1.23192524  1.83053934  1.28257645  0.95698207]
 [-0.0689017  -1.86661796 -0.4247435  -0.0440574 ]
 [-0.73250027 -1.16910767 -0.1731469  -1.21782708]
 [-0.21290016 -0.59298244  0.185411    0.28938472]
 [-0.50315968  1.74893172 -1.29891224 -1.08421125]
 [-0.03257964  1.83263831 -0.16443874  0.79245792]]
princ [[ 1.1027151   0.18002751  0.30728981  0.9434382 ]
 [ 1.23192524  1.83053934  1.28257645  0.95698207]
 [-0.0689017  -1.86661796 -0.4247435  -0.0440574 ]
 ..., 
 [-1.32054775  0.10518887  1.77861024 -0.77374231]
 [-0.54177795 -1.28292927  1.01692403  0.08595112]
 [ 0.51353236 -0.41900302  1.72567862 -0.56923968]]

*** Oposição:
[1.0, 1.0507440645001287, 0.11442436650570922, 0.42484788117662264, 1.6185484974880211, 0.34547280813876802]

*** Inovação:
[0.0, 0.45349875255023586, 1.4817310124304903, 0.47589728340846243, 1.7132968670808852, 1.5531898320815116]

*** Dialéticas:
[3.1760426545202241, 1.9743891951995869, 0.2845717237510228, 0.055970715117742216, 0.20178826147278375]
[ 1.          0.61486354  0.07326786  0.          0.04673532]
dados [[ 0.33681235 -1.12716427 -0.89936133 ...,  0.79351843  1.25821784
   0.27208641]
 [ 1.57734392  0.66374095  2.2503751  ...,  0.62215775  0.26459534
   1.94481377]
 [ 1.07621347  0.68890502  1.14461916 ...,  1.53336002 -0.44855731
   0.69744159]
 ..., 
 [-0.22038774 -1.47141247 -0.44890974 ..., -0.24156812  1.05700857
   0.02986556]
 [-1.9906924   1.17730251  0.67379587 ..., -0.67839294 -2.23352803
  -0.27648761]
 [-0.6110528   0.86137286  0.0293576  ...,  0.54723424  1.08075089
   0.81066429]]
main_means [1.6949958230203528, 2.4861668430936583, 2.2428454790927161, 1.8577912574431097, 1.4510564580433447, 2.1861468147011434, 2.1359763836354424]
main_stds [0.82772498621224766, 0.99136151442373122, 0.95030489680637054, 0.89697984957706911, 0.71852717972915892, 0.91503659968194651, 0.95257626725103717]
eigenvalues means [-0.13404903 -0.03934967 -0.02509333 -0.0126492 ]
eigenvalues stds [ 0.00542969  0.00362584  0.00301297  0.00283277]
