
*** Dimensões da tabela de notas: (516, 8)

*** Tabela geral de notas:
[[ 3.          3.5         9.         ...,  3.5         5.          4.5       ]
 [ 8.          7.5         7.         ...,  8.          2.5         2.5       ]
 [ 1.5         2.5         9.         ...,  2.5         7.5         7.5       ]
 ..., 
 [ 7.84542386  4.35434328  7.50955207 ...,  2.61755703  6.8263167
   4.19430705]
 [ 2.6866658   3.1874481   7.4432277  ...,  3.04817582  7.91746692
   7.06953036]
 [ 5.21881612  6.50012092  2.52173685 ...,  5.60222311  3.96242184
   6.54576081]]

*** Matriz de covariância:
[[ 1.    0.22 -0.2   0.03  0.03  0.32 -0.21 -0.36]
 [ 0.22  1.   -0.5   0.21  0.06  0.62 -0.42 -0.07]
 [-0.2  -0.5   1.   -0.3   0.38 -0.28  0.27 -0.02]
 [ 0.03  0.21 -0.3   1.   -0.07  0.11  0.14  0.22]
 [ 0.03  0.06  0.38 -0.07  1.    0.19 -0.12 -0.06]
 [ 0.32  0.62 -0.28  0.11  0.19  1.   -0.46 -0.28]
 [-0.21 -0.42  0.27  0.14 -0.12 -0.46  1.    0.45]
 [-0.36 -0.07 -0.02  0.22 -0.06 -0.28  0.45  1.  ]]

*** Pearson (igual matriz covar.):

['1.0', '0.22', '-0.2', '0.03', '0.03', '0.32', '-0.21', '-0.36']
['0.22', '1.0', '-0.5', '0.21', '0.06', '0.62', '-0.42', '-0.07']
['-0.2', '-0.5', '1.0', '-0.3', '0.38', '-0.28', '0.27', '-0.02']
['0.03', '0.21', '-0.3', '1.0', '-0.07', '0.11', '0.14', '0.22']
['0.03', '0.06', '0.38', '-0.07', '1.0', '0.19', '-0.12', '-0.06']
['0.32', '0.62', '-0.28', '0.11', '0.19', '1.0', '-0.46', '-0.28']
['-0.21', '-0.42', '0.27', '0.14', '-0.12', '-0.46', '1.0', '0.45']
['-0.36', '-0.07', '-0.02', '0.22', '-0.06', '-0.28', '0.45', '1.0']

*** Autovetores (raw):
[[ 0.33  0.12  0.22  0.74  0.42  0.23  0.11  0.2 ]
 [ 0.48 -0.21 -0.25 -0.21  0.24 -0.13  0.66 -0.33]
 [-0.35  0.49 -0.25  0.13 -0.1  -0.34  0.52  0.4 ]
 [ 0.09 -0.51 -0.32  0.44 -0.63  0.07  0.1   0.13]
 [ 0.04  0.42 -0.71  0.1   0.03  0.39 -0.23 -0.32]
 [ 0.5   0.05 -0.27 -0.02  0.08 -0.61 -0.46  0.3 ]
 [-0.29 -0.45 -0.37 -0.17  0.52  0.22 -0.03  0.48]
 [-0.44 -0.23 -0.09  0.4   0.28 -0.49 -0.1  -0.5 ]]

*** Autovalores (raw):
[ 2.62  1.66  1.14  0.88  0.6   0.47  0.33  0.29]

*** Autovalores prop (raw):
[ 0.33  0.21  0.14  0.11  0.08  0.06  0.04  0.04]

*** Autovalores (var. %):
[33.0, 21.0, 14.000000000000002, 11.0, 8.0, 6.0, 4.0, 4.0]

*** Dados finais:
[[-1.27796542  2.60166988 -2.89533916 ..., -0.45086473 -2.09054713
   0.78967014]
 [ 0.79909781  1.72676002 -0.0842021  ...,  0.1219378  -0.65595232
  -1.80110089]
 [ 0.17002522 -0.80745523 -1.5362569  ..., -0.17090936 -2.01376607
   0.89332579]
 ..., 
 [-0.22867964 -0.13949428 -0.01343278 ...,  1.23086557  0.47521105
  -0.99641145]
 [ 0.31937723  0.16116602 -0.23221475 ...,  0.65902554 -0.39320562
  -0.12209722]
 [ 0.21983995 -0.01613819 -0.47974636 ...,  0.59930287 -0.43494673
  -0.91337759]]

*** Componentes principais [T] (todos):
[ -1.27796542e+00   2.60166988e+00  -2.89533916e+00   1.44462104e+00
  -1.19874327e+00   4.23728296e+00   1.26519453e+00   2.90805137e-01
  -1.20057292e+00   2.16675868e-01  -2.78281173e+00   1.74369855e+00
  -5.10321239e-01  -7.08173327e-01   1.06428631e+00  -2.79338187e+00
   2.40341162e+00  -1.84216075e+00  -1.36588565e+00  -1.68694593e+00
  -1.26317064e+00   2.88833486e+00  -7.06197465e-01  -8.20047361e-01
  -3.16001110e+00  -3.27722861e+00  -1.43631411e+00  -7.99256229e-01
  -1.08833079e+00  -1.46992139e+00  -2.38745098e+00   1.74884931e+00
  -1.14059507e+00   7.52849145e-01  -2.47646217e+00   1.52598612e+00
  -1.19037617e+00   2.52642127e+00  -8.06086209e-01  -4.91900835e-01
   1.86144518e+00   5.78101540e-02   2.42183183e+00  -1.12171582e+00
  -2.18207164e-01   2.64505059e+00  -2.07192199e+00  -3.87852733e-01
  -1.08220831e+00   2.07485214e+00   2.05003992e+00  -2.39672764e+00
   1.86322703e+00  -5.97903231e-01  -6.65597206e-01   7.99316181e-02
  -1.02782200e+00  -1.72435155e+00   9.31653939e-01  -7.15753299e-01
   2.50163153e+00   2.07142272e+00   1.56026191e+00   2.28810485e+00
   3.09868376e+00  -1.90213019e+00  -1.15363140e+00  -1.89917213e+00
  -5.26955886e-01  -8.91302297e-01  -1.51203593e+00  -9.76531563e-01
  -1.09597056e+00  -1.27262888e+00  -9.36653191e-04  -8.83650971e-02
   7.73148466e-01  -3.62057268e-03   1.53423713e+00   9.89337904e-01
   2.97436962e+00  -1.11539749e+00  -4.61731471e-01  -1.41538988e+00
   6.03063772e-01  -1.42305976e+00  -4.79349585e-01  -2.65611459e+00
   6.73891008e-01  -4.13963423e-02  -1.45265100e+00   8.85141501e-01
  -1.34956332e+00  -1.68616862e+00  -2.97738999e-01   9.64975114e-01
   1.73196908e-01   2.22675668e+00  -2.56298708e+00  -6.05459153e-01
  -4.00149598e-01  -1.13468637e+00  -2.09745909e+00   2.73932222e-01
  -1.50124300e+00  -2.66541441e+00   7.66334977e-01  -6.75317015e-01
  -1.18067899e+00  -1.85510474e+00  -2.03467413e+00  -2.32812689e+00
   2.34214523e-01   8.03911944e-01  -8.87579078e-03  -1.04250614e+00
  -9.06542329e-01   3.03462260e+00   2.97244446e+00   6.45097321e-01
  -2.60371618e+00  -3.33194534e-01  -5.84414470e-01   1.16755995e+00
   8.96330038e-01  -1.26953786e-01   1.60843765e+00   3.87915895e-01
  -2.15864567e+00   3.27689576e-01  -1.68367445e-01  -2.15566191e+00
  -9.42685162e-01   2.33325570e+00  -4.66775868e-02   1.88853199e+00
  -1.04082985e+00  -2.17457140e+00   7.54829070e-02   1.37442615e+00
  -4.87405316e-01  -2.08700172e+00   6.73758008e-01  -1.36605133e+00
   2.18748713e+00  -9.31238114e-01  -1.74899608e+00   2.43892523e+00
  -1.38372423e+00   2.34042245e+00  -2.06908858e+00  -1.34227203e+00
   2.50772436e+00   1.90555346e+00  -1.69774128e+00  -1.46503095e+00
   2.50040724e-01  -1.08485028e+00   9.24327089e-01   1.10059605e+00
   2.29603006e+00  -2.50958851e+00  -1.61283457e+00  -1.20399821e+00
  -2.06518800e+00  -7.86912977e-01  -1.32223425e+00   1.56887174e+00
   1.21102927e+00  -1.62015998e+00   2.24008643e+00  -9.32780589e-01
   1.80599482e+00  -1.09751244e+00   1.41766915e+00   1.10436936e+00
  -1.85382414e+00  -6.40275764e-01  -1.82680375e-01  -1.37943646e+00
  -8.63602183e-01  -2.89637323e+00   8.81264274e-01   2.01067247e+00
   1.92044915e+00   2.57457192e+00   8.90042387e-01   1.53556978e+00
   2.13972714e+00   2.18579916e+00   2.73481329e+00  -1.33010394e+00
   6.71105787e-01   1.19047130e+00   1.16256450e+00  -1.66370168e+00
  -8.11792374e-01  -1.49661740e+00   4.31816187e+00  -1.06483586e+00
  -2.44919469e+00  -6.58388470e-01   7.77870347e-01  -2.19915573e-01
   2.02310323e+00  -8.41791803e-01   8.27967805e-01   1.03037027e+00
   1.48744409e+00   1.26890988e+00   2.10273020e+00  -7.88414958e-01
   4.29080920e-01  -1.91053996e+00   2.46015545e+00  -4.90408361e-01
   1.85595294e+00   2.10721967e+00  -1.62265369e+00  -1.21797567e+00
  -1.21142489e+00   1.83616759e+00  -9.55407264e-01  -1.59462814e+00
   1.29154888e+00  -5.10509004e-01  -8.30605015e-01   1.20524700e+00
   3.32019673e+00   7.64955703e-01   1.70192070e+00   9.33298938e-01
   2.84804804e+00   2.88753321e+00   3.84860536e-01  -3.15230181e+00
   3.85645635e-01   1.84022840e-02   1.01465123e+00  -2.40571985e+00
  -1.61560738e+00  -2.49957570e+00  -8.04478356e-01  -1.57510333e+00
   1.62182042e-01   1.85872543e+00  -1.38554477e+00   7.72178079e-01
   2.71648308e+00  -9.14457862e-01   1.44737515e+00   8.31637907e-03
  -5.90412203e-01  -1.15595468e+00   1.17252848e+00   1.94825607e+00
   5.30497907e-01   5.80536575e-01   1.18352148e+00  -8.95803947e-02
  -5.14690981e-01  -1.06599948e+00   4.37850345e-01  -3.10434859e-01
   1.01000469e+00   1.33139175e+00  -9.17485073e-01   2.86383884e+00
   9.16408097e-01  -1.40389762e+00   1.71905537e-01  -7.06872985e-01
   2.43937410e+00   9.26693839e-01  -8.74869969e-01   6.37235656e-01
  -2.05433507e+00  -4.36135236e-01   1.06584502e-01  -1.02441774e+00
  -2.92908579e+00  -1.20069053e+00  -1.66318737e+00   3.05762154e-01
   2.27674362e+00   1.41411495e+00  -7.66648688e-01   5.87885462e-01
  -8.63030709e-01  -9.54053646e-01  -1.15215908e+00   1.28729520e+00
  -1.71322565e+00   2.96401730e-01  -1.01170973e+00  -1.84486568e+00
  -1.34624826e+00   2.16721256e+00   1.33047950e+00  -1.10674141e+00
  -1.09594004e+00   2.06942385e+00  -4.07990945e-01   1.53320824e+00
   2.43961867e+00  -4.93779882e-01  -1.32030700e+00  -2.60197101e+00
  -2.55571845e-01   1.74470628e+00  -3.74117763e-01  -5.93376098e-01
  -4.52659764e-01   9.88972050e-01  -2.45060218e+00  -1.66208332e+00
   2.00226316e+00  -1.21871399e+00   9.54208420e-01   1.49457493e+00
  -1.18382180e+00  -8.64431556e-01  -6.38318252e-01   9.27914803e-01
  -1.75999745e+00  -1.19574161e+00  -6.40759696e-01  -7.99446271e-01
  -2.01086695e+00   1.80503649e+00  -8.59250371e-01   2.40693966e+00
  -7.67305540e-01  -1.36031262e+00  -2.84672866e+00   8.75753356e-01
  -1.18250513e+00   7.55424787e-01  -1.94384943e+00  -1.21003166e+00
  -1.42519098e+00   5.44012303e-01  -1.63512893e+00   2.25779159e+00
   2.40125050e+00   2.38022900e+00   8.29004935e-01   2.54875933e+00
   1.00235733e+00   3.80348146e+00  -8.75984327e-02  -1.50623141e+00
  -1.11588700e+00   1.17892800e+00  -1.52451256e+00   2.55810702e-01
   1.20928390e+00  -1.32854663e+00  -1.01358992e-02  -1.65739594e+00
   1.12926778e+00  -8.45979647e-01  -1.03183877e-01   2.40701263e+00
  -1.20054404e+00   5.97672022e-01  -6.00691169e-01   2.91718629e+00
  -1.86767592e-01  -1.08818901e+00  -2.10000864e-01   1.77054895e+00
  -2.20417194e+00  -2.16021238e+00   2.73897087e+00   2.41018477e+00
   2.49226542e+00  -1.86996025e+00   9.37944922e-01  -7.94680333e-01
  -1.05210381e+00   4.08329709e-01  -5.69675704e-01  -5.88431987e-01
  -5.02626817e-01  -1.20983594e+00  -1.05521458e+00   1.93395121e+00
   2.14685046e+00  -3.17776758e-01   1.39116035e+00   1.34175905e+00
   1.10552807e+00  -6.49303812e-01   1.36384308e+00   1.85298400e+00
  -1.41682992e+00  -7.51362654e-01   1.67276889e-01  -1.12040367e+00
  -4.26298290e-01  -6.57473806e-01   1.25170688e+00   1.34396524e+00
  -1.38472161e+00   2.31802065e+00  -1.14462037e+00   2.29061151e+00
   1.54817300e+00   2.38531491e+00   3.28490673e-01   3.38288301e+00
   1.57849856e+00  -3.40806672e+00   1.44625804e+00  -1.50683492e+00
  -1.17856399e+00   8.61238191e-01  -1.32467992e+00  -1.70288186e+00
  -1.09521075e+00  -9.54099199e-01  -3.37520025e-01   2.70928789e+00
  -1.98294959e+00  -5.31595026e-01  -1.38128360e+00  -8.74743664e-02
  -7.79269408e-01  -9.42948076e-01  -8.86605314e-01  -7.59723556e-01
   1.76631885e+00   1.58038222e+00  -2.18568635e+00   1.57083412e+00
  -1.85428841e+00   1.79141112e+00   8.11855906e-01   1.48003734e+00
  -1.73799604e+00   3.18104636e+00   4.06091770e+00  -2.70427717e-01
  -6.49922651e-01  -2.27920078e+00   1.05759941e-02  -5.23404104e-01
   2.16052252e+00   6.95166704e-01   2.68270988e+00   2.75627013e+00
  -1.61483825e+00   1.66162949e-01   1.03158968e+00   1.70360044e+00
  -8.89241189e-01  -4.38823399e-02   8.64638908e-01   1.26044712e+00
  -1.21239865e+00  -3.33604746e-01  -1.42236072e+00  -1.52270263e+00
   5.14236835e-01   7.57136625e-01   1.05846819e+00  -2.95148948e+00
  -2.40988912e+00  -7.22819564e-01  -2.02817313e+00   1.15606491e+00
   1.25504868e+00   1.98519398e+00   6.94512395e-01  -1.60706969e+00
   2.24596705e+00   1.58266663e+00   2.06090933e+00  -5.03905338e-01
  -2.44109082e+00  -2.73633203e+00   2.26468918e+00   5.90802566e-02
  -9.21860770e-01   1.34581856e-01  -1.52598643e-01   5.37627016e-02
   2.70642649e+00  -1.31791969e+00  -1.71075777e+00  -1.13289562e+00
  -1.26445376e+00  -3.46351297e-02  -4.26671686e-01  -8.29918331e-01
  -1.92755328e+00   3.27867677e+00   1.16389866e+00  -2.57299226e+00
   1.73095481e-01  -2.09374827e+00   1.21577064e+00   1.69622253e+00
  -3.94115489e-01  -1.17414576e+00   5.56052092e-01  -6.21053391e-01
   1.50462110e+00   1.38034791e+00  -3.03081572e+00  -7.13661880e-01
   2.75430764e+00  -4.50864728e-01  -2.09054713e+00   7.89670138e-01] [  7.99097806e-01   1.72676002e+00  -8.42020968e-02   4.78771127e-01
  -5.79114217e-02  -7.73713640e-01  -2.45776433e+00  -2.39063217e+00
   1.08718597e+00  -6.45865360e-01  -6.35139947e-01  -1.59363562e+00
   6.81839056e-02   2.29284992e-01  -1.63356532e+00  -7.54569313e-01
   1.27118687e+00   1.05677781e+00   9.17608761e-01  -3.27778091e-01
   3.67042863e-01   1.42593577e+00   5.74433965e-01  -4.38387257e-01
  -4.14391630e-01  -7.33767216e-01  -5.51484529e-01  -5.01148424e-01
   9.85293855e-02  -3.70549821e-02  -4.42404730e-01   1.51363248e+00
   8.44430288e-01  -2.44900525e+00   3.66238353e-01  -1.43217097e+00
   1.49604375e+00   1.25158603e+00   3.43988587e-01  -3.53641134e+00
  -1.44111323e+00  -2.03477987e+00   1.54807861e+00   1.17616970e+00
   4.39945571e-01   1.07404175e+00  -4.35035778e-01   2.58300102e-01
   6.57065409e-01   2.02836687e+00   1.01265733e+00   8.22024700e-01
  -2.61580733e+00   8.78251306e-01   9.22433804e-02   4.47682371e-01
   1.45115965e+00  -8.39500973e-01  -7.82974821e-01   9.99598437e-01
   1.51247193e+00  -1.53009400e+00   2.68599576e+00   5.99845940e-01
  -5.50926203e-02  -2.30580753e-01  -4.21966641e-01  -8.94931194e-01
  -9.39748333e-01   9.22227851e-01   1.58319147e+00  -5.79032919e-01
  -2.09514930e-01  -3.26547177e-01   1.70369670e-01   1.84576376e+00
  -2.96789766e+00  -8.63839079e-02   1.54367794e+00  -2.94054115e+00
   1.18754475e+00   7.49959073e-01   2.23153765e-01   3.79329274e-02
  -1.29772849e+00  -1.34876361e-01   1.18323047e+00   9.72474654e-01
  -1.82628087e+00  -1.67994889e+00   3.42039598e-01  -2.52631645e+00
   8.33611027e-01   1.17277300e-01   7.73391665e-01  -1.76258976e+00
  -1.55931897e-01   2.27389793e+00  -2.82314381e-01   1.47223693e+00
   1.10338398e-01  -9.03194457e-01  -1.17351864e+00  -1.85158632e+00
  -4.03204536e-01  -1.33990224e+00  -1.42044843e+00  -4.06024845e-01
   7.08697166e-01  -1.65904414e-01   1.28353434e-01   9.26505711e-01
   1.19418685e+00   5.55968345e-01   1.35230900e+00  -2.55703120e-01
   1.26720795e+00   2.45002395e+00   1.21482400e+00   4.60674843e-01
  -9.58928947e-01   6.18142218e-01   1.47838774e+00  -1.89155649e+00
  -1.28009370e+00   7.37487103e-01   1.56325242e+00  -3.34116720e+00
  -2.76831581e-01  -1.58195452e+00   3.61396296e-01   5.52643028e-01
   1.13423266e+00   1.70247470e+00  -4.22744110e-01   2.17570183e+00
   7.87662519e-01  -7.31654015e-03   3.97035009e-01   2.05537173e+00
   6.99424043e-01  -1.84528134e-01   2.66355792e-01  -1.21046850e-01
   5.77915125e-01   3.51665576e-01  -2.06810188e-01  -1.29013574e+00
   2.24712690e-01   1.64643063e+00  -4.29086131e-01  -3.26396427e-02
   1.38629920e+00   8.05575013e-01   9.65214173e-01   1.66086098e-02
   1.89059515e-01   1.32479475e+00   7.07569432e-01  -2.44916344e+00
   1.24613064e+00  -1.18656323e+00   3.09032609e-01   7.70431796e-01
   7.92775450e-01  -2.50701022e-01   2.87245944e-01   1.00914419e+00
  -1.28275702e+00   5.10109470e-01   2.50126123e+00  -1.08681962e+00
   1.39164445e+00   1.31407396e+00  -5.04920024e-02  -2.65443670e+00
  -5.05164911e-01  -3.20977710e-01   1.22964388e-01   7.17073230e-01
  -3.31079668e-01   5.27629856e-01  -2.21843235e+00   1.55797254e+00
   3.19819742e-01   1.04819199e+00  -1.26805195e+00  -2.04283462e+00
   6.35728698e-01   1.41426492e+00   9.49168339e-01   1.58324938e-01
  -2.54255623e+00  -2.28775468e+00  -2.11241289e+00   1.52395682e+00
  -1.55889379e-01   3.82972534e-01  -5.53101502e-01   1.78946799e-01
  -3.99292428e-01  -1.71009747e-01  -3.14342795e-01   5.89175112e-01
   1.12793585e-01  -1.35673250e+00  -1.40499125e+00   7.23312392e-01
   1.75863353e+00  -1.05507562e+00  -1.29312824e+00   1.07523532e-01
  -2.25027953e+00  -2.31034887e-01   2.57056601e+00   4.50457335e-02
   1.01180036e+00   1.42389796e+00  -6.55937028e-01  -5.04015985e-01
   2.16729943e-01  -1.16181724e+00   1.05331803e+00   2.65487483e-01
  -1.89232214e+00  -8.01912785e-01   2.21056146e-01  -2.07953149e+00
  -5.07954878e-01  -2.20310759e+00   2.04827146e+00   2.27588446e+00
  -2.34410670e-01   1.36187121e+00  -1.22330513e+00   4.58691853e-02
  -5.47637200e-01  -1.11414530e+00  -5.53941115e-01  -7.28546158e-01
   7.52379624e-01  -3.56657613e-01  -3.62084947e-01   8.78764112e-01
  -1.80714468e+00   1.63751860e+00  -2.51578304e-01   5.23320075e-01
   1.03610587e+00   9.12622166e-01  -2.24204660e+00   2.43739077e-01
   1.94243580e-01   6.78561518e-01   1.10965144e+00   5.53081922e-01
  -1.73217529e+00  -2.47196199e+00  -2.44972583e+00  -2.20585431e+00
   8.27617658e-01  -4.94343977e-01   1.17736056e+00  -4.08449368e-01
   1.09072194e-01  -1.66060593e+00  -8.15529509e-01   1.56135675e+00
  -2.53758642e+00  -1.08077928e+00   1.38955640e+00  -2.81925035e-01
   1.79931229e+00  -2.41305764e+00   5.28211416e-01  -2.70868914e+00
  -2.88313877e-01   6.00325471e-01   3.97978430e-01   9.27311695e-01
  -2.55348985e-01   7.46665493e-02  -7.11375231e-01  -1.11068217e+00
   2.35678822e+00   1.38348522e+00   1.79924059e-02  -2.07154449e+00
   9.53470486e-01  -2.13223295e-01   4.89648705e-01  -2.16537632e+00
  -5.15979882e-01   3.98014711e-01  -3.42548077e-01  -7.03032119e-01
   3.64696543e-01  -1.21253572e+00   3.66463107e-01   1.16004661e+00
   4.15940133e-02   1.06900298e+00   4.66667116e-01  -1.96035889e+00
  -9.72028385e-01   8.34555830e-01   7.67074184e-01  -3.33662625e-02
  -2.88137156e+00   6.96302511e-01  -1.58258127e-01   4.96127371e-01
   9.68124547e-02  -1.82225062e+00   3.84579529e-01  -6.05049867e-02
   4.05222593e-01   8.62100518e-01  -1.88613225e+00  -9.80229229e-01
  -5.88597789e-01   1.54708037e+00  -2.72787806e-01  -1.09390298e+00
   1.62667178e-01  -7.30413215e-01   1.54439398e+00   5.62903522e-01
  -5.12758168e-01   1.63549659e+00   7.78672953e-01   1.38045888e+00
   5.25060619e-01   2.44735173e+00  -4.11890086e-01  -2.30379252e+00
   9.04906786e-01  -6.13770722e-01  -9.40271478e-01   2.43753410e-01
   1.14827432e+00  -1.37205020e+00   2.39099931e-01   2.03593639e+00
   1.76839649e+00   1.55583003e+00  -1.50632916e+00   1.51842481e+00
  -2.10501795e+00  -1.13243072e+00  -8.29207265e-01  -1.83643118e-01
   1.06955855e+00   9.56348076e-01   9.48861268e-01  -1.80527994e+00
   1.63424244e+00   5.16345009e-01  -7.80961675e-01  -7.12368333e-01
   5.93178190e-01  -2.67668193e-01   1.03905566e+00   9.81429587e-01
   1.64939013e-01  -2.51055363e+00   1.40939143e+00   1.05350742e+00
  -3.80340482e-01   8.93937403e-01   1.62185075e-01   1.50804589e+00
  -4.72512521e-01  -2.24843846e-01   1.92243878e+00   3.05729624e-01
   2.10786432e+00   1.90576267e+00  -2.91117475e+00  -2.43802046e-01
   2.11971364e+00  -1.77326533e+00   1.59284906e+00   2.13916121e+00
  -1.22432024e+00   5.88729718e-02  -1.92341431e-01   1.92551387e+00
   4.91277345e-01   7.14786404e-01  -2.23894092e+00  -1.62383745e+00
   1.72562975e+00   7.52480553e-01   5.91248173e-01   9.82978534e-01
   1.78556053e-01   6.16169411e-01  -1.95278568e+00  -1.03826131e+00
  -3.21305321e-01  -5.81934464e-01   1.05842079e+00  -2.17281722e+00
   6.13929483e-02   1.29055532e+00   4.53884021e-01  -5.22911684e-01
  -2.38721574e+00   1.88327759e+00   1.61305351e-01   1.79341945e-01
   2.03400061e+00  -4.43847676e-01   1.40756172e+00   9.22887595e-01
   1.91327471e-01  -1.91830304e+00  -6.25985093e-01  -3.66784282e-01
   1.56169892e+00  -8.08145487e-01   1.19008426e-01   1.51910831e+00
   7.49240298e-01  -4.91872537e-01  -1.86437074e-01   2.05370594e-01
   2.14297670e-01   1.23893928e+00  -1.22648084e-01   8.72585244e-01
  -1.93633461e+00  -1.49681115e+00   2.33404202e-01  -1.45944376e+00
  -4.39606030e-01   1.29388770e+00  -1.38136536e+00  -2.47139286e+00
   1.05666728e+00   1.44676296e+00  -3.33306963e-01   1.80555394e-01
  -1.23828627e-01   5.54784343e-01   8.50561027e-01  -2.75536056e-01
   4.71510217e-01   3.05263440e-01   1.34547351e+00   1.92095050e+00
  -5.69570263e-01   1.31089864e+00  -7.08646724e-01  -1.85419387e+00
  -3.23298945e-01  -6.97402331e-01   8.40587856e-01   1.21981970e+00
  -7.62544179e-01   5.86126414e-01   3.75904031e-01   2.11948311e+00
  -2.44941501e+00  -2.51962475e+00  -2.26080120e+00   2.26110013e-01
  -6.72623364e-03   2.97233093e-01  -4.95541647e-01   8.47764485e-01
   5.29116402e-01   9.93929506e-01   2.45707994e+00  -5.81705280e-01
   2.54628167e+00  -2.59254393e+00   1.86941148e+00   3.92623211e-01
  -7.81640007e-02  -7.29464824e-01   9.37472614e-01   1.45515277e+00
   2.62025241e-02  -1.75216672e-01   1.77891532e+00  -1.50863927e+00
   1.82056445e+00   6.46242284e-02   6.53008260e-04   5.24180330e-01
  -2.44612076e-02  -2.28032929e+00   4.89483514e-01   8.60970962e-01
   6.64653513e-01  -1.23992399e+00  -1.80396460e+00  -9.43307246e-02
  -1.96946640e+00   1.89925109e-01  -2.76300212e+00   1.30169759e+00
  -8.20602502e-01   2.52270590e-01  -1.72465075e+00   6.35848277e-01
  -2.58113286e+00  -2.31172839e+00  -5.86862005e-01   3.85952286e-01
   1.31187160e+00   1.21937803e-01  -6.55952320e-01  -1.80110089e+00] [  1.70025224e-01  -8.07455235e-01  -1.53625690e+00   3.46250922e+00
  -3.45434358e-02   6.14165915e-02   5.25111311e-01   7.92175969e-01
  -1.13790538e-01   2.24613954e-04  -2.76738494e+00  -4.21016800e-01
  -5.52983708e-01  -4.63878303e-01  -3.11985093e-01  -6.71576946e-01
  -5.40680176e-01   7.99003981e-01   5.66802614e-01  -9.01084655e-01
   3.34752102e-01  -1.60837066e+00  -1.93191119e-01  -6.39137002e-01
  -1.79217590e+00  -1.38850850e+00   6.67106464e-01   2.25034996e-01
   1.80652660e-01  -2.60887764e-01  -2.19744651e+00  -1.02293818e+00
   2.29643680e-01   8.22509929e-01  -9.40579639e-01   7.27959455e-01
   9.84742307e-01  -1.39153847e+00  -6.45380501e-03   1.95753706e-01
  -1.16088011e+00   1.19576939e+00  -5.73437177e-01  -5.10644147e-01
   2.57005228e-01  -7.70095869e-01  -1.68282313e-01   2.51916848e-01
  -1.88264226e-01  -7.23733123e-01  -3.87910646e-01   2.38157034e-01
   4.93183677e-01   2.13293523e-01   2.94175067e-01   3.03707340e-01
   3.90212582e-01   7.23141230e-01  -6.40749490e-01  -2.86913216e-01
  -1.01050684e+00   7.94250079e-01  -4.14753632e-01  -4.69940512e-01
  -1.47937958e+00   5.21820033e-02   3.66723281e-01   3.74663593e-01
  -3.66852085e-01   7.88917959e-01   3.63678974e-01  -8.62075470e-02
  -9.78737256e-01  -6.08199301e-01  -2.14936547e-01   6.32381743e-01
   4.63212899e-01   3.10437223e-01  -1.10753776e+00   2.13577027e-01
  -9.87655824e-01  -9.49976499e-01   5.98584158e-01   3.78178702e-02
  -4.12361491e-01   2.63735989e-01   1.52703840e+00  -1.48122231e+00
  -7.59518801e-01   6.34568198e-01  -1.55255505e-01  -9.11281222e-01
  -2.07580518e+00   1.54836559e+00  -1.96350597e-01   7.60610039e-01
   3.09613761e+00  -9.13255537e-01  -6.33860399e-01   5.45699945e-01
  -5.28637674e-01  -1.06723379e-01  -1.83600670e+00   3.86409256e-01
   6.48315079e-01  -1.51971738e+00   2.01205080e+00  -5.19408236e-01
  -1.33902815e-01   4.27102143e-01  -2.67599494e+00  -1.76984333e-01
  -2.90663484e-01   3.08042728e+00  -3.81196207e-01   3.73815995e-01
  -4.00770782e-01  -6.43252792e-01  -1.50635123e+00   3.33776268e+00
  -1.94683445e+00   5.91141412e-01   2.26517327e+00   8.43876423e-01
   1.87655187e-01  -6.65484808e-01   4.29858920e-01   7.42527000e-01
  -2.37208393e+00   9.42308422e-01   7.84432586e-01   2.35959128e-01
  -2.56936758e-01  -6.39782539e-01   7.86918955e-02   6.26011377e-01
   5.19189966e-02  -8.80008677e-01   2.58963966e-02  -4.02437206e-01
  -3.85589861e-01  -1.33289351e+00   2.32118560e+00   1.11289869e+00
  -7.27907549e-01   6.81143122e-01  -1.40491955e+00   4.30201913e-01
  -8.61775957e-02  -5.08737502e-01  -3.42440257e-01  -4.17793054e-01
  -1.42211088e+00  -1.27022596e-01   2.03836171e-01  -1.66186774e+00
  -3.96609646e-01   1.16678386e+00   3.82723737e+00   1.78275108e-01
  -1.41701642e+00  -1.06329545e+00  -8.13338507e-01   1.01013064e+00
   2.09330074e-01  -1.62149478e-03   1.63036315e-01  -1.67174155e-01
   1.26198797e+00   4.08689653e-01  -1.28031502e+00  -1.99887736e-01
  -2.53245548e-01   7.21971108e-01  -7.37197733e-01   5.82093419e-01
  -2.31320526e-01  -6.39869922e-01   6.10451460e-01   1.25914696e+00
   8.12014732e-02  -1.34380483e+00  -1.70504289e-02  -1.45001682e+00
  -3.59656592e-01  -1.24208198e+00   1.10504114e-02   5.11642598e-01
  -1.26090215e+00  -7.81439170e-02  -1.08909714e+00   1.35578496e+00
  -4.81559839e-01  -4.95910875e-01   4.50688990e-01  -1.99181372e-01
   1.33579591e+00  -8.53094125e-01   9.17740054e-02   6.87789046e-01
  -2.05127651e+00  -5.81301567e-01   2.85808886e+00   1.71668185e+00
  -1.54818278e+00   1.04527375e+00   4.93465094e-01   2.69326495e+00
  -8.15600253e-01   7.04665923e-01   1.41729336e+00  -1.14580203e+00
   5.43254626e-01   1.15878051e+00  -7.83992875e-01   8.97378104e-01
  -1.98061369e+00  -7.83843021e-01   2.57243832e-01   6.32131692e-01
   5.24886741e-01   3.96186066e-01   7.79707462e-01   7.22255416e-01
  -5.47755726e-01   4.83883941e-01  -2.19477751e-01   3.04072276e-01
  -4.54222104e-01  -9.95542528e-01  -1.00609934e+00   1.31436597e-01
  -5.90582065e-01   8.24120201e-02   4.25372718e-01  -8.70227509e-01
   2.43712293e+00  -1.22481498e+00   9.99795056e-02  -2.50518260e+00
  -9.80684414e-02  -1.23933427e+00  -1.64194044e-01  -2.77192805e-01
   7.19195827e-01  -7.10245578e-01   1.08559177e+00   2.50638186e+00
  -9.06016114e-01  -2.58020344e-01   1.63155410e-01  -5.21288437e-01
  -3.60474742e-01  -4.61846086e-01  -6.94397493e-01  -1.34016634e+00
   7.00274026e-01  -6.24562629e-01  -5.76001004e-01   4.72089016e-01
   1.07828104e-01   6.81079002e-01  -1.51000292e-01   4.32676186e-01
   2.44090739e+00   8.37008618e-01  -4.56416642e-01  -5.85957160e-01
   3.99702158e-01   2.53834494e-01   1.20239514e+00   4.45228778e-02
  -5.84488878e-01  -3.02736490e-01  -1.36239610e-01   4.28421520e-01
  -1.12858064e-01   3.95345965e-01   3.06194844e+00  -1.39883844e-01
  -1.76067507e+00   1.67336388e-01  -6.43313290e-01  -1.18853016e+00
  -1.22804358e+00  -9.94532242e-02   3.18119998e-02   5.17845900e-01
   1.36560921e+00  -1.25778776e-01  -2.23012882e-01  -6.96739126e-01
   8.14801908e-01   1.82345901e-01   2.82330195e-01   5.14737255e-01
   4.48429222e-01   6.67616456e-01   3.35989426e+00  -6.98055082e-02
  -8.36195231e-01   1.84130233e-01  -8.94784576e-01  -3.05392770e-02
   2.96836626e-01   1.13107167e-02  -3.84890188e-01  -1.76594622e+00
   4.34466463e-01  -2.12604518e+00  -2.35741629e-01   1.12711408e+00
   4.96344580e-01  -3.28066955e-01  -2.11578827e+00   3.19011440e-01
  -6.29042143e-01   7.88944610e-01  -6.68648810e-01  -1.28520612e+00
  -1.39088361e+00   1.10455312e+00   2.58483230e-01  -1.58718172e-01
  -1.46276962e+00   7.20937289e-01  -4.99115867e-02  -4.94450191e-02
   5.29602566e-01  -5.36352882e-01   1.30043545e+00   2.84609397e-01
   4.76359791e-01   8.76152843e-01  -2.99114718e-02   1.68617827e-01
   1.22103696e+00   1.03079748e+00  -1.50548043e+00  -1.46604133e+00
   2.22672055e-01   6.11416821e-01   1.29900679e+00   4.28566633e-01
  -1.04660257e+00   3.16825578e-01  -2.11274459e-01  -2.49920171e-01
   1.90865507e-01   9.61250716e-01   3.01978828e-01   2.45927502e-01
  -8.09335990e-02   2.96590576e+00   4.53479220e-01   9.19410254e-02
  -7.34249744e-01   3.65546695e-01   9.10980377e-01  -2.30081904e-01
   2.50149206e+00   2.49353872e-01   2.89768269e-01  -5.41588148e-01
   4.26801822e-01  -3.10018309e-01  -3.11132037e-01  -4.08039047e-01
   2.89667538e-01   2.73320802e-01   1.14507038e+00  -1.11969296e+00
  -1.15515734e+00  -1.99059854e+00  -5.29418509e-01  -1.11565562e-01
  -3.83809756e-01   3.98580610e-01   2.20830606e-01  -2.02614728e-03
   9.63080440e-01   4.79140809e-01   6.55967160e-01   1.52069113e-01
  -3.38947058e-01  -2.55860899e-01   4.19568281e-01  -1.59723789e+00
  -8.00597570e-01   4.00326150e-02  -2.71100886e-01   1.44490598e+00
   5.54406400e-02   1.20443204e+00   3.48484875e+00  -9.56011761e-01
   8.11005230e-01  -4.94460430e-01   8.69493789e-01   6.68803118e-01
   4.18199060e-02  -2.48437434e-01   3.35809733e+00   6.43601252e-01
  -6.79961243e-02  -6.48588978e-01   3.17178042e-01  -4.91326879e-02
   2.93678089e-01  -1.62604392e+00  -1.49866351e-01  -3.36563302e-01
  -5.17834217e-02  -1.41166094e+00  -5.70314335e-01   1.03797482e+00
   4.83178600e-01   1.01380595e+00  -5.86152355e-01  -1.59115591e+00
   8.13139133e-01   4.10535831e-01  -9.03155889e-02  -8.87512100e-01
  -7.66561578e-02   2.58760435e-01   7.01579482e-01   3.63220952e-01
   5.26859387e-01   1.05820341e+00   5.32488581e-01   7.64577286e-02
   5.55463928e-01   1.33185996e+00  -3.25766593e-01   7.44414863e-01
  -1.67766149e+00  -1.43072025e+00   8.96808135e-01   2.61094869e-01
   1.23759927e+00  -7.06170997e-01  -2.33294559e-01   4.73378660e-02
  -2.43958495e-01  -1.70600026e+00   4.39162040e-01  -6.46835132e-01
  -1.75450031e-01  -1.58656762e-02  -8.41073695e-01  -1.08566289e+00
   4.95440571e-01   5.76158890e-01   1.11913055e+00  -6.91413407e-01
  -3.44728559e-01   9.97863835e-01   3.10502008e+00  -7.57804024e-02
   4.73352583e-02  -7.99744951e-01   2.44574112e-01   6.50301634e-01
   4.70211637e-01  -4.94078517e-01  -6.59777869e-01  -8.90408700e-01
  -6.75559501e-01   2.43783912e-01  -1.49976541e+00   3.69564695e+00
   2.90874212e+00  -1.39451276e-01   5.69608947e-01  -2.01313304e+00
  -2.39577259e-01  -4.19620114e-01  -1.56989116e+00   2.79401392e-02
  -8.42761531e-01  -5.95848350e-01  -1.02752464e+00   3.07197715e-01
  -1.18598419e+00   2.38940868e+00   1.21134965e+00   5.85908563e-02
  -1.03233928e+00   4.37318482e-01  -1.14888163e+00  -7.77431662e-01
  -9.29983853e-01   9.95567838e-01   5.51526651e-01   6.04489080e-01
  -1.34064812e-01   6.37416705e-01   4.41115470e-01  -6.27264111e-01
   8.27661888e-01  -1.62411226e+00   2.71137089e-01  -9.42972391e-01
  -6.24921188e-01  -2.49053575e-01   1.40056520e+00  -5.76811338e-01
   7.11073250e-01   3.87878864e-04  -1.39321088e+00   8.42233243e-01
  -1.56408332e-01  -1.70909358e-01  -2.01376607e+00   8.93325791e-01] [ -8.88847651e-01   3.12914319e-01  -2.70549888e-01  -6.38173844e-02
   8.44920115e-01   4.28055053e-01   2.03443513e-01  -3.76913449e-01
  -5.34310638e-01   7.15754569e-01   6.53729071e-01   5.52650901e-01
   7.95887431e-01   7.45949988e-01   6.32913104e-01  -9.13454918e-02
  -5.67283744e-01  -1.45157722e+00  -1.74340894e+00   9.88105390e-01
   2.57943106e-01  -6.84359361e-01   1.02078242e+00   1.44116630e+00
  -6.19456988e-01  -3.88225009e-01   6.86575233e-01   3.95563788e-01
  -2.12264942e-01   1.95631298e+00  -2.15660435e-01   5.78252928e-01
  -1.20929610e+00  -8.09765037e-01   5.45069976e-02   2.32316707e-01
  -1.14409234e+00   7.26011416e-01   1.17880612e+00  -7.57867728e-01
   6.62172468e-01   1.34343705e-01   6.96852089e-01  -1.34502191e+00
   2.11130843e-01   1.69283786e-01   9.07549162e-01  -1.95375399e+00
  -1.00962763e+00   3.21191071e-01   9.73178586e-01  -8.89420550e-01
  -5.96525770e-02  -3.86555677e-01  -2.45866611e-01  -1.57422253e+00
  -1.03384072e+00   6.98372181e-01   3.70492455e-01  -4.78588883e-01
  -4.68860835e-01   6.59540623e-01  -1.02679699e+00   1.58433725e-01
   3.15766478e-01   2.06857689e-01   1.51783281e+00   1.70628543e+00
   9.33999971e-01  -1.10306784e+00  -1.43980816e+00   8.88272750e-01
   6.78138793e-01   1.34421925e+00  -9.57046594e-01  -8.15252948e-01
   1.56031449e-03  -1.56451198e+00   7.19905400e-01  -2.12335362e-01
  -8.73296013e-02  -1.43768248e+00   1.15747422e+00  -6.01535952e-01
  -5.00095019e-01   7.81615426e-01   8.49697788e-02   6.84977519e-01
  -4.17479743e-01   1.42735321e-02  -1.28637936e+00   2.26754371e-01
  -9.63935044e-02  -3.00196784e-01  -4.41017693e-01   4.00591612e-02
  -5.32809026e-01   1.04540392e+00  -8.79550168e-01  -1.02111449e+00
  -9.14869507e-01  -8.20268303e-01   1.13136062e+00   8.15832712e-01
   1.28515580e+00  -4.84231215e-01   2.42421147e-01   3.29375463e-01
   7.38619262e-02   2.09794593e-01  -5.03431465e-02  -6.74258217e-01
  -7.02463049e-02  -2.20467687e-01  -1.26972199e+00   5.55582401e-01
  -9.75606123e-01  -1.42170826e-01   9.33775794e-01  -8.28340437e-01
   2.10597114e-01  -1.12243712e-01  -8.28529350e-01  -1.27649772e+00
  -2.08755539e-01   6.71236230e-02   8.03431785e-01   1.89476223e-01
   1.61920390e-01  -9.20031051e-01   5.76989693e-01  -4.57231288e-01
   7.49354217e-01   4.85175737e-01  -1.07486012e-01   1.03253673e-01
  -6.65640089e-01   1.08626232e+00   2.59169102e-01   6.18024592e-02
   8.69497134e-01  -4.91154384e-02  -5.85596428e-01  -5.95926245e-01
   5.02098237e-01  -1.76911186e+00  -3.61176299e-01   1.07955850e+00
  -7.12972716e-01   1.01922002e-01   4.70629291e-01  -4.86466623e-01
   9.39517332e-02  -1.49410175e-01  -1.45382592e+00   9.66243660e-02
   5.35001630e-01  -1.16788970e+00  -1.07857569e+00   6.40650625e-01
   4.27678353e-02   7.69680790e-02   1.95253728e+00  -1.73864768e+00
   1.93370109e+00  -1.07621928e+00   9.16071595e-01   9.89888431e-01
  -1.73046125e-01  -5.80023734e-02   7.47993559e-02   9.67447467e-01
  -2.99231214e-01  -1.98844487e+00  -2.57134621e-01  -1.15999871e-01
  -1.21669421e+00   1.54000914e+00  -1.86046436e+00   6.89951832e-01
  -2.61503536e-01  -2.13516568e-01  -7.12511930e-01   2.71747923e-01
   5.71329810e-01   7.52210135e-01  -5.12467531e-01   1.42921610e-01
   3.32767442e-01  -4.85900295e-01   1.26162190e+00   7.09152528e-01
  -5.86489602e-01   4.04758321e-01  -6.54900554e-01  -1.37093516e+00
  -9.73966238e-01   2.34972379e-01   1.02931271e+00  -3.62692753e-01
   1.79497091e-01   1.04793381e+00   6.16578608e-01   1.00315366e+00
   4.94763769e-01   9.66715617e-01  -4.50105752e-01  -9.73237659e-02
   5.71784032e-01   5.45544561e-01  -1.35585924e-02  -7.91062282e-01
   6.92443003e-01  -1.24521279e+00   2.63686573e-01   6.26052167e-01
   2.57158532e-01   1.37523446e-01   1.21974927e+00  -1.75777081e-01
  -9.43365909e-01   7.50636787e-01  -9.41267114e-01  -3.15434494e-01
   4.02171327e-01  -5.96487015e-02   6.80775509e-01  -6.99605374e-01
   2.28658837e-01  -1.16749464e-01  -8.41560852e-01   3.98362714e-01
  -8.76316021e-02   7.70033890e-01   2.00333714e-01  -2.48621131e-01
   9.92898120e-01   1.62068720e+00   7.12457316e-01   6.82375837e-02
   1.47540338e+00  -3.91986339e-01   6.51123126e-01  -1.03747676e+00
   6.78962115e-01   8.30011909e-01   2.12658312e-01  -5.23137123e-01
   1.23744140e+00   3.05933047e-01   4.95686732e-01   6.05989631e-01
   1.63972630e+00  -5.76528156e-01   1.19987006e+00  -2.65383771e-01
   5.91750815e-01   1.16138467e+00   8.34031588e-01   9.31864446e-02
  -4.46659163e-01  -1.43444355e-01  -1.07334870e+00   1.05608197e+00
  -1.01663466e-01  -1.10592865e+00   9.66526732e-01  -1.30076928e-02
   1.69643524e+00   7.37837496e-01   3.81651592e-01   6.18061456e-02
   8.85373776e-01  -8.35397470e-01  -3.23972046e-02   2.69630331e-01
  -1.14917753e+00  -1.33171046e+00  -8.25062074e-02  -1.90191520e+00
   1.23854753e-01  -1.19727092e+00   3.83841387e-02  -5.02672585e-02
  -1.24363866e-01  -3.09776890e-01   4.29784173e-01   9.16411301e-02
  -8.06307942e-01   8.80600252e-01  -7.97838770e-01   9.00547836e-02
   1.26440874e+00  -6.65201222e-01   1.18181532e+00  -9.03549939e-01
  -6.52951655e-01   5.64313208e-02  -1.05476727e+00  -7.23867130e-01
   4.81568449e-01  -2.24137621e-01   6.01470149e-01   4.37893261e-02
  -8.79570909e-01  -2.90958912e-01  -1.61171363e+00   1.98197410e-01
  -7.29907084e-01   8.34212982e-01   1.26794959e-01  -4.33208883e-01
   1.56712142e+00  -5.47367029e-01   3.14361282e-01  -1.74440559e-02
   1.74939388e-01  -1.17448355e+00   1.17355264e-01  -1.02460335e+00
   2.38774261e+00  -1.99353136e-01  -5.30758380e-01   1.77534293e-01
  -2.54400864e-01  -5.08091011e-01  -2.01367162e+00  -1.15434573e+00
   1.00490113e+00   4.78448251e-01  -1.80558368e+00  -1.05502074e-01
   1.17909666e+00  -5.50075328e-01  -1.09930446e+00  -9.96478817e-02
   6.65623622e-01  -9.85542897e-01  -4.10394651e-01  -9.96907874e-01
  -1.68095390e+00  -2.24424081e-01   6.85602991e-01   2.41095626e-01
   3.05215901e-01  -6.22508417e-01   3.50199717e-01   3.39364635e-02
  -3.80495779e-01  -1.12766894e-01   3.82112303e-02  -6.50183072e-01
  -1.83297316e+00   3.86047524e-01  -1.71343712e+00   7.40982410e-03
  -2.36387406e-02   4.50192484e-01   2.31075336e+00   1.48778744e+00
   6.18363928e-02   2.04441758e+00  -8.51222719e-01  -1.45551035e-01
  -7.65662970e-01  -7.25439482e-02   3.66932444e-01   3.11655647e-01
   7.72808780e-01  -1.49698767e+00   5.05014002e-02   2.75395830e-01
   1.65285286e-01   1.64247038e-01   7.96516413e-01   9.42182079e-01
   1.83759355e-01  -1.34940955e+00  -8.97289552e-03  -6.69807029e-02
  -1.16820605e+00   3.47303700e-01  -9.45362852e-01   1.73893102e-01
   1.00662279e+00  -4.78974976e-01   7.66428924e-01   1.87875637e-01
   9.83099849e-02  -1.43065626e+00   5.69137979e-01   9.72875777e-02
  -1.13557502e-01   2.50238422e-01   1.57725882e-01  -6.81695727e-01
   8.77786508e-01   9.72676182e-02   6.14223831e-01   1.24685870e+00
   1.06098947e-01   1.33073547e+00  -8.54004426e-01   1.32353341e-02
   5.71941586e-01   1.18157629e+00  -7.37834330e-01   6.19980166e-01
  -2.28872010e-01   1.49308463e-01   5.65734994e-01  -2.43814262e-01
   7.94389920e-01   9.61237485e-02   3.76451495e-01   7.47516119e-02
  -8.84337957e-01   1.19395199e-01  -6.45736410e-01   8.20352544e-01
  -1.01244779e+00  -6.15514829e-01   1.57131400e+00   3.38067245e-03
  -2.04047432e+00   4.41222185e-02  -1.41942860e+00   7.26523078e-03
  -1.28987575e+00  -7.36955011e-01  -1.01040097e+00  -7.32494459e-01
  -6.84627901e-01  -2.17341815e-01  -1.68983176e-01   5.97950379e-02
  -2.22086239e-01   1.15419685e+00   1.57266467e-01   3.46641693e-02
  -1.54154195e+00   1.06757322e+00   6.22983179e-02   7.31251565e-01
  -1.12978670e+00  -8.08621196e-02   1.10097648e+00  -2.47860301e-01
   3.13497904e-01  -2.73261412e-01   2.78475655e-01   5.56150679e-01
   1.26051324e+00  -9.44730673e-01   5.54827127e-01   2.32633922e-01
   3.68870292e-01   9.30029632e-01  -9.49209723e-01   2.13011332e-01
   4.66246915e-01   5.25022999e-01  -1.50323097e+00  -1.05618162e+00
  -2.24626640e-01  -3.90305020e-01   3.56137354e-01  -3.46099333e-01
  -1.14162626e+00  -8.24046384e-01  -3.67699362e-01  -3.93772395e-01
  -1.82860690e+00  -7.36530931e-02  -1.08348429e+00   8.24635153e-02
   1.08897213e-01   5.92192300e-01  -7.07966590e-01   7.11512996e-02
  -1.75610503e-01   4.19376593e-01  -8.94486412e-02  -1.25362810e+00
   1.07073855e+00   1.08105073e-01  -6.29401892e-01   9.46028130e-01
   6.22008129e-01   9.75102756e-01  -8.05932363e-01   1.46316228e+00
   2.06693505e-01  -4.12711077e-01   1.64024939e+00  -1.29160184e+00
  -9.29400993e-01   8.88827434e-01   1.20526520e+00  -5.99275416e-01
   1.21589374e+00   4.95801972e-01   8.52943449e-01   5.64776510e-01
   5.37118933e-01   1.33626799e+00   1.21523335e-01  -7.05296563e-01
   1.32650177e+00   5.24698517e-01  -5.82114358e-01  -9.96984743e-01
  -2.05899595e-01   8.24882445e-01   2.58567660e-01   2.62302982e-01]

*** Componentes principais [T] (somente originais):
[-1.27796542  2.60166988 -2.89533916  1.44462104 -1.19874327  4.23728296
  1.26519453] [ 0.79909781  1.72676002 -0.0842021   0.47877113 -0.05791142 -0.77371364
 -2.45776433] [ 0.17002522 -0.80745523 -1.5362569   3.46250922 -0.03454344  0.06141659
  0.52511131] [-0.88884765  0.31291432 -0.27054989 -0.06381738  0.84492011  0.42805505
  0.20344351]


*** Para cluster:
[[-1.27796542  0.79909781  0.17002522 -0.88884765]
 [ 2.60166988  1.72676002 -0.80745523  0.31291432]
 [-2.89533916 -0.0842021  -1.5362569  -0.27054989]
 [ 1.44462104  0.47877113  3.46250922 -0.06381738]
 [-1.19874327 -0.05791142 -0.03454344  0.84492011]
 [ 4.23728296 -0.77371364  0.06141659  0.42805505]
 [ 1.26519453 -2.45776433  0.52511131  0.20344351]]


ou...
[[-1.27796542  0.79909781  0.17002522 -0.88884765]
 [ 2.60166988  1.72676002 -0.80745523  0.31291432]
 [-2.89533916 -0.0842021  -1.5362569  -0.27054989]
 ..., 
 [-0.45086473  0.1219378  -0.17090936  0.82488245]
 [-2.09054713 -0.65595232 -2.01376607  0.25856766]
 [ 0.78967014 -1.80110089  0.89332579  0.26230298]]

*** Contribuições (autovetores) [P] (idem para todos e originais)

C1 [13.194477704770339, 19.183851108205658, 13.904088910693529, 3.5030091598486024, 1.5854698301038799, 19.701456082933717, 11.40901698746749, 17.518630215976792]
C2 [4.9860462682804103, 8.2574445427329604, 19.647150900673775, 20.615872218440874, 16.933525080708758, 1.9873068535161413, 18.171515454280737, 9.4011386813663496]
C3 [8.9144759978812473, 10.161099686210044, 10.214300855022302, 12.961491858205243, 28.375487120026214, 10.681321712551865, 14.949917819190558, 3.74190495091251]
C4 [33.357290991303543, 9.6960542249933095, 5.8707554064044567, 19.727184056931563, 4.7343131756577188, 0.84592618490889548, 7.5701592290325443, 18.198316730767967]

*** Oposição:
[1.0, 0.87204608505675962, 0.90044941212710738, 0.59424120567138072, 1.2518494327091463, 0.35082227095276658]

*** Inovação:
[0.0, 1.0095756467852288, 2.0565309337044617, 1.2711936607313825, 2.6784684116948236, 2.2526672367036715]

*** Dialéticas:
[0.0, 10.575785011452076, 0.0, 11.095611230970292, 0.0]
dados [[ 0.40680867 -0.21835618 -1.96074074 ...,  1.03234279  0.63402285
  -1.57194948]
 [-2.31777567  0.41468758 -1.22374674 ..., -0.01394815 -0.13963759
   0.49613681]
 [-0.12208575 -0.4895404   1.13719345 ...,  0.3404463  -1.2235557
   0.86421709]
 ..., 
 [-1.71115987 -0.9374313  -0.91909819 ...,  1.90380915 -0.79266316
   0.45009305]
 [-1.59422565  1.43176767 -0.34045981 ..., -0.31693382  0.48736181
  -0.22510103]
 [ 0.43292249 -0.98171871  0.29312913 ...,  0.78075961 -1.09711691
   1.66048047]]
main_means [1.9966877256819158, 3.2752942191106591, 3.1247367669664832, 1.955594556588276, 1.7333892438808065, 4.4610915095249828, 2.9635338600712609]
main_stds [0.91052092958858732, 1.0027012297538229, 1.0362886660221833, 0.90138727128990281, 0.82345961225263531, 1.1180018969215217, 1.0207838372313109]
eigenvalues means [-0.17996638 -0.06830705 -0.00926007  0.01717895]
eigenvalues stds [ 0.00608649  0.003436    0.002991    0.00270314]
