
*** Dimensões da tabela de notas: (767, 8)

*** Tabela geral de notas:
[[ 3.          8.          5.         ...,  5.          3.          7.        ]
 [ 2.          6.          9.         ...,  2.          1.          5.        ]
 [ 6.          4.          1.         ...,  7.          2.          2.        ]
 ..., 
 [ 6.08404926  7.37889881  1.84448952 ...,  5.55052201  4.2073063
   5.5257676 ]
 [ 3.37446066  7.5088324   3.69251975 ...,  5.44513509  2.81384058
   6.46660282]
 [ 6.46070753  7.20636926  2.70870813 ...,  1.52265564  4.35056473
   6.94639597]]

*** Matriz de covariância:
[[ 1.   -0.12 -0.04  0.51 -0.14  0.07  0.37 -0.12]
 [-0.12  1.   -0.08 -0.09  0.16 -0.38 -0.08  0.29]
 [-0.04 -0.08  1.   -0.16  0.18  0.06  0.37  0.09]
 [ 0.51 -0.09 -0.16  1.   -0.24  0.1   0.3  -0.01]
 [-0.14  0.16  0.18 -0.24  1.   -0.15  0.02 -0.18]
 [ 0.07 -0.38  0.06  0.1  -0.15  1.    0.17 -0.13]
 [ 0.37 -0.08  0.37  0.3   0.02  0.17  1.    0.05]
 [-0.12  0.29  0.09 -0.01 -0.18 -0.13  0.05  1.  ]]

*** Pearson (igual matriz covar.):
 ###TABLE III. Pearson correlation coefficients between the eight musical characteristics.
['1.0', '-0.12', '-0.04', '0.51', '-0.14', '0.07', '0.37', '-0.12']
['-0.12', '1.0', '-0.08', '-0.09', '0.16', '-0.38', '-0.08', '0.29']
['-0.04', '-0.08', '1.0', '-0.16', '0.18', '0.06', '0.37', '0.09']
['0.51', '-0.09', '-0.16', '1.0', '-0.24', '0.1', '0.3', '-0.01']
['-0.14', '0.16', '0.18', '-0.24', '1.0', '-0.15', '0.02', '-0.18']
['0.07', '-0.38', '0.06', '0.1', '-0.15', '1.0', '0.17', '-0.13']
['0.37', '-0.08', '0.37', '0.3', '0.02', '0.17', '1.0', '0.05']
['-0.12', '0.29', '0.09', '-0.01', '-0.18', '-0.13', '0.05', '1.0']

*** Autovetores (raw):
[[-0.51  0.15 -0.22 -0.32 -0.12 -0.12 -0.73 -0.06]
 [ 0.35  0.22 -0.51 -0.15  0.43 -0.22  0.03 -0.56]
 [-0.05 -0.65 -0.3   0.21 -0.34 -0.55  0.05 -0.12]
 [-0.5   0.33 -0.19 -0.15  0.11 -0.4   0.56  0.31]
 [ 0.25 -0.44 -0.09 -0.57  0.38 -0.03 -0.09  0.51]
 [ 0.14  0.18 -0.49  0.6   0.14  0.06 -0.25  0.51]
 [-0.42 -0.34 -0.42  0.    0.11  0.66  0.23 -0.17]
 [-0.34 -0.22  0.38  0.36  0.7  -0.19 -0.15 -0.13]]

*** Autovalores (raw):
[ 2.02  1.42  1.4   1.11  0.66  0.51  0.45  0.42]

*** Autovalores prop (raw):
[ 0.25  0.18  0.17  0.14  0.08  0.06  0.06  0.05]

*** Autovalores (var. %) ###TABLE IV### New variances after PCA, in percentages for scores on III.:
[25.0, 18.0, 17.0, 14.000000000000002, 8.0, 6.0, 6.0, 5.0]

*** Dados finais:
[[ 2.17941897  2.87369449  1.08206544 ...,  0.23914077  1.90792131
  -1.01018008]
 [-0.89951177 -2.71249967  1.87792686 ...,  1.36744905  0.22676687
   0.93123096]
 [ 0.70811333  1.63060974  0.51146201 ...,  0.05010116  0.98196675
   1.18503385]
 ..., 
 [-0.26924116 -1.38441932  0.86721139 ...,  0.30012581  0.25719189
  -0.49088715]
 [-0.0246304   0.44985597 -0.40210645 ...,  0.04770376 -0.20826653
   0.86812497]
 [-0.63835296 -0.63557526  1.95554784 ..., -0.02006458 -1.04065226
  -1.23080115]]

*** Componentes principais [T] (todos):
[  2.17941897e+00   2.87369449e+00   1.08206544e+00  -6.23427267e-01
  -6.07019303e-01  -8.11641869e-01  -1.75652645e+00  -2.40899830e-01
  -9.08543406e-01   1.79402693e+00   2.08385979e+00  -1.45110960e+00
   3.27427062e+00   1.59509830e+00  -3.80019854e-01  -1.11838283e-01
  -1.29570619e+00  -3.11855568e-01   2.55006473e+00  -5.86358361e-01
  -7.94053740e-01   9.42496340e-01  -1.03469812e+00  -1.75281074e+00
   1.87652575e+00  -1.05363377e+00  -1.12937449e+00  -1.23261281e+00
   2.87621993e-02  -1.87753460e+00   7.34016634e-01  -3.75985306e-01
  -5.39106561e-01  -7.31722188e-01  -6.25569587e-01  -8.82919261e-01
  -1.10793755e+00  -1.26475266e+00  -6.33851170e-01  -4.33149926e-01
  -5.87884924e-01  -1.33619088e+00  -1.46468999e+00   7.46809327e-01
   1.88235111e+00   1.41336395e+00  -8.41065242e-01   2.01130530e+00
  -5.25191942e-02  -6.26096373e-01   8.49337022e-01  -2.26839311e+00
  -1.04603904e+00  -6.63375818e-01  -1.18785468e+00  -7.43963709e-01
  -1.01059718e+00  -1.95748381e-01   6.92798249e-01   2.69402249e-01
   5.56859111e-01   2.26183751e-01   1.34537278e+00   1.17441295e+00
  -1.03709922e+00  -6.79629461e-01   2.48435361e+00   1.35123681e+00
   1.60864540e+00  -1.13333039e+00  -1.42935507e-01  -2.04258386e-02
  -3.36908919e-01   9.69014311e-01   1.78620984e-01  -3.62501994e-02
  -1.25714913e+00  -1.20382301e+00  -1.44681250e-01  -1.94859455e+00
   8.74696667e-01  -2.35331577e+00   7.12004357e-01   1.41157539e+00
  -1.02835317e+00  -1.73583424e-01  -1.17573211e-01   2.79402626e+00
  -8.69758554e-01   7.99311366e-01  -3.53049881e-01   2.29252418e+00
  -1.19583156e+00  -2.34785740e-01  -3.19216844e-01  -3.68763372e-01
  -1.55117491e-01  -3.06056433e-01  -7.99826012e-01  -5.33577713e-01
  -6.03334082e-01  -7.64228051e-01   9.82159496e-01  -4.09159270e-01
  -1.36897216e+00  -3.14526360e-01   1.00948348e+00   7.78157243e-01
   1.19385697e+00  -7.51151797e-01   2.17132126e-01  -1.12108216e+00
  -1.03029660e+00   1.30550670e+00   3.21389474e-01   1.07574068e+00
  -1.90166114e+00  -7.92637717e-01  -1.05652870e+00   1.44881089e-01
  -4.20482215e-01  -2.45299022e+00   1.27152597e+00  -3.01612209e-02
   2.96249112e+00   2.03984182e-01   1.88513594e+00   2.11554525e+00
   3.37396743e+00  -9.84543466e-02  -9.38686920e-01  -6.41054999e-01
   1.72738287e-01  -8.27138639e-01   9.03449145e-01  -1.92591952e+00
  -1.23317676e-01  -2.08737114e-02  -1.06955473e+00   1.75508453e+00
   6.44546915e-01   1.19159987e+00   1.95388374e-01   1.02779732e+00
  -8.74981903e-01  -1.26393448e+00   5.79430898e-01  -8.94211712e-01
  -1.75631271e-01   1.67300449e+00   2.87376257e-01  -1.96240601e+00
  -7.22137115e-01   2.63938227e-01  -5.92530206e-01  -2.40405864e+00
  -1.28289705e+00  -2.33369615e+00   5.79660346e-01   1.10165775e-03
   1.66780171e+00  -1.97801148e+00   3.80582800e-01   9.36348503e-02
   1.01339939e-01   3.28223961e-01  -7.39204784e-01   1.29104350e+00
  -4.80258732e-01  -1.02018127e+00   2.55758725e+00   5.20300018e-01
   1.61973088e+00  -1.38147477e+00  -9.53523075e-01   3.26258564e-01
  -1.73219863e+00  -1.87636098e-01   8.65458274e-01  -5.91745214e-01
   3.04881068e+00   6.57540489e-01  -5.91704447e-01  -6.94694749e-01
   7.73348539e-01   6.53294713e-01  -6.47139420e-01  -1.56912187e+00
  -8.52685228e-02  -7.99388785e-01  -2.03100091e+00   1.99237223e+00
  -7.85682788e-01   2.22480959e-01  -9.17974884e-02  -1.23325058e+00
   2.87636391e+00  -9.61868233e-01  -1.70892909e+00  -1.66993538e+00
   2.88119779e+00  -2.94356948e-01   8.52718263e-01   1.83269027e+00
   1.23830186e+00  -3.93603111e-01  -1.27396578e+00  -2.56035657e-01
  -1.35632662e+00   8.37306649e-01   1.09785832e+00  -1.58422692e+00
  -1.05235129e+00   7.14133608e-01  -1.29701498e+00   1.83171244e-01
  -5.41390780e-02  -2.33678220e-01  -2.76176369e-01  -1.38927610e+00
  -2.11349647e+00   1.38541726e+00   2.70420986e+00  -1.16720952e+00
   3.82209223e-01  -3.87731863e-01  -1.31030996e+00   3.87055263e-01
   3.94255964e-01  -5.42169590e-01  -5.23615780e-01  -1.62639059e-01
   2.40960341e+00  -1.05802126e+00  -8.65736591e-01  -1.62649208e+00
   4.51903415e-01  -8.51972920e-01  -2.64905866e+00   1.56460409e+00
  -7.03758813e-02  -9.57337947e-01  -6.62841593e-01   3.40173518e-02
   2.12475286e+00  -6.11022896e-01   2.53111343e+00   2.34919898e+00
   2.06187113e+00  -6.09127497e-02   4.44550678e-01  -8.90572123e-01
  -3.49199386e-01   8.34360899e-01  -1.93439580e+00  -6.49525625e-01
   2.79454390e+00   7.65354432e-01  -3.70822329e-02  -1.04969813e+00
  -8.91104668e-01   2.67519175e+00  -4.25528066e-01  -1.17854758e+00
  -2.10620759e-01  -9.09905625e-01  -9.83871752e-01   2.36098320e+00
  -6.40875874e-01  -7.26372812e-01  -1.09261294e+00  -7.08900557e-01
  -6.19897456e-01  -2.11720032e-01  -1.09574434e+00  -6.01744994e-01
   1.73956280e+00  -4.66063126e-01   1.56180298e+00  -8.95038779e-02
   1.81580498e+00  -6.69563309e-01  -1.50123110e+00  -3.34857195e-01
   3.12525286e-01  -6.53205513e-01  -1.22000794e-01  -6.86330792e-01
  -3.63361322e-01   1.47474177e+00   2.57275291e+00   1.63905116e+00
  -8.03573823e-01  -1.68466346e+00   2.18110467e+00  -1.68343468e+00
   1.40785386e-01  -1.33917872e+00   2.07148689e+00  -1.40905204e+00
  -5.94181357e-01  -1.13545229e-02  -1.81428147e-01   1.95254341e+00
   7.48458978e-01  -7.83298127e-01  -8.66776522e-01   2.90479143e+00
  -1.69999805e-01  -1.18525253e+00  -1.96917087e-01  -8.45245749e-01
  -4.39901397e-01  -9.13747719e-01   2.50921397e+00  -1.08330354e+00
   2.70404572e+00   4.30376557e-01  -2.30630959e-01  -7.70020904e-01
   4.55940457e-02  -2.95665280e-01  -2.58345761e+00  -1.55591606e+00
   2.66581756e+00   1.26159522e+00   2.16135762e+00   8.51150702e-02
  -2.79089968e-02  -7.42860602e-01   5.20832850e-01  -6.97414200e-02
  -1.01743474e+00  -1.79810458e-01  -1.87151850e-01  -1.12371116e+00
  -7.01873241e-01  -8.87564248e-01  -3.06313839e-01   5.42397302e-01
  -6.86851074e-01  -1.15631747e+00   3.96248039e-01   2.64432059e+00
  -6.34856342e-02   1.40186730e-01  -6.50747518e-03   1.39811396e+00
  -3.48692172e-01  -8.39280816e-01  -1.29841482e+00  -8.06840420e-01
  -1.20859033e+00  -4.12254355e-01   3.58395999e-02   3.90330858e-01
   3.64514824e-01   2.18207042e+00  -1.19491005e+00   2.00994891e+00
  -1.62029519e+00   1.21334167e+00   5.64302446e-02  -1.94418415e+00
   2.31276649e-01  -4.20476689e-01  -7.25717878e-01  -2.92359600e+00
   5.99323672e-01   4.84354771e-02  -1.03463000e+00  -1.44090988e-02
  -1.60228604e-01  -1.64115834e+00   1.48259322e+00  -1.86641130e-01
   1.98772228e+00   1.34283563e+00  -1.34816583e-01  -1.52342307e+00
  -7.85831000e-01  -1.85371374e+00   9.17174068e-01  -7.35946230e-01
  -3.58331265e-01   2.30975058e+00  -4.35906556e-01  -1.11477492e+00
   1.16940140e-01   2.12806663e+00  -2.11903334e+00  -1.21741973e+00
  -7.55145838e-02   4.83933014e-01   2.00149085e-02   2.04909133e+00
   2.24561077e+00   2.06757718e-01   1.17064585e+00  -7.07993047e-02
   2.34296715e+00   1.89942565e+00   8.30952922e-01   1.37319200e+00
  -1.93095801e+00  -8.72835914e-01   1.95217170e+00   2.29490130e+00
   5.70231218e-01  -7.74485934e-02   7.05012464e-01  -4.73263873e-01
   2.66468159e+00   2.14713594e+00   7.60023690e-01  -1.36992896e+00
   1.13895642e+00  -1.30590944e+00   2.59192070e+00  -2.94234682e-01
  -1.72034243e+00   3.24875640e-01   5.71165447e-02   2.06940063e+00
  -1.53035493e+00  -1.08035815e+00  -1.85738316e+00   6.44919149e-02
  -1.21234016e-01  -3.54771439e-01  -1.33117488e+00  -7.46866212e-01
  -8.99542899e-01  -6.61222278e-01   9.71507320e-03   1.54651028e-01
  -6.56505095e-01   8.63855989e-01   1.96689271e+00   2.30123349e-01
   3.54735923e-01   2.94134910e+00   8.48921964e-02  -8.76605835e-01
   6.80956300e-01   2.81675749e-01  -5.37429598e-03   2.88157451e+00
   2.47644210e+00   1.30512303e+00  -8.23630990e-02   1.52040583e-01
  -2.25683617e+00   1.26765295e+00  -3.42894930e-01  -3.69294373e-01
   2.89237415e-01  -6.45555253e-01   2.91670873e-01   1.51790693e+00
  -1.42062498e+00   1.09609048e+00   7.70678785e-01   2.19045925e+00
   1.00516192e+00   5.88190649e-01   2.16635287e+00   3.16603960e-01
  -4.89817417e-01  -1.17804512e+00  -1.02697626e+00  -1.94120136e+00
   1.20972988e+00   2.62678385e+00   7.03936386e-01   2.81151154e+00
  -4.56328369e-01   1.49013319e+00  -1.00642422e+00  -3.72664403e-01
  -1.17849658e+00   1.27047591e+00  -3.41652587e-01   2.23288824e+00
  -1.07497126e+00  -9.57617357e-01  -5.83102419e-01   6.26262981e-01
   5.91636355e-01   7.80134980e-01   7.40607613e-01  -1.50048607e+00
   1.26473535e+00  -1.47357465e-01   2.12070377e+00  -1.06408824e+00
   1.00510062e+00   2.78342578e-01   9.20577414e-01   2.11032381e+00
  -3.53598686e-01   3.04421892e+00  -8.39055197e-01  -1.40468261e+00
  -1.83258457e+00  -1.44257074e-01   1.38204453e+00  -1.11066869e+00
  -6.20735583e-01  -1.33715397e+00  -7.67614179e-02  -3.09506531e-01
   1.70589771e+00  -3.52160732e-01   1.65146807e+00  -8.36282652e-01
   1.55895488e+00   2.18716629e+00  -2.43391373e-01   2.48309754e+00
   2.75947868e+00  -4.73553649e-01   1.95247908e+00   2.11711279e+00
  -6.74298756e-01   4.15052709e-01  -6.85657616e-01  -2.23833099e-01
   1.03765290e-01   2.54830664e+00  -1.04057646e+00  -1.70531185e+00
   2.62933548e+00  -6.53864733e-01   3.55097153e-02  -3.66663794e-01
   3.22444419e+00  -2.61880362e-01  -7.25785244e-01  -3.34411637e-01
  -2.59389017e+00  -9.73043087e-01  -9.64995920e-01   2.36820085e+00
   1.76658087e+00  -9.35345727e-01   2.26851677e-01   1.63669329e+00
  -2.12903044e-01  -3.74446198e-01   3.70068535e-01   5.21947016e-01
   3.08813160e-01  -7.87063555e-01  -1.21274496e+00  -1.21484109e+00
  -6.90763883e-01  -1.64624591e+00  -1.41395704e+00  -1.30566280e+00
  -1.70538127e+00  -5.01385441e-01  -1.76985855e+00   1.59410457e-01
   1.26792052e+00   7.04937751e-01  -9.46467894e-01   1.77170283e+00
   2.58373245e-01  -1.61816048e+00  -3.01620882e-01  -3.39975075e-01
  -1.06649884e+00   1.26122400e+00  -8.77379179e-01  -4.10208271e-01
  -1.02384483e+00  -8.61244444e-01  -1.58827419e+00  -3.14259788e-02
  -3.99018164e-01   5.49566633e-01  -2.17358987e+00  -6.89886509e-02
   1.29275336e-01   5.57511545e-01  -1.46627508e+00  -1.61084797e+00
   6.74572587e-01  -1.67553346e+00  -1.27953592e+00  -6.56070028e-02
  -1.09032044e+00  -1.73673602e+00   1.24368217e+00   6.92335403e-01
  -8.71426491e-01   1.69063809e+00  -7.76503982e-01   1.42198245e+00
   9.47159939e-01  -7.14606645e-01  -8.30197203e-01   1.63668218e+00
  -9.15346129e-01  -1.87622453e+00  -1.92911606e-01  -4.68987650e-01
   3.06103953e+00  -4.57122777e-01   1.47945692e+00   1.55356605e+00
   4.28647852e-02  -4.14696871e-01   3.55492533e-01  -9.88437741e-01
  -8.04363409e-01  -9.92970387e-01   1.63495914e-01  -1.63771676e+00
  -6.85404816e-01  -1.26808116e+00  -1.57489014e+00  -1.66153235e+00
  -1.95545133e+00  -2.38783241e+00   2.35095070e+00   2.15963220e+00
   4.93453760e-01  -1.55619126e+00  -2.24354909e-01  -9.75064868e-01
   3.54891097e-01   8.21198837e-02  -9.32946489e-01  -2.06123493e+00
  -9.64223756e-01   1.36848911e+00   4.79583140e-01  -1.37691178e+00
  -1.71777996e+00  -5.36028110e-01  -1.15305124e+00   1.46907797e+00
   3.01433867e+00  -1.39135763e+00   5.82305498e-01  -1.58069548e+00
  -1.21774325e+00   2.12490157e+00  -1.59910318e+00  -5.25019769e-01
   5.26589548e-01  -1.64845903e+00  -9.91989487e-01  -9.80926165e-01
  -1.53961408e+00  -3.32091451e-01   9.04622246e-01  -7.29768927e-01
   1.45356985e+00   1.14115095e+00  -6.50500923e-01  -3.67172470e-01
  -1.94373955e-01   4.44950256e-02  -1.24303827e+00  -4.39960213e-01
  -8.42619817e-01   1.65132078e+00  -6.05294522e-01   3.86094077e-02
  -2.97773576e-01   2.24550672e+00  -7.04604637e-01   2.11725451e-01
  -9.32639454e-01  -1.18824041e+00  -1.06980936e+00  -1.17001093e+00
  -2.00990882e-01  -3.31388152e-01   5.97954041e-02   1.58565938e+00
  -6.82079645e-01  -3.06465741e-01   9.07366207e-02   8.62140947e-01
  -1.51156937e+00   6.47394516e-01  -2.38217200e+00  -2.50234220e-01
   1.15155053e+00   2.40482609e+00   3.64677343e-01   1.75111354e+00
  -9.95583447e-01  -3.54274746e-01  -6.79392572e-01  -2.33206129e-02
  -1.14213081e+00  -3.10283637e-01   4.32052502e-01  -7.99947469e-01
  -4.74526978e-01   1.16885001e+00  -4.86210897e-01   1.04667782e+00
   2.40605719e+00  -1.33646751e+00   1.26323543e+00  -7.47205875e-01
  -1.99060004e+00   2.20016826e-01  -9.29459653e-01   2.18288686e+00
  -9.86902180e-01  -1.36119563e+00   1.27652480e+00  -4.83021657e-01
  -1.15121443e+00  -1.16149732e+00  -4.68179919e-01  -2.05264356e-01
   2.72848539e+00  -1.43504814e+00  -4.53952708e-02  -1.13100523e-01
   3.36860692e+00  -4.27634963e-01  -2.42932037e-01  -2.81336969e-01
   8.39953525e-01  -6.47180101e-01   9.28983250e-01   5.19228920e-01
   1.85314350e+00  -1.42763729e-01  -2.52609928e-01  -8.01083064e-01
  -1.15076363e+00   1.23969251e+00  -4.71101937e-01  -2.81843422e-02
  -1.00066678e+00  -1.13678260e+00  -8.67936669e-01   2.67648754e-01
   2.21600510e+00  -1.23795393e+00  -1.59399321e+00  -1.23218845e+00
  -3.10584433e-01   1.25886700e+00  -8.72508786e-01   5.22579351e-01
  -9.12194634e-01   1.53994337e+00   2.21567981e+00  -6.24837716e-01
   9.62418357e-02   2.82136725e-01   2.41140252e+00  -1.83191397e+00
   2.39140765e-01   1.90792131e+00  -1.01018008e+00] [ -8.99511767e-01  -2.71249967e+00   1.87792686e+00   1.33340664e+00
   5.48995235e-01  -1.08699189e+00  -1.43837741e+00   9.60980310e-01
   1.06458204e+00  -2.59522565e+00  -1.41844501e+00  -1.21585360e+00
  -1.34182091e+00   1.33957840e+00  -1.00703046e+00  -1.73154096e+00
   3.35177230e-01   1.60872575e+00  -6.20868181e-01  -1.25143511e+00
   4.34343586e-01   3.47784681e-01   3.38776720e-01  -3.68128572e-01
  -1.20808962e+00  -7.32496582e-02   1.54309688e+00  -1.55509394e+00
   1.81071390e+00  -1.02797223e+00   2.04880148e+00   1.83109644e+00
   8.95614988e-02  -1.67009784e+00  -1.44040177e-01  -8.61528820e-01
   8.41254636e-01   3.91166929e-01   1.29010839e+00   1.74487433e+00
  -9.66480003e-01   8.89101931e-01  -2.83151796e-01   1.24020097e+00
   1.50972930e+00   1.49036505e+00   9.71711391e-01  -6.84257194e-01
   1.27192992e-01   1.01361126e+00   1.25758098e+00  -4.77714042e-01
  -1.85556811e+00   1.41900908e+00   3.54234534e-01  -2.53751075e-01
  -1.35401391e+00   9.13741801e-01  -1.00356612e+00   1.92587198e-01
   7.95265496e-01  -1.20265999e+00  -1.31189013e+00   1.49148187e+00
   1.87368140e+00   9.05074091e-01  -2.14018229e+00   1.21555861e+00
  -1.61966792e+00  -1.23218356e+00   3.62817802e-02  -5.62371578e-01
  -1.58781940e+00   5.03108086e-01   1.04245580e+00   1.77789906e+00
   1.44638578e+00  -4.36163822e-01   9.96617456e-01  -1.84125962e+00
   1.07219661e+00  -7.61530655e-02   5.90231961e-01  -1.87751710e+00
  -1.31501728e+00   1.62930727e+00   1.59677586e+00  -2.58344818e+00
  -4.97442026e-01   1.20356799e+00   7.11019764e-01  -6.15778044e-01
   7.20379297e-01   1.89454276e+00   7.53482336e-01   1.63311118e+00
  -8.29157648e-01   3.06797864e-01   9.60702999e-01   1.15057184e+00
   1.22795159e+00  -8.26532054e-01   2.11528002e+00  -1.42052841e-01
  -1.98301246e+00  -5.66976139e-01  -2.57976149e-01   2.10887678e+00
  -1.44899881e+00   4.85107151e-01  -1.12841315e+00  -1.06854035e+00
   2.58350715e-01  -2.03819210e+00   1.57515154e+00   1.42066105e+00
  -1.44979438e-01   6.92243746e-01  -7.26396182e-01  -1.02802469e-01
   2.11914090e-01  -9.29304888e-01   1.25699404e+00   1.77338201e+00
  -1.59281250e+00  -1.89095905e-01  -1.04443221e+00  -6.08978312e-01
  -1.91953128e+00  -1.63173621e+00  -8.27953569e-02   3.27806103e-01
   3.14754432e-01   5.63789041e-01   1.54089488e+00  -7.07018107e-01
   2.04559638e+00   7.99864862e-01  -1.13317891e+00  -1.65108072e+00
   1.43901678e+00  -2.05881501e+00   1.32585190e+00   3.33302234e-01
   1.13279151e+00  -1.47928780e+00   1.40372982e-01  -5.81574828e-01
   1.51110116e+00  -4.00254921e-01   7.91510429e-01   9.41188396e-01
   1.19815799e+00  -3.98189169e-01   7.96124363e-01  -4.00873371e-01
  -1.30180299e+00  -3.82332646e-01  -1.46431279e+00   1.14914504e+00
  -1.98293763e+00   1.06228612e+00  -3.75742661e-01   5.85763913e-01
   1.40437288e-01   5.80192890e-01   1.08573954e+00  -7.34236430e-01
  -1.00400586e+00   6.15644434e-02  -1.45511128e+00  -1.84183639e-01
   1.66957006e+00  -1.95325922e+00  -7.66358789e-01   1.30165950e-01
  -8.30520666e-01   5.08123389e-01   6.79449332e-01  -1.53166425e+00
   3.26036008e-01   9.00939293e-01   4.66281192e-01   8.20506780e-01
  -4.82306480e-01   1.31407667e+00   7.56736923e-01   3.91806029e-01
  -2.37103091e-02  -4.33816400e-02  -3.56238766e-01  -9.14506276e-01
   4.31810228e-01   8.75385116e-01  -1.08930703e+00  -8.53198540e-01
  -8.94147543e-01  -3.52881366e-01  -1.40747129e+00  -9.35569593e-01
   4.39807225e-01   1.32350381e+00   1.13615822e+00  -2.13785762e+00
  -1.88910462e-01   5.36094209e-01   9.14650897e-01   4.86251525e-01
  -1.15430561e+00   2.09956332e+00   1.43056199e+00  -1.99715367e+00
  -2.61296692e-01  -8.03720617e-01   1.70936565e+00   1.64211568e+00
   1.57209789e-01  -2.31793417e-01  -8.25895680e-01  -1.14331161e+00
   8.10772490e-01   8.64567834e-01  -2.63293690e+00  -1.10016635e+00
   1.32876416e+00   2.68644761e+00   7.96570105e-02   5.14230462e-01
   1.28198032e+00   1.70711107e+00   1.27878739e+00  -3.69699939e-01
  -7.59894311e-01  -5.93186059e-01   1.23878383e+00   5.86146648e-01
   5.01778972e-01  -1.52572066e+00  -1.69979644e+00  -9.73741300e-01
  -6.01859781e-01  -1.01572697e+00   1.56726878e+00   4.25381982e-01
   1.27504111e+00   4.11346608e-01  -1.70210946e+00  -4.13548109e-01
  -7.04964866e-01  -1.44412327e+00   1.24334065e-01  -9.56884375e-01
  -6.33557827e-01   9.68604144e-01  -1.07472512e+00   1.77844937e+00
  -1.45765549e-01   1.54910358e+00   1.67076677e+00   5.73961793e-01
   1.44573344e+00  -1.80748182e+00  -1.50509456e+00  -1.02780311e+00
   3.74523980e-01   2.82722905e-01   8.97863847e-01  -8.08322463e-02
  -5.85074166e-01  -1.01421105e+00   6.10383017e-01   7.99768725e-02
   1.17635956e+00   1.55576999e+00   1.62024675e+00  -1.50841302e+00
  -8.25259750e-01   6.81451212e-01  -4.31073069e-02  -1.16016056e+00
  -1.22345236e+00  -5.37814481e-01  -6.06369531e-01  -1.08877692e+00
  -1.91772830e+00   1.56543531e+00   1.33431809e+00  -8.13915911e-01
   5.34770505e-01  -4.18029455e-01  -9.35708689e-01  -1.74576560e+00
  -5.84756318e-01  -2.03986129e+00  -1.58735672e+00  -7.30971327e-01
   6.18123010e-01   8.86209583e-01  -1.42474955e+00  -1.79247096e+00
   7.57725941e-01  -7.90672651e-01   6.63498766e-01  -1.50612701e-01
  -1.02070285e+00   1.46644974e+00   1.33089571e+00  -2.10422636e+00
   1.32307486e+00  -1.92378737e+00   2.32120278e+00  -1.25401862e+00
   1.56578785e+00   1.60800947e+00  -3.03186916e+00   1.46014630e+00
  -2.19991099e+00   3.18523819e-01   8.97117764e-01   7.33821435e-01
  -8.50771746e-01   1.23859494e+00  -8.46323946e-01  -1.37747915e+00
  -2.48006625e-01  -7.98430448e-01  -3.21618714e-01   8.42694593e-01
   3.80975612e-01  -5.43419090e-01  -7.14959679e-01   2.59593640e+00
   8.80305209e-01   5.40218330e-01   5.27729485e-01  -6.10647156e-01
  -4.65660398e-01   6.91432146e-01   1.78932877e+00   1.58712485e+00
   1.39486329e+00  -2.05624545e-01   8.42572644e-01  -4.60758609e-01
  -9.50732751e-01  -7.57955083e-02   6.62659450e-01   1.14827230e-01
   8.04388723e-01   1.02724068e+00   1.29026724e+00   3.83217891e-01
   1.26552198e+00   9.62901335e-01  -1.39958322e-01  -1.30042988e+00
   1.36443652e+00  -3.89894249e-01   1.85999798e+00  -4.12622589e-01
  -8.41025215e-01   6.91444538e-01   1.23389404e+00  -9.77126636e-01
  -1.33149095e+00  -5.76243078e-01  -6.55723804e-01   1.09958644e-01
   5.48689795e-01  -4.32121087e-01   5.87202220e-01   1.50221067e+00
   8.50273692e-01   1.75907418e+00  -2.35016412e+00   1.80356902e+00
  -5.95642188e-01  -2.55100641e-01  -1.00778156e-01  -1.38662170e+00
  -1.66829442e+00   3.53156568e-01   4.58637373e-01   3.91496644e-01
   6.65412680e-01   1.18138287e+00   2.93827469e-01   4.29607423e-01
  -1.89231475e+00   8.07903146e-01  -1.39086665e+00  -8.51511793e-01
  -3.83554029e-01   6.95330581e-01   3.17891586e-02  -6.89717138e-01
  -6.43361107e-02   4.55666110e-01  -2.15433045e+00  -1.54437075e-01
  -1.40850627e+00  -5.26772673e-01   1.04983751e+00   2.55490402e+00
  -1.60293257e+00   7.19346039e-01  -7.98901515e-01  -1.58861257e+00
   6.94582403e-01  -3.46749856e-01  -3.26202965e-01   1.09220038e+00
  -9.24299029e-01  -2.25087310e+00  -3.69901782e-01  -1.46416598e+00
   1.39109706e+00  -8.65536412e-01   1.08334824e-01   3.83200436e-01
   9.37501271e-01  -8.46942191e-01  -6.89931339e-01   1.21589386e+00
   1.15676022e+00  -4.38351442e-01   7.48710073e-01  -4.27891634e-01
  -1.87221297e-02  -1.38006674e+00  -1.66650442e+00  -2.77671283e-02
  -1.09499455e+00  -1.78286015e+00  -7.63831623e-01   2.39736392e-01
  -6.13541239e-01   9.32305547e-01   1.00881939e+00   3.97280036e-01
   1.94933332e-01  -3.37583235e-01  -1.42585209e+00   6.67922435e-01
   1.27018120e+00  -2.05624883e+00   1.67577556e+00  -2.29136916e+00
   1.03911979e-01  -6.93378321e-01   1.18813095e+00  -9.28855057e-01
  -1.82146759e+00   1.31252661e-01   1.17817813e+00   8.76050077e-01
  -1.42630839e-01   1.50743987e+00   7.08787701e-01  -8.57816475e-01
   7.60159633e-01   1.71283971e-01   2.91188796e-01  -1.14132648e+00
  -1.39093299e+00   2.52931723e-01  -4.23530432e-01   2.05177466e+00
   5.91139959e-01   1.32100264e+00  -4.12873453e-01   9.28827373e-01
  -1.48270092e+00  -9.75895316e-01  -1.75052793e-01  -1.28461243e+00
  -7.31855423e-01   6.64180191e-01   3.05037980e-01   1.76959760e-01
   1.52239982e+00  -1.14792588e+00  -5.24863585e-01  -8.90468918e-01
  -7.62460330e-01  -1.31197679e+00   3.59293453e-01   5.62080875e-01
  -1.38408240e+00   2.27838526e+00  -4.32995800e-01   4.74771167e-01
   5.79679863e-01  -1.31571390e+00  -3.46690960e-01   2.85115969e-01
   1.36126054e+00   1.07983234e+00   1.74733606e+00  -1.35307327e+00
   1.91761620e-01  -1.85013152e+00   1.31854764e+00  -4.67939519e-01
  -4.69804733e-01   1.97575910e-01  -1.07682900e-01  -2.31580305e+00
   1.49303317e+00   1.25303470e+00   2.96949038e-01   3.18643949e-01
   3.96314612e-02   3.54978957e-01  -6.93542178e-01   1.30500878e+00
   1.71713691e+00   1.65470211e+00   1.83020998e+00  -2.04879134e-01
  -9.86346934e-01  -1.32596290e-01  -1.18585763e+00  -1.26591017e+00
   2.60403097e-01   7.61648004e-01   1.33991660e+00  -4.72748783e-01
  -9.20885019e-01  -3.32377619e-01   1.04372029e+00   2.52606138e-01
  -1.41102046e+00  -1.22135587e+00   1.85754348e-01   6.29372434e-01
  -1.75258868e+00   2.10030102e-01  -9.06595986e-02   1.22634702e+00
  -1.43120305e+00  -6.03885728e-01  -8.30016041e-01  -1.64631700e+00
   1.42313165e-01   7.38853676e-01   2.18307833e-01  -1.47011977e+00
   2.40664582e-01   8.02807407e-01   2.19089320e+00   4.88715212e-01
   9.37147518e-01  -1.42052257e-01  -7.31184356e-01  -1.30221724e+00
   1.52781280e+00   9.54340076e-01   1.30230402e+00  -4.56441472e-01
  -1.53583537e+00   3.06667804e-01  -1.28549696e+00  -1.34086736e+00
   7.27856051e-01   1.24971353e+00   1.00598717e+00   5.48871013e-01
   7.90760873e-01  -3.37363009e-01   1.48461453e+00  -7.36266593e-01
   1.58039716e-01   2.80317810e-04  -4.55396018e-01   1.55742752e+00
  -1.38093940e+00  -6.06797617e-02   2.51241759e-01   1.30071287e+00
   1.64495444e+00   1.38687356e+00  -3.82127085e-01  -9.28101885e-01
  -7.39239659e-02   8.05648249e-01  -1.26273001e+00   1.96806017e-01
   6.94887333e-01   1.22455857e+00  -1.78845926e+00  -3.93278001e-01
   1.00246307e+00   6.01395801e-01   1.60139563e-01  -1.16321715e+00
  -1.06742883e+00  -9.44102027e-01   1.07546801e+00  -9.30594570e-01
  -1.21054264e+00  -9.17208771e-02   1.67019964e-01   1.24647657e+00
   1.20065040e+00  -7.63007551e-01   2.11275638e+00   9.30254821e-01
  -2.23753693e+00   1.00570728e+00   1.88934485e+00   1.61098960e+00
   7.56891482e-01   4.45289191e-01   1.14588933e+00   8.11198915e-01
  -1.58642396e-01  -7.55186202e-01  -5.74845774e-01  -1.72215699e+00
   1.41521539e+00  -8.86459427e-01   8.45387662e-01  -2.07249482e+00
  -1.49703074e+00  -4.50190117e-01  -2.19006855e-01  -2.57070879e+00
   3.04345127e-01   1.64095656e+00  -2.21244268e+00  -1.75567159e-01
   1.03257445e+00  -1.77673210e-01  -1.77910422e+00  -6.04128291e-01
   1.27875449e+00  -2.06015236e-01  -8.00917340e-02  -6.96829699e-01
  -1.60580538e+00  -1.03607190e+00   5.29179402e-01  -1.77628650e+00
  -8.68573127e-01  -1.64460635e-01   8.71332271e-01  -9.14914494e-01
  -1.86676323e+00  -2.24235301e+00   4.10625939e-01  -6.03562917e-01
   3.95947466e-01  -1.09812671e+00  -5.41312635e-01  -1.06731838e+00
  -1.94275071e+00   2.04537066e-01   1.94292037e+00  -8.31518152e-01
  -9.18086365e-01  -2.22948064e+00  -1.56997621e+00  -8.85277733e-01
  -1.43311317e-02   7.64856335e-01   6.63351404e-01   9.08094613e-01
   9.41973189e-01  -8.22322518e-01   1.42920650e+00   2.62873683e-01
   1.86322772e+00  -2.28155821e+00   1.14899034e+00   2.24991512e+00
   5.31033718e-01   1.35690513e+00  -1.34948611e+00  -7.95215691e-01
  -4.44818093e-01   6.97356748e-01  -1.25732174e+00  -1.67081699e+00
   7.21842044e-02   1.24455978e+00  -8.84103469e-01   3.02548590e-01
  -3.91259807e-01  -2.26801939e-01  -8.69868421e-01   1.28429009e+00
   2.57344634e-01  -6.37556221e-01  -6.69268157e-01  -3.98115872e-01
   1.48111310e+00   1.24530003e+00   4.75457799e-01   1.71003569e+00
   3.74911804e-01  -5.68837179e-01   2.10049020e+00   2.40145367e+00
   2.60672869e-01   1.59854931e+00  -4.78521194e-02  -1.60251620e-01
  -1.53524679e+00   3.20751229e-01  -4.36252837e-01   3.24778472e-01
   9.02014355e-01   9.90245047e-01  -1.15506530e+00  -1.19904205e+00
   1.81967051e-02  -4.95047651e-02  -1.58502667e+00   1.58484774e+00
  -8.70316232e-01   2.81334691e+00   1.36826313e+00   1.02254766e+00
  -1.81528403e+00  -7.00037504e-01   1.58100843e+00   4.57962818e-01
  -1.61072555e+00   1.10922518e+00   9.72513605e-02   8.34224301e-01
   3.89958377e-01  -2.07686301e+00  -8.43601810e-01  -2.00220338e-01
  -9.98715668e-01   1.29713469e+00  -1.49421258e+00   1.09833264e+00
  -1.53567568e+00  -2.02673212e+00   5.94999143e-01   1.15252298e+00
   1.27658783e+00  -2.54461091e+00   1.50882317e+00   2.22587748e+00
  -2.63819246e+00   6.76876474e-01   6.04903351e-01   2.74471318e-01
  -1.90848564e+00  -8.65553880e-01   8.41968568e-01   2.04603357e+00
   1.68502818e+00  -9.58143469e-01  -1.41556972e+00   2.31580840e-01
   4.89888260e-01   9.33183120e-01  -2.31820265e-01  -1.67815793e+00
   1.36744905e+00   2.26766873e-01   9.31230958e-01] [  7.08113333e-01   1.63060974e+00   5.11462008e-01   3.54902703e-01
   5.10799671e-02  -1.53320776e+00  -1.51777292e+00  -2.59409087e-01
  -3.23550740e-01   1.86304807e+00   3.89924743e-01  -1.97704601e-01
   1.00231036e+00  -2.14895416e-01  -1.73081192e+00  -1.06734353e+00
  -2.52391549e-01  -7.28474724e-01   3.07303051e-01  -1.83638002e+00
  -3.16028519e-01  -6.62374662e-02   9.37309042e-01  -2.33540471e+00
   8.03385972e-01  -2.84069700e+00   7.95141136e-02  -9.19542796e-01
   7.76680431e-01  -8.43136899e-01  -3.85092898e-01  -6.22852132e-01
  -1.28662471e+00  -1.77478820e+00  -1.85500353e-01  -1.94213321e+00
   6.66856124e-01  -1.24383349e+00   8.41176980e-01   1.42724584e+00
  -1.18193152e+00   8.01894968e-01  -1.46132289e+00  -1.69735165e-01
   4.58101675e-01  -2.16836242e-01   5.01060108e-01   1.09383151e+00
  -8.61115332e-01   5.98014780e-01   1.31770723e-01  -1.31376851e+00
  -1.21652414e+00  -6.33816570e-01  -1.95125021e+00  -1.76879331e+00
  -1.89691335e+00   9.05947613e-01  -1.52214166e+00  -9.38698945e-01
   3.22059031e-01  -5.80702734e-01   1.25040011e+00   8.01593087e-01
   1.22196538e-01   2.54513438e-01   1.17142563e+00   6.90138871e-02
   1.13923080e+00  -5.75608941e-01  -2.01117239e+00  -5.41318389e-01
  -2.50384785e+00   7.57870591e-02   5.31851977e-01   1.30321732e+00
   1.35606497e-01  -2.76070180e-01  -3.11966835e-01   3.85004535e-01
   3.90824833e-01  -1.32370513e+00   8.47642134e-01   9.84723127e-01
  -3.89460189e-01  -8.41891045e-02  -5.46260590e-01   1.46663316e-01
  -2.19793927e+00   4.58195988e-01   8.30282550e-01   2.88675282e-01
   5.22078789e-01  -2.98067951e-03  -8.99010421e-01   6.02470551e-01
  -2.72159075e+00   3.01763557e-01   5.40723354e-01   1.29661982e+00
   6.52491391e-01  -4.24123342e-01  -8.28610047e-01  -3.82322071e-01
  -3.73233814e-01  -1.57252180e-01   1.03764425e+00   2.14658715e-01
   1.51384937e+00   1.33504613e+00  -1.91639150e-01  -1.74413154e+00
   7.95588119e-01   9.61121440e-01   5.98937927e-01   6.01788158e-02
  -7.15228167e-02  -6.42774943e-01  -1.17547071e+00  -1.13020766e+00
  -1.21537473e-01  -7.33269743e-01  -3.27623448e-01   1.05423624e+00
   4.82075130e-02  -9.67494324e-01   4.58394446e-01   7.34777181e-01
   5.17130505e-01  -1.78116812e-01  -8.39751356e-02  -3.41297239e-01
  -3.46975694e-01   1.59805277e+00   1.66539036e+00   7.35677952e-01
  -1.87283599e-01   1.29731312e+00  -1.93374225e+00   2.17964486e+00
  -3.18472877e-02   1.11800800e+00   7.34558287e-01   5.59476390e-01
  -2.78485062e-01  -1.18361974e+00  -4.79887776e-02  -8.78567462e-01
   1.45028546e+00   8.60579775e-01   1.22342970e+00  -2.70125926e-01
   1.24566424e+00  -2.12997914e-01  -7.71352253e-01  -1.01280212e+00
  -9.42801420e-01  -7.63005308e-01   2.94007511e-01   4.07761112e-01
   4.04182369e-01   6.69241860e-01   8.89912941e-01   8.32731971e-01
  -6.15158208e-01  -6.35371123e-01   6.14512338e-01   3.27644142e-01
  -1.66300345e+00  -2.00506801e+00   1.13175505e+00   4.75125005e-01
  -1.99179280e-01  -6.54336393e-01  -1.51048809e+00  -7.05523592e-02
  -7.66459115e-01  -8.83005990e-01   8.25737767e-01  -1.87238333e+00
   4.80858506e-01  -3.70601819e-01   7.89462782e-01   5.72221460e-01
   1.65235971e+00   1.10025735e-03  -3.66948438e-02  -1.10121871e+00
   6.16488700e-01   3.86659946e-01  -1.72921170e+00   6.08427971e-01
  -2.17912577e-01   1.47179007e-01  -1.93913542e+00  -8.12870665e-01
  -7.88498009e-01  -6.49891696e-01  -9.66373495e-01   1.81694859e-01
  -1.29771098e-03   5.77393998e-01   1.40952369e-01   9.12879139e-01
  -1.60457823e+00  -1.11780685e+00   1.36110511e-01   3.29463352e-02
  -1.12726612e+00   1.07634787e+00   6.38342700e-01  -4.08230843e-01
  -1.65875896e+00  -2.19169532e+00  -7.89527403e-01   1.07537030e-01
  -1.46881273e+00   1.92294076e+00  -1.01635457e+00  -2.38182165e-01
   1.35573021e+00  -7.93208029e-02   8.90158924e-01  -1.01463438e+00
  -1.51423575e-01  -4.48528066e-01   4.22177933e-01  -2.31291353e-01
   2.70763226e-01   2.37194354e-01   5.49712364e-01  -1.85232561e+00
   8.28585977e-01   3.99749191e-02  -2.81362097e-01   1.11100080e+00
   5.31322497e-01  -1.21940521e+00  -6.07477270e-01   1.49722453e+00
  -2.04169203e-01   3.07836950e-01   3.33598793e-01  -3.58415018e-01
  -2.37758383e-01   2.33113493e-01   6.43734304e-01   1.43790647e+00
   9.03586544e-01  -1.71886606e+00  -5.57011457e-02  -2.46673155e-01
   4.66338554e-01  -7.62303174e-01  -5.44250088e-01   1.02227177e+00
   6.69319132e-01  -3.13245486e-01   3.65753424e-01   4.01308871e-01
  -1.81759331e+00   1.12507202e+00  -1.88366898e+00  -8.58645349e-01
   3.17365308e-01   9.65563170e-01  -6.01439047e-01   6.88218609e-01
   2.47868808e-01  -3.95081751e-01  -1.98399131e-01  -7.44543724e-01
   1.17021969e+00   9.02160934e-01   1.41576015e+00   7.48297463e-01
   1.21222222e+00  -1.12839374e+00   3.01139360e-01  -1.35856954e+00
   1.63268397e+00  -2.54769344e+00  -7.19796054e-01  -3.36104062e-01
  -1.82555681e+00   1.30462642e+00  -7.36115217e-01   3.12284936e-01
  -5.07210575e-01   1.21344556e+00  -7.13455773e-03   6.10438429e-01
  -1.89817573e+00  -8.17424171e-01   5.11969304e-01  -2.12038130e+00
  -1.47504143e-01  -2.62041383e-01   5.83492936e-01  -7.22056519e-01
  -3.29246356e-01  -2.64525220e+00   4.24554793e-01  -2.15628947e-01
   3.62676953e-01  -4.91586148e-02   1.54827908e-02   1.08435191e+00
  -2.54158562e-01  -4.06672080e-01   8.21644292e-02  -1.15311448e+00
   1.59480658e+00   3.18202762e-01   1.67344832e+00   1.29369252e+00
   3.77556374e-01  -9.98742299e-01  -1.97716729e-01  -3.62687879e-02
   2.29704913e-01  -8.65610585e-01  -4.29955769e-01  -1.51119569e+00
   1.69572245e+00   6.43850936e-01  -5.90044885e-02   1.01731713e+00
   1.34343250e-01  -2.12369192e+00   1.69527839e+00   1.71735098e-01
   7.15878619e-01   1.45930406e-01   3.09430677e-01  -1.48691806e+00
  -6.65562346e-01  -5.20379696e-01   6.31534509e-01  -1.95259370e-01
  -1.08010440e+00  -1.10204770e+00   6.34885183e-02   9.72920286e-01
  -2.28365483e+00   1.56248124e+00   3.39073028e-01  -3.13473160e-01
  -1.03981072e+00   7.97979645e-01  -1.12977104e+00   8.04208236e-01
   2.60294833e-01  -3.72742638e-01   4.43439759e-01   1.08842086e+00
   1.46073850e+00  -2.68265250e-01  -3.66716460e-01   2.19503966e-01
  -9.89780262e-01   1.05721865e+00  -6.95883081e-01  -3.25315010e-01
  -9.84895513e-01  -5.32550336e-01  -1.69698305e+00  -1.25682029e+00
   4.44733215e-01  -7.41169892e-01  -2.68424185e-01   1.16302037e+00
  -7.18474478e-01   1.39591707e+00   7.56354424e-01  -6.59104545e-01
   1.37348247e+00   1.15340113e+00  -1.16310883e+00  -1.53037799e+00
  -1.56925355e+00   2.68083917e-01   3.71261235e-01   3.48055651e-01
  -7.15956924e-02  -4.79769891e-01  -5.53349669e-01  -5.88805324e-01
  -1.02472742e+00   8.54887183e-01  -8.83409964e-01   5.51570991e-01
  -9.30376342e-01   1.54282066e+00  -4.34384485e-01   8.67627735e-01
   3.18612923e-02   6.88877852e-01   2.19861718e+00  -1.01598500e+00
   9.72198552e-01   6.69261059e-01   3.27884877e-01   2.64272105e-01
  -1.38994737e+00   1.23917367e+00   1.13736348e+00   1.13117762e+00
   1.99704097e+00  -1.46898002e+00  -9.40012525e-01  -2.42052702e-01
  -1.71625821e-01   1.10820241e+00   8.51021778e-01  -8.14900205e-01
  -2.04511552e-01  -4.11117654e-01   1.53498329e+00  -2.97962776e-01
   1.14082062e+00   4.03885918e-01  -1.30160999e+00   2.64447212e-01
   1.01636489e+00   8.47930411e-01   5.32148358e-01   6.37640013e-01
   5.16103648e-01  -1.20395762e+00  -1.67312537e+00  -4.23141060e-01
  -1.65359300e+00  -4.07901659e-01  -2.76662715e-01  -3.40910597e-01
  -1.78189738e+00   1.57141547e+00   4.40663236e-01  -1.20158829e+00
  -6.09979654e-01   6.94413851e-01  -2.43965378e+00  -4.48013907e-01
   6.52163142e-01  -1.14339056e+00   1.59922013e-01   7.06526663e-01
  -7.46016633e-02   1.36489149e+00   6.19530029e-01  -8.26455223e-01
  -2.80362132e-01  -4.32852735e-01   4.73549008e-01  -9.34440556e-02
   1.86073361e-01   7.93553319e-01   9.49788134e-01   1.85937370e+00
   1.55086542e+00   1.48656612e+00   1.03696880e+00   6.72476606e-01
   1.00040872e+00  -1.13098730e+00   1.12463678e+00  -1.29532509e-01
  -2.62832341e-01   1.03829973e+00  -6.30607591e-01   1.35988869e+00
   8.72905533e-01  -3.85600996e-01  -5.64977352e-01   6.30989522e-01
  -9.02009700e-02   4.18000513e-02   1.51567499e-03   3.78058235e-01
   1.86891942e-01   4.67348753e-01  -1.75745865e+00   7.25990632e-01
  -1.39536815e+00  -5.94988048e-01   2.59691120e-01   9.93109101e-01
  -1.57255491e-01   6.66476894e-01  -1.88395837e+00   1.44044334e+00
   1.36854246e+00  -3.92655695e-01   1.16495989e+00  -8.43281912e-01
   1.17855485e+00  -7.36043948e-01  -4.12592418e-01   1.13141643e+00
  -5.92685508e-01   1.13619607e+00  -4.77363312e-02  -1.24174999e+00
  -8.33959270e-01   8.62592454e-01   6.00863552e-01  -1.38216479e+00
  -5.40313989e-02  -5.21421420e-01   5.77140636e-01   1.72913226e+00
   4.48254104e-01   1.14241248e+00   3.76448265e-01   3.96572807e-02
   8.58399246e-01  -9.17455459e-01  -4.34112106e-01   9.18605114e-01
   1.00168063e+00   2.00880707e+00  -5.01756923e-01   7.33857377e-01
   5.86972637e-01   2.08915892e-01   1.35250144e+00  -6.42032444e-01
   9.56655594e-01   8.61023257e-01   1.13741282e+00   8.38311781e-01
   6.20203571e-01  -4.36020905e-01  -1.68434195e+00   5.76205087e-01
   1.02838903e+00  -9.73593894e-01   5.02516848e-01   3.48732569e-01
  -8.13495036e-01  -4.87310331e-01  -2.64530664e+00   6.23862829e-01
   2.59883273e-01   1.89837987e+00   1.40569808e+00   5.62551177e-01
   1.08781606e-01   2.13997398e-01  -4.84674824e-01   1.13115371e-01
   3.00876841e-01  -9.49172510e-01  -4.08432614e-02  -9.93301654e-01
  -1.19891974e+00   1.27585683e+00   2.58107265e-01  -1.31875973e+00
  -4.93830879e-01  -3.09660831e-01  -8.72035419e-01  -6.42162381e-01
   4.20694001e-01   6.21602344e-01   8.76410520e-01   1.72360383e+00
   4.17771646e-02  -7.62704991e-01   3.48324303e-01  -1.06732473e+00
  -5.42492090e-01   1.26535187e+00  -1.11971679e+00  -4.21863588e-01
  -8.42138225e-01  -4.56040890e-01   5.11999062e-01   9.60838046e-02
  -1.07843891e+00  -5.03535641e-01  -1.78915070e-01  -1.15770304e+00
  -2.14739174e-01   8.50393025e-01  -1.54535641e+00   6.38013568e-01
   1.30771992e+00   1.60116692e+00  -7.82089408e-01  -1.10095082e+00
   7.57727716e-01   3.41448303e-01   1.59138574e+00  -3.55225937e-01
  -6.39642469e-01   1.57242427e+00   5.16069410e-01   6.98684813e-01
   6.58875013e-01  -4.36059013e-01   1.28971355e+00   1.01905938e+00
   2.72366966e-01  -1.25451911e+00  -4.49289238e-01   8.58303768e-01
   1.56267039e+00   2.24970035e+00  -3.52712686e-01   1.58068284e-01
   1.90123271e-02  -2.96264082e-01   8.21519787e-01   4.62094669e-01
  -3.48287119e+00  -1.20021634e+00  -2.03919951e+00   3.92700778e-01
  -6.18074393e-01  -9.09294287e-01   2.07926962e-01  -5.39710847e-01
  -9.56599301e-01   1.56379319e+00   4.01648614e-01   1.67510840e+00
  -6.33405062e-01   2.71144390e-01  -1.48902020e+00   8.62275782e-01
   8.96064900e-01  -1.81668023e+00  -1.63611321e+00  -8.92975730e-01
  -1.80147240e-01  -7.23646001e-01   2.10256212e-01  -2.08199190e+00
  -3.97181748e-01   9.73985637e-02  -3.27243348e-01  -2.78531170e-01
   1.29626513e+00  -6.46054412e-01   2.49585532e-01  -1.34905289e+00
  -4.75313648e-01  -5.52710297e-01   4.59172577e-01  -5.59874705e-02
   9.91001634e-01  -9.28328884e-01  -1.10417177e+00   1.62316847e+00
  -8.09625067e-01  -1.69087377e+00  -7.58224146e-01  -1.42427400e+00
   2.52912234e-01   1.42713692e+00  -9.96700618e-01  -1.64083453e+00
   6.80748710e-01   5.08779006e-01   2.40491473e-01   8.53788904e-01
   6.74935306e-02   1.50309203e+00   6.97224810e-01  -2.54922503e-01
  -1.05349598e-01   2.69558948e+00   5.87164683e-02  -4.67686048e-02
  -6.87856483e-02   4.55028189e-01  -1.77893017e+00  -1.11817890e+00
  -2.41395241e+00   1.53147107e+00  -8.62179870e-01   1.30259441e+00
   4.28478702e-02  -1.62339508e-01  -1.86556336e+00   1.24771161e+00
  -9.51442714e-01   5.01249965e-01  -9.09625223e-01   1.81514112e-03
   2.80059262e-01   9.13828412e-01   1.55665865e-01   8.69836228e-01
   1.88827875e-01   5.68247859e-01   5.92424026e-01   6.70731367e-01
   1.56320534e+00  -2.10555215e+00   9.21634437e-01   1.78425962e-01
   8.12774245e-01  -2.18065843e-01   2.55643917e-01   2.17064129e+00
   3.56328687e-01   1.46097452e+00   7.43710938e-01  -1.16438163e+00
   1.22318042e+00   1.27546804e+00  -1.23776370e-01   5.19731295e-01
   1.66805841e+00  -6.34021479e-01   1.26642115e+00   4.59126898e-01
  -8.60999620e-01   3.21365553e-01   1.25979967e+00   2.79975208e-01
   9.39237654e-01  -1.71635675e+00   8.71341692e-01   3.74145417e-01
   8.91380892e-01   5.88897712e-01  -6.65288113e-01  -9.24536516e-01
  -1.17991869e-01  -1.05588272e+00  -9.39344601e-02   1.28618414e+00
   1.31821835e+00  -1.83351231e-01  -1.81598062e+00   1.09982517e+00
  -1.58864895e+00   1.00534163e-01  -1.17278610e+00   4.76945108e-01
  -6.88985212e-01  -6.91731704e-02   6.00443216e-01  -9.66734594e-01
   2.46026755e+00   6.91137118e-01   5.72700063e-01   3.10992740e-01
  -6.17906146e-01   1.67426126e-01   1.34707489e+00   7.44779623e-01
   6.41728853e-01   1.62099058e+00  -9.72202769e-02  -1.32574909e+00
  -9.26072649e-01   1.48978628e+00   1.50321192e+00  -7.79612119e-01
   5.01011631e-02   9.81966748e-01   1.18503385e+00] [ 0.27058767 -0.60898222 -0.53243485 -0.72854898  0.84487871 -1.38541942
  1.42697153 -0.56282853 -0.41233231  0.00972807  1.27230648  0.76010863
  0.43905138 -1.40020734 -1.05742074  0.29214859  1.47629231  1.292467
  0.76073484 -0.68791501  2.21670259 -0.6051105   1.11012429  0.9496571
  0.18498943 -0.61829732  0.01526833  0.76687407  0.29631768  0.64782725
 -0.83260634  0.60060704 -0.1437401   0.91151108 -1.45794595 -0.52445097
 -1.04614888  0.06596286 -0.91351868 -1.33590436 -1.94482773 -0.48026752
 -0.46069322  0.29557897  0.50053211  0.51536897  0.5419759  -1.61593996
  1.28766334 -0.3782661  -0.26518715  1.38541822 -1.8730568   0.43261198
  1.49593326 -2.46384905 -0.40220693  0.93439975 -1.1395538   0.37981993
  0.86333178 -1.71802439  0.83618396  0.03386046  1.39954048  1.06071776
 -0.88276585 -0.23480248 -0.20230364 -0.07406926 -1.15104103 -0.53795419
 -0.41436133  1.21865207 -1.77540823  0.54001957  0.96394894  2.25999371
 -1.66919155 -1.75874432 -1.46430342  1.88714531 -1.83513438 -1.55525893
  1.68261752 -0.68893304 -1.06327133 -0.70785446  1.11030561 -0.67084148
 -0.09865221  0.75638956 -0.82733768 -0.80321232  0.00812481 -0.38701555
 -1.83069113  1.46578998  0.47812291 -1.49863434  0.95322325 -0.9214665
  0.67488888  0.37198664 -1.88149875 -2.34802317 -0.30144221 -0.58018631
 -1.10215498  1.16105853 -1.82115645 -0.52920657  0.64076599 -0.17382704
 -1.42331193 -0.29157388 -0.53198279 -1.39878798 -0.80938347 -0.06232956
  1.42785035  0.14500333 -2.13949222 -2.01796446 -0.17444473 -1.26858503
  1.12689737  1.32006489 -0.36236394 -1.29244102  1.43151805  1.62536865
 -0.07697027 -0.97124778 -0.34360581  0.73835947 -1.40501973  0.85369501
  0.57525234  0.2079022   0.55982203 -1.17232951 -0.49906139  0.57396061
 -1.55974496  1.93398124  0.45712684 -2.5344343  -1.41653694  0.26179012
 -1.76091901  1.73315694  0.15370499 -0.82857574  0.91710073  2.31595682
 -1.54130437  1.30563923  0.31240743 -0.46840196 -0.22617724 -0.59672217
 -0.89532471  2.23266818  1.40415152 -0.15359018 -1.12662313  0.0886442
 -2.00956116 -0.48575771 -0.64986758  0.87891871 -1.01263725  0.22908163
 -0.80668206  1.20766439 -0.65836721  0.62550347 -0.29293379 -1.21841373
 -0.11885007  0.19982872  0.17672723 -1.58558109 -1.30604247 -1.34422102
 -0.64101842 -0.37213558 -1.22859431 -0.30519593  0.33511941  1.84662008
  0.4668638   1.3172253  -1.95751536 -2.57827015 -0.69135118  1.17497499
  2.18347686  1.50630544 -0.56829008 -0.26114111 -0.78594954  0.4994923
 -0.53753174  1.60612781  0.82797022 -0.52343077  2.06001355 -0.09879774
  1.46440898  1.39877529 -1.34626518 -0.37089351 -0.11249023  0.25205245
 -1.40278342 -0.42643295 -1.09193788 -1.30926293  0.88969552 -1.0184598
  0.10876753  1.14321582 -0.38465697  0.53785787 -0.85498322 -0.78413988
  1.92357824  0.32565413 -1.6051777  -0.58258383  0.43908033 -1.22002009
 -1.04403828 -0.18340575 -1.43957104 -0.27949701  0.83891247 -0.19114047
  0.05344903  1.66653318  1.45121399 -2.17919421 -1.47043292 -0.37687383
 -0.62662884  0.0405497  -0.68034054  1.06246722  0.07349794 -1.68289112
  0.29113368  2.0119442   1.01470454 -0.37809477  0.7652242  -0.56367709
  0.70824303  2.1647743   0.98795688  0.13768531 -1.2427613   1.26174927
 -0.47592461  0.30546049  1.20340803  1.6952889   0.28896751 -1.80473527
  0.06905615 -0.44914857  0.49772241 -1.17104864 -0.08170604  0.80049383
  0.04139946 -0.97258183 -0.0868116  -1.15092048 -0.67971423 -1.49742545
 -1.49261259  0.34210411 -1.30058248  0.47690604  1.36975402  0.99404962
  0.05133244  1.04298887  2.12861451 -0.83376491 -0.8626829   0.55622239
  0.60797291  0.97027366  0.72240863  0.44098451  0.68307818 -1.84071146
  1.00117586  0.68640295  0.58116867  0.52197529 -0.62976161  0.72316766
 -0.61034674 -0.45162563  0.15353397  1.21176466 -1.16379036  0.66325279
  0.19470106 -0.26923715 -0.06768476 -0.46682748 -1.15113979 -1.68134106
  1.60818352  1.95900881 -0.68337452  0.68045807  0.24691025 -0.95391858
 -0.13744351 -1.02340454  0.41192746 -1.0524154   1.67101466 -0.77434265
 -0.7357765  -1.67528178  0.64088827  0.84844042  0.38742306  0.38939116
  0.07623928  1.20354071 -0.86106203 -0.60929351  0.08653234  0.13366278
 -0.12754894 -0.12360414  0.01595384 -0.09793731 -1.77937072  0.55066649
  0.37941093 -0.48468713  0.14897873  0.08914337  0.18740999 -0.47220877
  1.66407716  1.20404511  0.07450827  1.04122256 -0.75920867  1.2185654
 -0.39516504 -0.16429588 -0.26849012  0.19168364 -2.21347642  1.3336806
 -1.40395598  1.30836144  0.87754022  0.70858682  1.33204326 -1.78481196
  0.80773423 -1.70706191  1.29824049 -0.26821661  0.07921825 -1.39084472
 -2.13464451 -0.48138991  1.31726695 -0.16314932 -0.97709445  1.24338385
  0.68371032  1.61133552  0.62767232  1.04264867 -2.20639948 -0.61742589
  1.95553725 -0.54784477  0.25467951 -0.88092145  1.03806186  0.96243199
  1.79102885 -2.62749823 -0.95044845 -1.986429    0.11757005  1.30381536
  0.44453924  0.600069    1.42801585  0.55407076  1.83422336  0.16119451
 -0.17848442 -0.301281   -0.28548582 -0.01985608  0.27677214 -0.79220838
  0.53743979  1.04495006 -1.48214319  1.14906407 -0.31348013  0.44319129
  0.7592286   0.30788091 -0.96396967 -0.57721672 -0.63402437 -0.4274011
  1.44605246  0.35039797  0.48325981  1.21430913  1.08022613  1.58761093
 -1.43040508 -0.57653595 -0.51915318 -1.6873647  -1.50246464 -0.57394651
 -0.19114155  0.3727727   1.1407695   0.98599072 -1.0068905  -1.11616967
  0.96593164 -1.27759542 -0.29482292 -0.72999828  0.16149423 -0.42772728
  0.43346739 -1.72054131  1.24755751 -1.65441302  1.47675927 -0.03863567
  0.41205497 -0.63846764 -0.16882027  0.81798027 -1.05083988  0.35370358
  1.46515245  0.44828131 -0.52916854  0.72961378  0.4287766  -1.3045452
 -0.82261704 -0.36689338  2.8821479   0.06050882  0.10278008 -0.582085
  0.43212334 -0.91088736 -0.0182415  -0.10937878  1.09768378  1.89956686
  0.5019274  -0.54782231  0.20206857 -0.75867508 -0.85389424 -1.35611546
 -0.24544672 -0.20283186  3.36211974  0.2213539  -1.79861193  0.62069843
 -1.72497412  1.98281615 -0.37508976  1.13115319 -0.73561052  0.32677185
  0.10740011  0.61206235 -0.03840016  0.46344732 -0.02681087 -0.56952263
 -0.71636795 -0.09351664  0.54421792  1.22526168 -1.24229244 -0.73876644
 -1.06559676 -0.32215699  0.32996838 -0.27199331  0.36539823  0.77216016
  1.72357447 -0.77658104  0.28653153 -0.11309592  0.15483364  1.75793856
  0.90783003  0.10360422  1.3754756  -0.04984233 -0.6573622  -0.94545562
  1.09912223  1.47282571  0.14106678  0.57357882 -0.22684873 -1.16735808
  0.51274373  1.11227853 -1.58281891 -0.88547158  0.46589372 -0.92672525
 -0.36660987 -0.82027919 -0.50368591  1.20670498  0.82813303  0.26864757
  0.89528257  0.80698034  0.39274065 -2.23689351 -0.48036748  1.28074655
  0.02529261 -0.67916292  0.95954108  1.34729363  1.12539548  0.55327449
  2.37594922  1.88853594 -1.85228403  1.49029067  0.35598732  0.05483454
 -0.99630695  0.79401683  2.56039573  0.90000737  1.67314108  0.17323459
 -0.23638078  0.89826951  0.57238882  1.67425491 -2.62009291 -0.07851432
  2.52076695  0.81766508  0.20186083 -1.14961066  0.69323936  0.17771118
  2.20198806 -0.22206501 -0.46473604 -1.91740731 -0.38241175  0.43092326
  0.35088892  1.15896432  1.29177293 -1.50512029 -1.58722411 -0.05895674
 -0.65851051  1.23901256  0.64677698  0.75970404 -1.34759789 -0.84074199
  0.40694303  2.17410958  1.46037401  0.83348031  0.33033217  1.34790189
  1.52335804  0.5782157  -0.34616759 -0.08258444 -0.22092799 -1.15651153
  0.05594024  2.20605479 -1.15669102  0.38968457 -1.23467951 -2.55380237
  0.79071296 -1.80480947  0.2759899   0.55445015  1.15671388  1.40739005
  1.55484457  2.04242506  0.25960096  0.27731098 -0.08859951 -0.43297472
 -1.60676124  0.49695327  0.7718034  -1.01747774 -0.8094562  -0.17016992
  0.98012079 -0.00356907 -0.25254169 -1.14701463  1.47578621  0.71512142
  1.28783907  0.10637754  1.23841098  2.13250996 -1.49926984  0.13819857
  0.20808089 -0.0660361  -1.11260779  0.28877872  0.21765845  1.09578071
 -0.52524755  0.16529936  1.17390654 -1.70440346 -1.29576474 -0.90972741
  1.50849035 -1.16986067 -1.20984874 -0.91825171 -1.74720983  1.57522702
  1.87910118 -0.69416184 -0.42521129  0.69786084 -0.22680007 -0.86469514
 -0.7511769  -0.09613452  0.47428776 -1.61020342  1.38521835 -1.19155814
 -0.12329221 -1.65963537 -0.43934943 -0.04388822 -2.37399967  0.45442875
  0.12698196 -0.05657173 -2.64531904 -0.23536492  0.8853715   0.86496366
  1.46176684  0.25676366  0.09471118  0.41277807  1.15566814 -0.0902507
  0.19490836 -0.99500815  1.35281842  0.69458392 -0.89425277 -0.78878292
  0.17866172 -0.49462447  1.19157917 -1.30132794 -1.84138018 -0.26149196
 -0.2388663   0.52386977 -0.3082902   0.3395805  -1.38436813 -0.41888591
 -0.44982616 -0.07081789  0.37858165 -0.28382891  0.85279412 -1.55083384
  1.05189417 -0.1574805  -0.76048325 -0.39478035 -0.38805504 -0.70511247
 -0.74597262 -1.54182861 -0.18330362 -1.03789375  0.05608672  0.30362354
 -1.23969341  0.04392583 -0.66259374  1.27896807 -0.74805374  0.40334218
  1.67084269 -1.59738984 -1.17930567 -0.07023007  0.33182616  0.90297187
  1.04660998  1.47851759  0.3701239   0.19166979  0.15802102  0.33152385
 -0.02326204 -0.10551119 -0.95855896  0.6072654  -1.43496391 -0.14994947
 -0.09062297 -0.9364959  -0.24560487  0.48770622  1.39638307  1.80961043
 -0.99319941  0.70422097 -0.44088126  1.01227188 -1.37109465]

*** Componentes principais [T] (somente originais):
[ 2.17941897  2.87369449  1.08206544 -0.62342727 -0.6070193  -0.81164187
 -1.75652645] [-0.89951177 -2.71249967  1.87792686  1.33340664  0.54899523 -1.08699189
 -1.43837741] [ 0.70811333  1.63060974  0.51146201  0.3549027   0.05107997 -1.53320776
 -1.51777292] [ 0.27058767 -0.60898222 -0.53243485 -0.72854898  0.84487871 -1.38541942
  1.42697153]

*** Contribuições (autovetores) [P] (idem para todos e originais) ###TABLE VI.### Percentages of the contributions from each musical characteristic on the four new main axes.

C1 [20.046521087429905, 13.597559864826081, 1.8373848988386006, 19.529471398894767, 9.7193945432922586, 5.476980875682691, 16.464806624716736, 13.32788070631895]
C2 [6.0905494317078759, 8.8253911645306662, 25.674576560743617, 13.005157358212942, 17.250051267946834, 6.8968097380356852, 13.434120269091851, 8.8233442097305232]
C3 [8.3111009560900229, 19.488889629538225, 11.51566282705776, 7.308648037892354, 3.6565506660849825, 19.054249053606341, 16.215297043395744, 14.44960178633457]
C4 [13.548156705765196, 6.3177737483639724, 8.9651424434851581, 6.5594627378755934, 23.975062007952555, 25.403013148936456, 0.13520144835431427, 15.096187759266764]
princ_orig [[ 2.17941897 -0.89951177  0.70811333  0.27058767]
 [ 2.87369449 -2.71249967  1.63060974 -0.60898222]
 [ 1.08206544  1.87792686  0.51146201 -0.53243485]
 [-0.62342727  1.33340664  0.3549027  -0.72854898]
 [-0.6070193   0.54899523  0.05107997  0.84487871]
 [-0.81164187 -1.08699189 -1.53320776 -1.38541942]
 [-1.75652645 -1.43837741 -1.51777292  1.42697153]]
princ [[ 2.17941897 -0.89951177  0.70811333  0.27058767]
 [ 2.87369449 -2.71249967  1.63060974 -0.60898222]
 [ 1.08206544  1.87792686  0.51146201 -0.53243485]
 ..., 
 [ 0.23914077  1.36744905  0.05010116 -0.44088126]
 [ 1.90792131  0.22676687  0.98196675  1.01227188]
 [-1.01018008  0.93123096  1.18503385 -1.37109465]]

###TABLE VII. TABLE VIII###.


*** Oposição:
[1.0, 1.0390992734248685, 0.061083962456660812, 0.19890866174875596, 0.43672614384378983, 0.19204760971589241]

*** Inovação:
[0.0, 0.67749527821129352, 1.790797931112819, 1.5622065671709287, 2.7223015684540521, 2.8366942741159851]

*** Dialéticas:
[3.4314434391163324, 2.6685936323178669, 0.98031766924604125, 0.087523516791948322, 0.13382506224977692]
[ 1.          0.77186959  0.26699029  0.          0.01384649]
dados [[-0.54294553  0.16189072  0.16284343 ..., -0.54737705 -0.22709425
   0.69855116]
 [ 0.77520192  1.65202281  0.97500717 ..., -0.43465542 -0.62949551
  -0.83825143]
 [ 2.0151557  -1.42346668  0.31422247 ..., -1.87799822  1.24171843
   1.19115431]
 ..., 
 [-1.03601256 -1.00468526  1.4441676  ...,  1.85907573 -0.77133819
  -0.53546332]
 [ 1.63913036 -1.57493019 -0.95729817 ...,  1.56536674 -1.45755771
  -0.6602695 ]
 [ 1.09820472  0.4354619  -1.15302808 ...,  0.2770306   0.55535203
  -0.25327802]]
###TABLE V.### Average and standard deviation of the deviations for each composer and for the first 4 eigenvalues.
main_means [2.5113798034198602, 4.0206555022933639, 2.441187932965291, 1.9265404535673347, 1.4769814355909272, 1.8001630642393838, 2.5311747032928]
main_stds [0.96184735326540616, 1.0587261020068854, 0.95386930327019537, 0.87487230034315178, 0.77793199140420788, 0.83457737282263444, 0.99416465090930206]
eigenvalues means [-0.10912612 -0.04104189 -0.04301146 -0.01220202]
eigenvalues stds [ 0.00410489  0.00291662  0.00249418  0.00239828]
