
*** Dimensões da tabela de notas: (174, 8)

*** Tabela geral de notas:
[[ 3.          3.5         9.         ...,  3.5         5.          4.5       ]
 [ 8.          7.5         7.         ...,  8.          2.5         2.5       ]
 [ 1.5         2.5         9.         ...,  2.5         7.5         7.5       ]
 ..., 
 [ 1.23753347  2.64239724  8.50488922 ...,  2.12702312  8.54222192
   6.11026807]
 [ 1.25850303  4.36267638  8.34306324 ...,  1.66484955  3.88478413
   4.415042  ]
 [ 4.81823296  2.67831158  8.51157913 ...,  5.61724154  6.31988975
   4.19781401]]

*** Matriz de covariância:
[[ 1.    0.36 -0.22  0.09  0.15  0.51 -0.35 -0.4 ]
 [ 0.36  1.   -0.59  0.19  0.04  0.68 -0.59 -0.22]
 [-0.22 -0.59  1.   -0.37  0.46 -0.31  0.3  -0.03]
 [ 0.09  0.19 -0.37  1.   -0.27  0.08  0.22  0.28]
 [ 0.15  0.04  0.46 -0.27  1.    0.27 -0.2  -0.21]
 [ 0.51  0.68 -0.31  0.08  0.27  1.   -0.61 -0.43]
 [-0.35 -0.59  0.3   0.22 -0.2  -0.61  1.    0.54]
 [-0.4  -0.22 -0.03  0.28 -0.21 -0.43  0.54  1.  ]]

*** Pearson (igual matriz covar.):

['1.0', '0.36', '-0.22', '0.09', '0.15', '0.51', '-0.35', '-0.4']
['0.36', '1.0', '-0.59', '0.19', '0.04', '0.68', '-0.59', '-0.22']
['-0.22', '-0.59', '1.0', '-0.37', '0.46', '-0.31', '0.3', '-0.03']
['0.09', '0.19', '-0.37', '1.0', '-0.27', '0.08', '0.22', '0.28']
['0.15', '0.04', '0.46', '-0.27', '1.0', '0.27', '-0.2', '-0.21']
['0.51', '0.68', '-0.31', '0.08', '0.27', '1.0', '-0.61', '-0.43']
['-0.35', '-0.59', '0.3', '0.22', '-0.2', '-0.61', '1.0', '0.54']
['-0.4', '-0.22', '-0.03', '0.28', '-0.21', '-0.43', '0.54', '1.0']

*** Autovalores (var. %):
[39.0, 25.0, 11.0, 9.0, 6.0, 4.0, 3.0, 3.0]

*** Dados finais:
[[ 0.75639141 -0.02558023  0.35672112 ...,  0.70667977  0.35283126
   1.44057371]
 [-1.10168399 -1.0152671  -0.97774607 ..., -0.21719932 -1.08268469
  -1.23130825]
 [-0.86637026  0.92772912  0.61010128 ...,  1.60776689 -2.59576946
  -1.32709149]
 ..., 
 [-0.09773627 -1.03202816  1.14810872 ...,  1.06037304 -0.3648756
  -0.00687597]
 [ 0.05193529 -0.29764063  0.31788952 ..., -1.00245477  0.14095229
   0.95977609]
 [ 0.89667421 -2.40183108  2.04803988 ...,  1.98226985  1.11267798
   0.60153366]]

*** Componentes principais [T] (todos):
[ 0.75639141 -0.02558023  0.35672112 -0.23216451  0.47711027 -0.72357295
 -1.17763545 -1.39104117  0.92807196  0.62479628 -0.52752563  0.2323115
  0.89191772  0.68956267 -0.59766817 -0.10275191 -0.42330038  0.5739759
 -0.24188525  0.53475639 -1.41010117 -1.04141668 -0.09455373 -0.71572828
 -0.54657786 -0.04688372  1.06080572  0.79659075  1.27433065  1.42586611
 -0.73902217 -1.21889813 -1.09992005  1.53792353  0.37505661  0.25593391
 -1.38261935  0.428302    0.84663437 -1.36657108  1.61242828 -0.64511009
  0.04642485  0.83571011  1.08104032 -0.40092983  0.36168104  1.48651114
  0.15818377  0.81621861  0.81492502 -0.08894093 -1.04740614 -0.48954588
 -0.95642709  0.69036522  1.95860039  0.61047961 -0.66306775  1.37694465
 -1.60540291  0.59633299  1.0364776  -0.87783232 -0.69206163 -0.83562519
  0.92978982 -0.89954893  0.37891291  1.44588175  0.53008752 -0.17112978
 -0.87388493 -0.1174312  -1.02467653 -1.36163292  0.6500415  -0.92715282
 -1.05662895  0.2131234  -0.37768102  0.59601767 -0.14648791  0.5951736
  0.91309342  0.00414797  0.72244211  0.64853391 -0.73682164 -0.63402403
 -0.83415046  0.15514104 -0.11869296  2.20628985 -1.22815824 -0.90568682
 -0.32509146 -0.68859499  0.08187964  0.06795678  0.31605432  0.19872918
 -0.37016235 -0.3489925  -0.92674322  0.64826876 -0.32079767 -0.17950737
  0.24172316 -0.07658304  0.93335172 -0.02469968  0.25170673 -1.01536835
  0.64334067  0.20959222  0.69755818  0.51720393 -1.27263613  0.31338575
 -1.91113     0.37949685  1.05093577 -0.20836317 -0.81756699 -0.39616506
 -1.03559954 -1.05302783 -0.26553872  1.34931044 -0.8208412  -0.37787092
 -0.09283074  0.36924035  0.34278706 -1.70425936  0.65680413  0.01180977
  0.08781418 -0.73104473  1.23245158  0.21400094 -0.1761475   0.30106062
  0.03580803 -0.01345811  0.48592901  0.84165107  1.44717007  0.35502396
  0.04990155 -0.01938847 -1.14382197 -0.24093432 -0.20174635  0.05963823
 -0.88942587 -0.49475049 -2.37802254 -0.33138718  0.42755116  0.18356435
  0.70167165  0.3197967  -0.51413875 -0.37686554  0.19374     0.38370148
  0.41336487 -0.9247047   0.43664506  0.70667977  0.35283126  1.44057371] [-1.10168399 -1.0152671  -0.97774607  0.29873669 -0.21878775  1.99101912
  2.54043147  1.05546059  0.28987597  0.32915158 -1.37682619 -0.65435492
  0.68379207 -0.67312917 -0.70315474 -0.3972699  -1.58185739 -0.72268695
 -1.16464341 -0.31244797  2.89697551 -1.36967478 -1.46724631  2.49354402
  2.6377503  -0.37586039  0.07602765  0.28815371 -0.17632181  0.21556099
  1.5474025   2.51056994 -1.34092042  0.03512552 -1.19423715 -0.5038523
  1.81977817 -1.08640619 -0.16341137  2.53833976 -0.26339937 -0.20320527
 -0.5806266  -0.66900711  0.00713866  2.88994693 -0.15333137 -0.10901052
  1.9124024  -0.03274397 -1.49179638 -1.14656451 -1.02131676  1.6328437
  2.32204748 -1.55964361 -0.49434154 -1.16079943  2.36927339  0.0665886
  2.20432574 -1.25937802 -1.70788298  1.87804404  2.29243923 -0.91258682
 -0.77865156  1.87163186 -0.8495766  -1.42321854  0.1648349  -1.68968292
  1.70348244 -0.41169877 -0.90871066  2.7868645   0.29698835 -0.27791078
  2.53164668 -1.03140518 -0.85047274  0.04157719 -1.37987433 -0.91064799
 -0.06369026 -0.03554114 -0.84154329  0.01147379  1.34893352  1.81773255
  0.52137504 -1.30260898 -1.5577983   0.11247741  2.09344748  1.84266991
  0.43466821 -1.14083506  0.82503096 -1.1404203  -1.07856325 -0.41653182
  0.56722067 -1.51799905 -1.07122477 -2.08313336 -0.86601517 -0.26373102
  0.11974605 -0.93764824  1.27751528 -0.50265499 -1.50064905  2.73193565
 -0.04076332  0.71736453 -1.74022632 -0.59093693  2.05939337 -0.20597422
  2.13148272 -0.99446568 -1.33046678 -1.02536652  2.43164843  2.40451267
 -0.26020213  2.52707586 -2.04655277  0.77303399 -0.27548464  0.98894575
 -0.56861319 -1.17118523 -0.72353429  1.84927972 -0.01275073  0.70045547
 -1.33837398 -0.72658274 -0.37028749 -0.65492781 -0.7708261  -0.7206974
 -0.85113922 -2.1442302  -1.11687703 -0.49736497 -1.49806559  0.26247655
  1.6526543   2.48164579  1.84576208 -0.56917939 -0.68917519 -0.94095878
 -1.58600054 -0.20647546  1.78670491 -0.03422652  0.13741191  0.04272185
 -0.5612124  -0.01084152 -0.34040955 -1.19017944 -0.97961738 -2.19199544
 -0.14007025  2.01892427  0.08779569 -0.21719932 -1.08268469 -1.23130825]

*** Componentes principais [T] (somente originais):
[ 0.75639141 -0.02558023  0.35672112 -0.23216451  0.47711027 -0.72357295
 -1.17763545] [-1.10168399 -1.0152671  -0.97774607  0.29873669 -0.21878775  1.99101912
  2.54043147]

*** Contribuições (autovetores) [P] (idem para todos e originais)

C1 [14.743657313218911, 18.21819576080382, 11.009790346030837, 0.68437930080706721, 4.3821634530954832, 18.190192688487045, 13.372523081846809, 19.399098055710024]
C2 [1.3170017173647468, 9.5545816123505958, 22.964550930443277, 22.433731977916889, 22.026578277288149, 6.0589691701950779, 14.500916057910318, 1.1436702565309236]
C3 [14.274207312050786, 0.30048488250730609, 10.214199763552239, 22.406445807853085, 21.144774973806108, 13.438852720757721, 9.7792781498244157, 8.4417563896483294]
C4 [26.315043768453162, 16.119844216793954, 1.6820120809867511, 4.373168860982358, 16.508915718885277, 8.4836651602324427, 20.209471148280752, 6.3078790453853086]

*** Oposição:
[1.0, 0.48964710551224566, 2.2419976505584134, 0.38632930192595499, 1.9434725589330701, -0.17783532694563198]

*** Inovação:
[2.2377260456559048e-16, 0.053529314811214729, 0.058189959857350003, 0.37022407712163091, 2.0391479941175814, 0.23993383404947261]

*** Dialéticas:
[0.022243236973717818, 0.70109956245790539, 0.045640997951360375, 2.0881924113986168, 0.77815208952468617]
dados [[ 0.78495152 -0.17906321  1.18340466 ..., -0.54835733  1.15579    -0.80406277]
 [-0.93756139 -0.09439273  1.36856522 ..., -0.59038893  1.35643587
   0.24728995]
 [-0.48336132 -1.96453405  0.29518447 ..., -0.36321527  0.17271087
  -0.75349863]
 ..., 
 [ 0.0236567   1.13185521 -0.17765441 ...,  0.02868893  1.95219125
  -0.65640681]
 [-0.17704602 -0.19928409  0.27596034 ..., -1.20286135 -0.14658596
   0.4414327 ]
 [-0.53182198 -1.22476394  0.76437713 ..., -0.98980576  0.25658114
   1.65696045]]
main_means [1.8614373790832703, 1.645527538148827, 1.7645716077578386, 1.501518772254923, 1.5247866474275222, 2.4051044738262859, 3.1066924965970477]
main_stds [0.87904018975757248, 0.80911810999511113, 0.81565254836993073, 0.751353575837169, 0.73445589911031051, 1.007756649385692, 1.0558167641968492]
eigenvalues means [-0.22539399 -0.09498389  0.02404968  0.03389991]
eigenvalues stds [ 0.00999193  0.00594244  0.00491611  0.00433952]
