
*** Dimensões da tabela de notas: (364, 8)

*** Tabela geral de notas:
[[ 3.          3.5         9.         ...,  3.5         5.          4.5       ]
 [ 8.          7.5         7.         ...,  8.          2.5         2.5       ]
 [ 1.5         2.5         9.         ...,  2.5         7.5         7.5       ]
 ..., 
 [ 7.50141889  2.89869705  7.03427851 ...,  2.87533212  6.59920386
   4.35815773]
 [ 8.3890724   2.00810837  3.04122623 ...,  2.02868346  2.44089188
   1.08256562]
 [ 6.14702998  6.02599022  1.91868427 ...,  4.99663689  4.2947881
   6.62090679]]

*** Matriz de covariância:
[[ 1.    0.28 -0.27  0.28 -0.08  0.39 -0.18 -0.35]
 [ 0.28  1.   -0.52  0.21  0.04  0.65 -0.43 -0.1 ]
 [-0.27 -0.52  1.   -0.31  0.44 -0.31  0.28 -0.06]
 [ 0.28  0.21 -0.31  1.   -0.13  0.19  0.15  0.19]
 [-0.08  0.04  0.44 -0.13  1.    0.15 -0.09 -0.1 ]
 [ 0.39  0.65 -0.31  0.19  0.15  1.   -0.43 -0.27]
 [-0.18 -0.43  0.28  0.15 -0.09 -0.43  1.    0.44]
 [-0.35 -0.1  -0.06  0.19 -0.1  -0.27  0.44  1.  ]]

*** Pearson (igual matriz covar.):

['1.0', '0.28', '-0.27', '0.28', '-0.08', '0.39', '-0.18', '-0.35']
['0.28', '1.0', '-0.52', '0.21', '0.04', '0.65', '-0.43', '-0.1']
['-0.27', '-0.52', '1.0', '-0.31', '0.44', '-0.31', '0.28', '-0.06']
['0.28', '0.21', '-0.31', '1.0', '-0.13', '0.19', '0.15', '0.19']
['-0.08', '0.04', '0.44', '-0.13', '1.0', '0.15', '-0.09', '-0.1']
['0.39', '0.65', '-0.31', '0.19', '0.15', '1.0', '-0.43', '-0.27']
['-0.18', '-0.43', '0.28', '0.15', '-0.09', '-0.43', '1.0', '0.44']
['-0.35', '-0.1', '-0.06', '0.19', '-0.1', '-0.27', '0.44', '1.0']

*** Autovalores (var. %):
[34.0, 21.0, 13.0, 12.0, 6.0, 5.0, 4.0, 3.0]

*** Dados finais:
[[ 0.32393197 -2.85803686  2.35173924 ...,  0.243728   -0.75479349
   0.23564827]
 [-0.73262454  1.61496447 -0.87579509 ..., -0.95380398  0.52945795
   0.42026749]
 [-0.26975622  0.37566149 -0.35002521 ...,  0.60958061  0.56841448
   0.12419899]
 ..., 
 [ 0.15440265 -0.10879595 -0.00660929 ..., -1.23529907 -1.60472456
   0.83327819]
 [ 0.44828395  0.27121339  0.59641098 ...,  0.02405425  0.36219192
  -0.72933508]
 [-0.31800322 -0.20233197 -0.61944444 ...,  0.42594908  0.1174699
  -0.24209182]]

*** Componentes principais [T] (todos):
[ 0.32393197 -2.85803686  2.35173924 -0.69273657  0.69026765 -2.28099955
  0.09745392 -2.4273159  -0.90189547 -0.5821944  -2.16896493 -3.0782927
  0.1394951  -0.10937598  2.16335963 -1.63876573  0.54835502  0.13150218
 -3.0430419   0.91493927  1.59447879  0.64577753  0.50645958  0.60241524
  1.0894745  -0.74097198 -2.18979951 -1.86216686 -0.42403101 -0.16975108
 -0.10697442  0.02454173 -1.30207633  0.78720144  1.03729302 -2.66143372
  0.22775587  0.85613915  1.58955778  0.16020757 -3.57008037 -2.21268492
 -0.44001293 -0.71006705  2.03496297  0.53392487  1.80545285 -0.00823705
  0.21875177  2.37656177 -1.56184767 -1.55996605  1.20706184 -2.72861404
  1.55137438  0.69675212 -0.83775283  0.69833928 -0.28601544 -2.58830184
  1.17413389  1.22412017 -0.02210722  0.20374756 -0.50077745 -0.1815661
  0.45927208  0.38275375 -1.13320971 -0.0937625  -0.13267522 -0.05757403
 -0.47896256  0.43343388  0.78926329  0.59635035 -3.01817096  0.01274002
  0.16911696  1.03618768  0.27309084  0.54018395  0.51863085 -1.14250177
 -1.47640517  0.05035605 -3.43803518 -1.81853868  0.41009449 -0.89383118
  0.55527064  1.05294635  1.04526847 -0.75840271  0.42809716 -0.0460254
 -0.08340919 -3.25228863  0.81833645  0.94836463  0.40070912  1.20525041
  1.48633466  0.40677128  2.01695761  1.64489214 -2.74840463  1.7448535
  0.74050559 -2.37396997 -0.60962768 -0.47876532 -0.49083781 -0.91876367
 -0.96844357 -0.1657554  -0.18129142  0.11494838  0.36760088 -2.32837325
  0.39600185 -0.56108089 -1.23116754 -0.53947246  0.60526137 -0.26630711
  1.98826359  0.52810756  2.23982083 -0.49679197  0.44653679  1.14256517
  0.55264156 -1.15736687  0.82484385  0.86036401 -0.16867926 -0.24162729
 -1.67375959  0.76022102 -3.27867682 -2.92793685  0.26839887  0.40612479
 -0.69346863 -0.673426    0.4402563  -0.07893134  0.82156853 -2.29638491
 -2.38164854  0.45364628 -2.18202744  0.23913739  0.98539789 -3.21639052
  1.43206741  1.92761946  0.08909402 -0.29081626 -0.79594032  0.55281267
 -0.68224471  2.14608717  0.82639685  1.37643105  1.11524516  2.38963579
 -0.84775127  0.47422986  0.33014945 -0.63706709  1.1871345   1.47249001
 -0.90874227  0.32921223 -2.25787649  1.59389299  0.33125182  1.71847556
 -0.02637503 -0.48492628  0.28859256 -2.42541299  2.72848858  2.09558977
  0.30140972 -3.02216671  0.5311187  -0.53463843 -2.50275995 -0.16523403
  0.68534069  1.16105369 -0.99767603 -0.62982528 -0.79602691  0.4700201
  0.37445118  0.96833374 -0.21363239  0.86849697 -0.25356335  0.27290668
  0.91264686 -0.16670832 -2.6067717   2.87170487  0.25594295 -1.51582333
 -0.17334201  2.74356613  0.69109031 -0.64157307  2.5582596   1.30132768
 -0.00832541  0.10055    -1.75323336  0.42812678  1.99938566 -2.02168873
 -0.03696869 -0.47382851 -0.231565    1.14872473  1.591772    0.21395388
 -0.24951726  0.356429    0.24881386 -2.11407892  1.22133462  0.04696374
 -1.87973673 -0.43290823  0.83122716  0.6275152   1.12975163  0.35188652
 -0.39496194 -2.847011    0.59209031  2.44221298 -2.49213489  1.26802481
  0.57049886  0.5206071   0.30763701 -0.03331834  0.80858712  0.16265233
  0.74642092  0.47155014  0.21854374  2.24050735  1.75140422 -2.55300074
  1.38177823 -1.07910114 -1.40346835  1.75544226  1.39160464 -1.20810229
  0.68010389 -2.6064632   0.89881808  2.08168262  2.27618165  0.09211864
  1.15478957  2.33390537 -0.74467182 -0.52326656  1.86472928  1.16227781
  0.8309852  -1.59295336  1.01919868  1.02527813 -1.8125232  -0.72687927
  1.1119115   0.56066848 -0.23685061 -0.26096339  0.66865606  0.36614978
  1.91699436  0.14861397 -0.16620244  1.06347965 -2.1036855   0.49587207
  1.83757329  0.63497821 -0.22048503  1.32490638 -2.11541399 -1.24234174
 -2.3421131   0.05838288  0.95655046 -1.12165526  0.77859349 -0.08284472
 -0.83920165 -2.71769511  1.00180685 -0.06429009 -0.44264616  1.06545867
  0.18261382 -0.0233875   0.24693592 -0.48597392 -0.45486769  2.17031758
  0.17539579  0.30286029  1.02607766  0.01806831 -0.06529029  0.45013691
  1.44553106  0.52951587  0.11114554  0.32124789 -1.89863668 -0.46316901
 -0.33323042 -0.990727   -2.91689064 -2.92317678 -0.64774032  1.71558757
  0.24985707  2.12928459 -0.51832845  0.24251215 -2.36031401  0.77901499
 -0.04969449 -1.24798362  0.269976    0.36237044  1.94801301  0.86185941
  0.83936139  0.87755971  0.76916287  1.6469547   0.96211593  0.06279215
  0.7371169  -2.07656644  0.63183339 -0.71767005  2.41543633 -0.41212514
 -1.79094744  0.243728   -0.75479349  0.23564827] [ -7.32624536e-01   1.61496447e+00  -8.75795094e-01   1.63935463e+00
  -9.73172779e-01   3.49363894e+00   7.41878447e-01   2.12629822e+00
  -1.79720300e+00  -1.64431925e+00   2.72040163e+00   7.89415398e-01
  -9.30480536e-01  -1.54157190e+00   5.40136940e-01  -1.37678807e+00
  -1.10076597e+00   5.66603079e-01   1.49744784e+00  -1.36474883e+00
  -4.58205609e-02  -3.15045991e-01   2.08443035e-01  -1.33134453e+00
   8.53299883e-01  -1.83007840e-01   1.32406648e+00   1.00491566e+00
   6.02704731e-01  -3.69851677e-02   6.87368354e-01   2.24703873e-01
   1.42682073e+00   6.15814742e-01  -4.35383613e-01   9.67432890e-01
  -1.02131848e-03  -2.72842669e+00  -6.56009137e-01   2.13056036e-01
   1.86407050e+00   3.05137893e-01  -1.36234014e+00  -7.08506280e-01
  -7.39955544e-02   2.82405897e-01  -1.21487028e+00   7.98677009e-01
  -1.08825891e+00  -9.23147432e-01   2.32741968e+00   1.37043495e+00
  -1.40399145e+00   1.16233918e+00  -7.85308720e-01  -1.07371775e+00
   1.94358623e-01  -1.00649806e+00  -9.74869988e-01   1.03300393e+00
   3.15854189e-01  -1.99823052e-01   3.84814093e-02  -6.00796523e-01
   1.87719595e+00  -1.52460997e+00  -1.40645760e+00   5.23293946e-01
   1.62042617e+00  -1.38806056e+00   1.07508048e-01  -9.41493594e-01
   1.57438149e+00  -1.43118315e+00  -1.49604729e+00  -9.82467466e-01
   2.22805945e+00   5.61912348e-01  -8.57479635e-01  -6.26001192e-01
   1.26610624e+00  -1.06394135e+00  -1.06260510e+00   1.31794920e+00
   1.01384898e+00   8.05922221e-01   1.81989905e+00   7.17121478e-01
  -1.98742842e-01  -2.09775645e-01  -5.54015947e-01  -8.61850205e-01
  -8.24672141e-01   1.10058258e+00  -1.81615499e+00   5.60132320e-01
   2.89512184e-01   1.08546947e+00  -2.18879735e-01  -1.59982398e+00
  -9.77534514e-01   2.40563930e-01  -5.04310408e-01   7.82999361e-01
  -1.51345777e+00  -8.43853294e-01   1.20747837e+00  -1.25210670e+00
  -8.86413570e-02   8.60261942e-01  -1.40537861e+00   4.51192460e-01
  -5.86247491e-01   8.04943874e-01   1.01258256e+00   5.41597438e-01
   5.22105267e-01   4.44941943e-01  -5.68393238e-01   2.05819055e+00
  -5.98771015e-01  -2.43908426e-02  -1.49168241e-01   1.70896579e+00
   8.93856371e-02   6.84122062e-01  -7.62911813e-02  -1.01352110e+00
   4.08070586e-01   1.85940417e+00  -1.29325077e+00  -9.07621669e-01
   5.65256103e-01  -4.23477290e-01  -8.43541620e-02   3.21855922e-01
   6.36436403e-01   1.46746468e+00   2.43429685e+00  -1.17212134e+00
   2.16479328e+00   2.30877311e+00  -1.00547868e+00  -9.69120158e-01
   1.03625526e+00   3.30402092e-01  -2.55984108e-01  -3.88177431e-01
  -9.30928187e-01   3.11200579e-01   1.78834735e+00  -5.35278510e-01
   2.50247222e+00   1.12959227e+00   3.98063696e-01   1.44422245e+00
  -1.32723833e+00  -1.38551165e-01  -4.54623941e-01   1.02063161e+00
  -4.17834405e-01   1.18878886e+00   1.14830706e+00  -9.50207418e-01
  -6.63975208e-01  -2.70955507e-01  -8.86044679e-01  -9.55000955e-01
  -8.96389933e-01  -1.09029986e+00   2.41269108e-01   1.46998546e-01
  -1.70393929e+00  -2.50339300e-01   7.51153809e-01  -3.17682202e-02
   2.52519248e+00  -1.59900082e+00  -1.40728016e+00  -1.07645423e+00
  -5.07969080e-01  -3.96335755e-01   6.12628470e-01   1.33807428e+00
  -1.82831085e-02  -1.53093965e-01  -7.00228597e-01   8.56214057e-01
  -9.39594519e-01   2.44384002e-01   2.00921833e+00  -7.44929378e-01
   4.11463740e-02  -5.93618918e-02   6.80410059e-01  -1.27539591e+00
   1.29014165e+00  -1.83411824e-02  -5.05186781e-01  -9.09298394e-01
  -1.22812592e+00  -8.91248593e-01  -4.63915677e-01  -8.64967912e-01
  -5.34167282e-01  -8.01387176e-01   2.22368842e+00  -5.37326083e-01
   2.25405420e-01   1.26627743e+00  -9.67236140e-01  -1.50440419e+00
  -8.11634537e-02   6.13638621e-01   3.56371573e-01  -1.53780555e-01
  -1.37230951e+00  -4.37020805e-01   2.25172777e+00   1.06260448e+00
  -1.64299336e+00   1.17401984e+00  -2.12619643e-01   8.59809974e-01
  -6.53888225e-01  -5.39015830e-01  -2.77746221e-01  -4.88342650e-01
  -1.10171264e+00  -5.96457331e-01   1.99540792e-01   1.53784704e+00
   1.07428912e-01  -1.23401872e+00   1.27913655e+00  -6.11225760e-01
  -9.90627889e-01  -1.11901684e+00  -6.30243901e-01   2.43147378e-02
  -3.65941859e-01   2.03775999e+00  -1.22508653e+00  -1.37490226e+00
   3.84793866e-01   1.60359243e-01   3.34324933e-01   3.76975418e-01
   2.93127582e-01  -4.15173838e-01  -6.41876391e-01   8.18290871e-01
  -3.78660031e-01   5.84609916e-03   1.37179170e+00  -1.68808390e+00
  -1.24090086e+00   1.57065012e+00  -6.54096738e-01  -3.47215119e-02
   1.26738052e+00  -1.60683110e+00  -1.69733250e+00   3.97178276e-02
  -7.15577610e-02   1.05184442e+00   1.12850293e-01   6.44806159e-01
  -8.07352296e-01  -5.23314389e-01  -9.37347313e-01  -4.39218817e-01
  -8.44684614e-01   3.85878467e-01  -4.80290611e-01   8.89187608e-01
   4.28058660e-01   1.31535861e+00   3.98318002e-01  -4.56572528e-01
   1.01308150e+00   7.64662114e-01  -1.21378002e+00  -1.08083870e+00
   1.65416573e-01  -2.34481316e-01   5.11750388e-01  -8.89657721e-01
  -2.36972145e+00  -2.11334419e-01   3.36800677e-01  -4.33352233e-01
   1.24497093e+00   8.81660982e-01  -3.32022098e-01  -9.90454110e-01
   4.88490458e-01  -1.67281713e+00  -3.13386750e-01   5.66067350e-01
   2.13706474e+00   5.56460126e-03   1.72754811e-01   8.43900884e-01
  -6.36599825e-01   4.87881395e-01   1.65288051e-01   2.02838806e+00
   5.10406722e-02  -1.33990469e+00  -1.41708413e-01  -2.31339778e-01
  -1.69469025e+00   6.22865651e-02   1.40905216e-01   1.07829357e+00
  -3.91431676e-01  -5.97418454e-01  -8.20035345e-01  -1.51206004e+00
  -7.20088000e-01  -5.63661572e-01   1.48844981e+00   9.18573537e-01
  -1.31024585e+00  -4.43638886e-02  -2.47045719e+00  -1.56108584e+00
   1.19483564e+00   3.30823776e-01  -1.17571697e+00   8.35112378e-01
   1.40259538e+00   1.65005725e+00   8.96865198e-01  -1.43118539e-01
  -3.40582427e-01  -3.85731873e-01   4.65158807e-01   2.64492515e-01
   7.89957907e-01  -4.30776601e-01   5.83352564e-01   9.02410896e-01
  -4.36106024e-02  -3.08440767e-01  -9.08750633e-01  -1.86632132e+00
   2.90383687e-01  -1.03572279e+00  -9.96661899e-01  -9.46959024e-01
  -2.56253520e-01   1.22489063e-01  -3.89910399e-01   3.47810325e+00
  -5.96003184e-01  -4.86083092e-02   1.04554431e-01  -6.81841134e-01
   2.05692994e+00  -9.53803984e-01   5.29457947e-01   4.20267492e-01]

*** Componentes principais [T] (somente originais):
[ 0.32393197 -2.85803686  2.35173924 -0.69273657  0.69026765 -2.28099955
  0.09745392] [-0.73262454  1.61496447 -0.87579509  1.63935463 -0.97317278  3.49363894
  0.74187845]

*** Contribuições (autovetores) [P] (idem para todos e originais)

C1 [14.299001223478806, 18.923929327889706, 7.1193995205030669, 15.05779558358287, 1.6020135932920139, 18.824856031323812, 9.200978204377714, 14.97202651555202]
C2 [1.2066186896055922, 2.0340549388601885, 19.864841881893227, 17.350210682351431, 20.322173782136701, 5.0233712739279959, 20.031835503834415, 14.166893247390433]
C3 [27.987678650093102, 14.062437261371604, 14.563089359696527, 10.728781838930255, 1.5417797945805025, 2.2393857836641344, 16.374594761725863, 12.502252549938033]
C4 [1.7343372963671271, 8.8869354403834731, 16.657589267219713, 9.980522196301072, 26.91243980366238, 11.390945533268232, 14.359995891868468, 10.077234570929535]

*** Oposição:
[1.0, 0.89155410121651735, 0.66933263944491006, 0.89781312403419744, 1.342276333073178, 0.53166950072839914]

*** Inovação:
[4.4408920985006262e-16, 0.4444155735175862, 0.88567778593379021, 0.22415105309058078, 0.017892287886832576, 0.38098421309444397]

*** Dialéticas:
[0.93415719174267542, 0.1635249398721059, 0.19134665468282783, 1.3057842580900985, 0.17262177522072328]
dados [[-1.33736678 -0.60065457 -0.01392721 ...,  0.06807053  0.63497801
   1.17105614]
 [-1.64078209  1.48900122  0.21329466 ...,  1.6958115  -1.33172939
   0.63323638]
 [-1.00824306  0.50070942 -0.57452016 ..., -0.47639684  0.63737457
   0.13347648]
 ..., 
 [-1.02665777  1.08466924 -0.14938864 ..., -1.42124108  1.37731456
   1.00377052]
 [-0.06730969  0.77402151 -0.29207157 ...,  0.13874879 -0.52793723
  -0.48729961]
 [-1.66555625  1.59074058  1.18569052 ..., -0.10857069  1.13282682
  -1.55974466]]
main_means [1.5701368386190475, 3.3427187102139229, 2.7808537967008569, 2.1772351179809197, 1.800386444906878, 4.3360979484098756, 1.5410694509015102]
main_stds [0.7633337286913634, 1.0617906282969551, 1.0584294453496164, 0.93285707637525273, 0.86309663725347119, 1.0401812044228773, 0.73724914340232062]
eigenvalues means [ -1.89159343e-01  -6.93578033e-02   2.34985173e-05   3.32461765e-03]
eigenvalues stds [ 0.00670307  0.0043772   0.00344928  0.00307814]
